CollEn	particle	centrality	mass	beta	betaErr	temp	tempErr	n-v_prof	nErr	norm	normErr	dETdEta_data	dETdEta_d_err	dETdEtaLeft	dETdEtaLErr	dETdEtaRight	dETdEtaRErr	dETdEtaTotal	dETdEtaTErr	dETdy_d	dETdy_d_err	dETdyLeft	dETdyLErr	dETdyRight	dETdyRErr	dETdyTotal	dETdyTErr	dNdEta_d	dNdEta_d_err	dNdEtaLeft	dNdEtaLErr	dNdEtaRight	dNdEtaRErr	dNdEtaTotal	dNdEtaTErr	dNdy_d	dNdy_d_err	dNdyLeft	dNdyLErr	dNdyRight	dNdyRErr	dNdyTotal	dNdyTErr	Npart	NpartErr	fitStatus
7.7	ala	0	1.11568	0.662784	0.148954	0.0846891	0.0410226	1.37029	1.15819	117172	855106	0.260272	0.0361024	0.00916609	0.00370325	1.95695e-05	4.9852e-06	0.269458	0.0398106	0.390694	0.0588715	0.0295624	0.0137166	2.07195e-05	5.27344e-06	0.420277	0.0725933	0.094919	0.0134783	0.00396214	0.00161073	4.32789e-06	4.9852e-06	0.0988855	0.015094	0.145618	0.0226085	0.00396214	0.00161073	4.32789e-06	1.09602e-06	0.149584	0.0242204	337	2	1
7.7	ala	1	1.11568	0.566552	0.0328792	0.095217	0.00339286	0.599049	0.382614	18336.3	8641.45	0.225144	0.0331262	0.00668678	0.00167036	9.59025e-06	2.63791e-06	0.23184	0.0347992	0.337907	0.0544949	0.020733	0.00575818	1.0158e-05	2.79139e-06	0.35865	0.0602559	0.0825766	0.012445	0.00288566	0.000724235	2.12679e-06	2.63791e-06	0.0854643	0.0131719	0.126335	0.0210293	0.00288566	0.000724235	2.12679e-06	5.81233e-07	0.129222	0.0217541	290	6	1
7.7	ala	2	1.11568	0.678897	0.00938168	0.0682249	0.000436274	1.63893	0.370236	3.34827e+06	93695.6	0.184948	0.0185809	0.00875907	0.00155012	6.43454e-05	8.25333e-06	0.193771	0.0201393	0.284971	0.0311866	0.0285687	0.00561062	6.99331e-05	8.95485e-06	0.31361	0.0368062	0.0686783	0.0070536	0.00378641	0.000673313	1.61911e-05	8.25333e-06	0.0724809	0.00773517	0.107885	0.0121416	0.00378641	0.000673313	1.61911e-05	2.06141e-06	0.111687	0.012817	226	8	1
7.7	ala	3	1.11568	0.677847	0.0572619	0.0592021	0.0164027	2.58798	1.08323	5.38549e+07	3.13597e+08	0.14172	0.0165604	0.0108567	0.00804266	1.97168e-05	5.70029e-05	0.152596	0.02466	0.230957	0.029063	0.0373398	0.0292392	2.14693e-05	6.19077e-05	0.268318	0.0583641	0.0538265	0.00638662	0.00470404	0.00349297	5.00055e-06	5.70029e-05	0.0585356	0.00993659	0.0894596	0.0114874	0.00470404	0.00349297	5.00055e-06	1.42938e-05	0.0941686	0.0149947	160	10	1
7.7	ala	4	1.11568	0.729174	0.0178732	0.0396687	0.00539033	4.84146	1.79691	1.12051e+12	4.69714e+12	0.0939481	0.0130683	0.0122077	0.253628	4.49246e-06	0.000467632	0.10616	0.267164	0.157064	0.0235706	0.04734	0.93333	4.90313e-06	0.000509129	0.204409	0.957409	0.0360046	0.00508766	0.00531493	0.110213	1.15023e-06	0.000467632	0.0413206	0.115768	0.0613923	0.00939719	0.00531493	0.110213	1.15023e-06	0.000118692	0.0667084	0.119729	110	11	1
7.7	ala	5	1.11568	0.671867	0.0112962	0.0552236	0.00123418	3.77066	1.02214	1.02714e+08	5.19627e+07	0.0465183	0.00662573	0.00518144	0.00116817	3.44414e-06	1.89894e-06	0.0517032	0.00779579	0.0787759	0.0122317	0.0185663	0.00453393	3.75498e-06	2.06571e-06	0.097346	0.0167677	0.0179402	0.0026042	0.00224903	0.000508875	8.7792e-07	1.89894e-06	0.0201901	0.00311497	0.0309553	0.00491435	0.00224903	0.000508875	8.7792e-07	4.79501e-07	0.0332052	0.0054237	59	45	1
7.7	ala	6	1.11568	0.631874	0.0404701	0.0569873	0.00319374	5.79322	3.41321	1.709e+07	2.09815e+07	0.0110105	0.00307122	0.00181206	0.000692666	1.24769e-05	8.02235e-06	0.012835	0.00377191	0.0200406	0.00576599	0.00665959	0.00271924	1.43731e-05	9.20079e-06	0.0267146	0.00849443	0.00436146	0.00122271	0.000787462	0.000301895	3.69882e-06	8.02235e-06	0.00515262	0.00153263	0.00806407	0.00233526	0.000787462	0.000301895	3.69882e-06	2.35352e-06	0.00885523	0.00263951	20	14	1
7.7	la_	0	1.11568	0.37332	0.0153368	0.141011	0.00185727	1.00109	0.250069	27922.9	3452.38	3.50651	0.186879	0.0394921	0.0019213	9.73933e-06	9.20031e-07	3.54601	0.188801	4.95402	0.28773	0.10467	0.00518761	1.00763e-05	9.51432e-07	5.0587	0.292919	8.0141	0.580023	0.477075	0.0243701	3.00827e-06	9.20031e-07	8.49118	0.604394	13.0756	1.08338	0.477075	0.0243701	3.00827e-06	2.81671e-07	13.5527	1.10775	337	2	1
7.7	la_	1	1.11568	0.309355	0.0220095	0.154035	0.00244418	1.08824	0.421549	10271.1	1433.95	2.79668	0.172108	0.0329996	0.00157091	8.08498e-06	9.22625e-07	2.82968	0.173679	3.96114	0.266765	0.0875464	0.00422187	8.36439e-06	9.54019e-07	4.0487	0.270988	6.44591	0.544024	0.399681	0.0196848	2.49549e-06	9.22625e-07	6.84559	0.563709	10.5316	1.01726	0.399681	0.0196848	2.49549e-06	2.8191e-07	10.9313	1.03695	290	6	1
7.7	la_	2	1.11568	0.751961	0.502464	0.01	1.41421	0.01	1.41421	10000	1.41421	1.9708	0.0989232	4.95515e-55	2.18374e-26	1.16211e-74	6.52895e-35	1.9708	0.0989232	2.8086	0.155107	1.0763e-54	4.84324e-26	1.20597e-74	6.77222e-35	2.8086	0.155107	4.64606	0.323882	3.51466e-54	1.63134e-25	3.79895e-75	6.52895e-35	4.64606	0.323882	7.66058	0.612097	3.51466e-54	1.63134e-25	3.79895e-75	2.11649e-35	7.66058	0.612097	226	8	1
7.7	la_	3	1.11568	0.554591	0.130595	0.107167	0.029809	2.84851	1.22644	238467	831481	1.23287	0.07826	0.0187323	0.00378939	2.80464e-05	3.80521e-06	1.25164	0.0820532	1.77529	0.123583	0.0504096	0.0107879	2.93357e-05	3.97601e-06	1.82573	0.134375	3.00961	0.261846	0.235167	0.0549174	1.04191e-05	3.80521e-06	3.24479	0.316767	5.00737	0.498429	0.235167	0.0549174	1.04191e-05	1.39112e-06	5.24255	0.553348	160	10	1
7.7	la_	4	1.11568	0.519827	0.0934355	0.111508	0.020151	2.67149	0.805311	87654.9	191194	0.705029	0.0554894	0.0110365	0.00154151	1.28609e-05	1.53167e-06	0.716079	0.0570325	1.0215	0.0890538	0.029666	0.00432074	1.34538e-05	1.60085e-06	1.05118	0.0933761	1.75635	0.194692	0.138134	0.0214976	4.78647e-06	1.53167e-06	1.89449	0.216191	2.93645	0.375644	0.138134	0.0214976	4.78647e-06	5.62289e-07	3.07459	0.397142	110	11	1
7.7	la_	5	1.11568	0.53445	0.0727435	0.103605	0.0161908	3.56137	0.874179	99580.3	201608	0.27364	0.0219309	0.00540474	0.000764992	2.90333e-06	4.25516e-07	0.279048	0.0226963	0.408358	0.0361747	0.0146199	0.0021669	3.03822e-06	4.44991e-07	0.422981	0.038342	0.754915	0.0832189	0.0687858	0.0109584	1.08626e-06	4.25516e-07	0.823702	0.0941778	1.31446	0.164237	0.0687858	0.0109584	1.08626e-06	1.57602e-07	1.38325	0.175196	59	45	1
7.7	la_	6	1.11568	0.629227	0.0454081	0.0673146	0.0102627	5.69858	2.16835	2.23571e+07	6.64464e+07	0.0544906	0.00574299	0.00185431	0.000563294	6.33062e-07	7.77607e-07	0.0563455	0.00630706	0.0842414	0.00976363	0.00521515	0.00167017	6.71436e-07	8.23451e-07	0.0894572	0.0114346	0.16757	0.0236632	0.0260585	0.00903021	2.83412e-07	7.77607e-07	0.193629	0.0326942	0.300147	0.0476993	0.0260585	0.00903021	2.83412e-07	3.41447e-07	0.326205	0.0567298	20	14	1
11.5	ala	0	1.11568	0.591001	0.012589	0.101979	0.00188267	1.35634	0.278429	41305.7	9700.96	1.04737	0.0895595	0.0432752	0.00504781	1.25642e-05	1.6054e-06	1.09065	0.094609	1.60851	0.153314	0.139073	0.0174732	1.31401e-05	1.67794e-06	1.74759	0.170788	0.385736	0.0341784	0.0186999	0.00218862	2.54601e-06	1.6054e-06	0.404439	0.0363686	0.605824	0.0600476	0.0186999	0.00218862	2.54601e-06	3.2351e-07	0.624527	0.0622366	338	2	1
11.5	ala	1	1.11568	0.671353	0.0648566	0.0813985	0.016515	1.73361	0.778986	720338	2.31943e+06	0.79947	0.0832504	0.0341243	0.0094295	7.03422e-06	1.28584e-06	0.833601	0.0926812	1.22893	0.144094	0.111448	0.0348242	7.3588e-06	1.34355e-06	1.34039	0.178919	0.294276	0.0318792	0.0147555	0.00410019	1.42913e-06	1.28584e-06	0.309033	0.0359807	0.462814	0.0566336	0.0147555	0.00410019	1.42913e-06	2.5841e-07	0.477571	0.0607341	291	6	1
11.5	ala	2	1.11568	0.630902	0.0970784	0.0900828	0.0236019	1.9439	0.998052	152253	577882	0.658113	0.0561904	0.0335534	0.00873113	5.15368e-06	6.60109e-07	0.691671	0.0649222	1.03252	0.0982831	0.11009	0.0325012	5.39152e-06	6.9037e-07	1.14261	0.130785	0.244655	0.0216597	0.0145119	0.00379795	1.04707e-06	6.60109e-07	0.259168	0.0254583	0.392602	0.0388172	0.0145119	0.00379795	1.04707e-06	1.3379e-07	0.407115	0.0426152	226	8	1
11.5	ala	3	1.11568	0.628858	0.0792812	0.087717	0.0191926	2.33594	1.02205	175527	572654	0.466681	0.0499481	0.0280241	0.00716541	2.53e-06	3.70814e-07	0.494708	0.0571138	0.74622	0.0902886	0.0930713	0.0267192	2.64731e-06	3.87845e-07	0.839294	0.117008	0.175056	0.0194734	0.012127	0.00311701	5.14929e-07	3.70814e-07	0.187184	0.0225907	0.286166	0.0360319	0.012127	0.00311701	5.14929e-07	7.51996e-08	0.298293	0.0391489	160	9	1
11.5	ala	4	1.11568	0.751961	0.502464	0.01	1.41421	0.01	1.41421	10000	1.41421	0.320392	0.0445622	7.05007e-54	3.51731e-25	8.21113e-67	6.61623e-31	0.320392	0.0445622	0.524051	0.0829154	1.54157e-53	7.88719e-25	8.62761e-67	6.9468e-31	0.524051	0.0829154	0.121581	0.0175842	2.9738e-54	1.48806e-25	1.72845e-67	6.61623e-31	0.121581	0.0175842	0.203035	0.0334084	2.9738e-54	1.48806e-25	1.72845e-67	1.38506e-31	0.203035	0.0334084	110	10	1
11.5	ala	5	1.11568	0.570631	0.0904262	0.100542	0.0229777	4.24479	1.32916	12799.8	39017.3	0.167823	0.0226886	0.0141892	0.00341045	6.46848e-07	1.9172e-07	0.182013	0.0260992	0.28576	0.0426776	0.0478087	0.0126095	6.7688e-07	2.00491e-07	0.333569	0.0552873	0.064561	0.00899276	0.00614424	0.00148302	1.31704e-07	1.9172e-07	0.0707054	0.010476	0.112257	0.0172553	0.00614424	0.00148302	1.31704e-07	3.88164e-08	0.118401	0.0187383	59	45	1
11.5	ala	6	1.11568	0.573528	0.138567	0.0713515	0.0315088	4.01081	2.64593	739445	5.85419e+06	0.0436351	0.00819406	0.00555552	0.00298859	2.0485e-06	2.10754e-06	0.0491926	0.0111848	0.0773075	0.01587	0.0193967	0.0117533	2.23418e-06	2.29248e-06	0.0967064	0.0276256	0.017135	0.00328961	0.00240912	0.00130279	5.22794e-07	2.10754e-06	0.0195446	0.00459451	0.0308624	0.00647679	0.00240912	0.00130279	5.22794e-07	5.31821e-07	0.033272	0.00778011	20	14	1
11.5	la_	0	1.11568	0.541274	0.117153	0.117528	0.0255151	1.89221	0.814926	169474	420194	3.41581	0.195416	0.0368073	0.00460157	1.70793e-05	1.97879e-06	3.45263	0.20002	4.76512	0.295453	0.0977559	0.0128194	1.76674e-05	2.04595e-06	4.8629	0.308275	7.45689	0.570281	0.447098	0.0632623	5.25908e-06	1.97879e-06	7.90399	0.633545	11.9784	1.03701	0.447098	0.0632623	5.25908e-06	6.03666e-07	12.4255	1.10027	338	2	1
11.5	la_	1	1.11568	0.315972	0.518997	0.18686	0.0352853	7.32349	37.7409	1806.59	2741.53	2.71256	0.193997	0.0274655	0.0032406	2.19021e-05	1.12023e-05	2.74005	0.197249	3.79521	0.294446	0.0727073	0.00877469	2.26463e-05	1.1563e-05	3.86794	0.303233	5.99687	0.574236	0.330709	0.0413947	6.68567e-06	1.12023e-05	6.32759	0.615642	9.71559	1.05248	0.330709	0.0413947	6.68567e-06	3.30191e-06	10.0463	1.09387	291	6	1
11.5	la_	2	1.11568	0.454426	0.012094	0.13851	0.0019424	2.05055	0.331161	18693.4	2598.01	1.9596	0.117611	0.0224696	0.00126939	1.13789e-05	9.30247e-07	1.98208	0.118882	2.75543	0.17996	0.0596811	0.00342745	1.17692e-05	9.61677e-07	2.81512	0.183388	4.40514	0.355934	0.272978	0.0161001	3.49527e-06	9.30247e-07	4.67812	0.372035	7.1525	0.652622	0.272978	0.0161001	3.49527e-06	2.82926e-07	7.42548	0.668722	226	8	1
11.5	la_	3	1.11568	0.558392	0.0753847	0.117507	0.017828	3.0906	0.816023	70597.6	125354	1.19094	0.0896683	0.0160549	0.00234285	6.69125e-06	8.42582e-07	1.207	0.092012	1.68343	0.138782	0.0429116	0.006518	6.92111e-06	8.71045e-07	1.72635	0.145301	2.72383	0.281949	0.198323	0.0320981	2.05729e-06	8.42582e-07	2.92215	0.314048	4.43166	0.525512	0.198323	0.0320981	2.05729e-06	2.56241e-07	4.62998	0.55761	160	9	1
11.5	la_	4	1.11568	0.502956	0.113912	0.127126	0.0275342	3.32516	0.818798	19168.8	45101.6	0.702969	0.0679779	0.0102645	0.00167608	2.96215e-06	6.00983e-07	0.713236	0.0696546	1.01159	0.107683	0.0274064	0.00463855	3.06402e-06	6.21265e-07	1.039	0.112322	1.71898	0.229891	0.126465	0.0226598	9.11384e-07	6.00983e-07	1.84544	0.252552	2.88437	0.439997	0.126465	0.0226598	9.11384e-07	1.82654e-07	3.01083	0.462657	110	10	1
11.5	la_	5	1.11568	0.751961	0.502464	0.01	1.41421	0.01	1.41421	10000	1.41421	0.271107	0.0277014	5.06882e-55	2.21263e-26	1.19092e-74	6.60833e-35	0.271107	0.0277014	0.395033	0.043823	1.10031e-54	4.90428e-26	1.23589e-74	6.85466e-35	0.395033	0.043823	0.691446	0.0927662	3.59001e-54	1.65049e-25	3.89407e-75	6.60833e-35	0.691446	0.0927662	1.17504	0.175313	3.59001e-54	1.65049e-25	3.89407e-75	2.14274e-35	1.17504	0.175313	59	45	1
11.5	la_	6	1.11568	0.518165	0.143884	0.151422	0.00993304	58.4017	120.216	383.232	260.525	0.0614251	0.00817101	0.0011255	0.00013777	1.23539e-06	6.85486e-07	0.0625519	0.00830947	0.0932841	0.0135928	0.00302126	0.000376211	1.29113e-06	7.1547e-07	0.0963066	0.0139697	0.179315	0.0317229	0.0140358	0.00179644	4.53183e-07	6.85486e-07	0.193351	0.03352	0.317988	0.0629038	0.0140358	0.00179644	4.53183e-07	2.46403e-07	0.332025	0.0647005	20	14	1
19.6	ala	0	1.11568	0.43737	0.0106952	0.141377	0.00137051	0.605532	0.107391	2797.16	251.993	2.78132	0.0933275	0.0998462	0.00308712	3.83775e-06	2.51719e-07	2.88117	0.0964149	4.1803	0.147895	0.316181	0.0103568	3.95794e-06	2.59501e-07	4.49649	0.158252	1.0113	0.0343109	0.0431075	0.00133639	6.74963e-07	2.51719e-07	1.05441	0.0356475	1.55595	0.0560254	0.0431075	0.00133639	6.74963e-07	4.40372e-08	1.59906	0.0573618	338	2	1
19.6	ala	1	1.11568	0.474414	0.126577	0.136897	0.023758	0.779462	0.557147	3123.65	5262.22	2.3113	0.0897774	0.0813132	0.00333655	3.07333e-08	4.31011e-09	2.39261	0.0931139	3.46182	0.141682	0.257578	0.0112912	3.13324e-08	4.39342e-09	3.71939	0.152974	0.838949	0.0329332	0.0351074	0.00144497	4.4837e-09	4.31011e-09	0.874057	0.0343782	1.28625	0.0535636	0.0351074	0.00144497	4.4837e-09	6.26488e-10	1.32135	0.0550086	289	6	1
19.6	ala	2	1.11568	0.405034	0.0106875	0.152884	0.00141792	0.976374	0.144471	935.911	76.3651	1.79112	0.055885	0.0729179	0.00176565	3.71748e-07	3.15392e-08	1.86403	0.0576507	2.75865	0.0922473	0.232801	0.00588559	3.81101e-07	3.23247e-08	2.99145	0.098133	0.657128	0.0208188	0.0314911	0.000764072	6.00538e-08	3.15392e-08	0.688619	0.0215829	1.03752	0.0354704	0.0314911	0.000764072	6.00538e-08	5.07327e-09	1.06901	0.0362345	225	9	1
19.6	ala	3	1.11568	0.630205	0.0380841	0.0987721	0.00947478	2.35126	0.387764	85649.8	109719	1.2572	0.0445578	0.0669179	0.00563039	4.15558e-09	3.75329e-10	1.32412	0.0501882	1.96916	0.0741096	0.219373	0.0208889	4.2372e-09	3.8261e-10	2.18853	0.0949985	0.465979	0.0167195	0.0289361	0.00244864	6.0818e-10	3.75329e-10	0.494915	0.0191681	0.74731	0.0286396	0.0289361	0.00244864	6.0818e-10	5.46467e-11	0.776246	0.0310882	158	10	1
19.6	ala	4	1.11568	0.751961	0.502464	0.01	1.41421	0.01	1.41421	10000	1.41421	0.841942	0.0389066	9.14925e-54	4.06135e-25	1.88462e-84	1.22295e-39	0.841942	0.0389066	1.35814	0.0676512	1.98561e-53	9.03811e-25	1.93651e-84	1.25619e-39	1.35814	0.0676512	0.316007	0.0148426	3.85516e-54	1.71649e-25	3.15816e-85	1.22295e-39	0.316007	0.0148426	0.521881	0.0265622	3.85516e-54	1.71649e-25	3.15816e-85	2.03883e-40	0.521881	0.0265622	108	11	1
19.6	ala	5	1.11568	0.583552	0.0354948	0.108732	0.00977208	4.23292	0.400197	11034.3	12242.9	0.413135	0.0192894	0.0314333	0.00235366	2.02592e-08	4.23476e-09	0.444568	0.0216431	0.68169	0.0338113	0.104317	0.00862895	2.07772e-08	4.3425e-09	0.786007	0.0424403	0.156848	0.0074069	0.0135988	0.00102296	3.29413e-09	4.23476e-09	0.170446	0.00842986	0.264594	0.0133342	0.0135988	0.00102296	3.29413e-09	6.8718e-10	0.278193	0.0143571	58	44	1
19.6	ala	6	1.11568	0.557866	0.0727045	0.103026	0.0237552	6.19906	1.20627	6747.29	20254.7	0.108086	0.00715972	0.0106687	0.00201475	8.98559e-09	6.51898e-09	0.118754	0.00917448	0.189089	0.0134048	0.0359968	0.00758059	9.27176e-09	6.72545e-09	0.225085	0.0209854	0.042041	0.00281782	0.00461926	0.000876733	1.59106e-09	6.51898e-09	0.0466603	0.00369456	0.0750028	0.0053994	0.00461926	0.000876733	1.59106e-09	1.15177e-09	0.0796221	0.00627613	20	14	1
19.6	la_	0	1.11568	0.492418	0.130458	0.142232	0.030643	1.85559	0.460487	20436.9	42182.7	3.40038	0.107658	0.0302433	0.00158491	2.87727e-07	5.10089e-08	3.43063	0.109243	4.65541	0.150288	0.0800543	0.00439073	2.93302e-07	5.19901e-08	4.73547	0.154679	6.94126	0.240542	0.364132	0.0214715	6.20519e-08	5.10089e-08	7.30539	0.262013	10.9729	0.40634	0.364132	0.0214715	6.20519e-08	1.09515e-08	11.337	0.427812	338	2	1
19.6	la_	1	1.11568	0.52857	0.0610029	0.132583	0.0139805	1.88979	0.315519	32148.8	34606.2	2.69624	0.0959979	0.0240848	0.00104941	1.88295e-07	2.08164e-08	2.72033	0.0970473	3.69577	0.133809	0.0637843	0.00289731	1.9195e-07	2.12181e-08	3.75955	0.136706	5.53211	0.213614	0.290375	0.0141018	4.06472e-08	2.08164e-08	5.82248	0.227716	8.77246	0.361457	0.290375	0.0141018	4.06472e-08	4.47766e-09	9.06284	0.375559	289	6	1
19.6	la_	2	1.11568	0.535838	0.0423701	0.133824	0.0104175	2.46883	0.224219	23240.5	18451.5	1.98094	0.0552602	0.0196121	0.000738705	1.67254e-07	1.85732e-08	2.00055	0.0559989	2.73101	0.0773994	0.0520587	0.00204724	1.70496e-07	1.89306e-08	2.78306	0.0794466	4.15677	0.125227	0.237923	0.010022	3.60745e-08	1.85732e-08	4.39469	0.135249	6.64968	0.213296	0.237923	0.010022	3.60745e-08	3.98853e-09	6.8876	0.223318	225	9	1
19.6	la_	3	1.11568	0.565023	0.0379602	0.126974	0.0100104	3.04855	0.255195	26788.2	22659.1	1.2158	0.0402289	0.0136083	0.00063554	9.24186e-08	1.37603e-08	1.22941	0.0408645	1.68995	0.0566866	0.036235	0.00177274	9.42115e-08	1.40256e-08	1.72619	0.0584594	2.62983	0.0932999	0.166466	0.00876528	1.99455e-08	1.37603e-08	2.79629	0.102065	4.24838	0.160495	0.166466	0.00876528	1.99455e-08	2.95797e-09	4.41485	0.16926	158	10	1
19.6	la_	4	1.11568	0.627009	0.0319744	0.108953	0.00900995	4.02112	0.443341	102273	105390	0.727033	0.0305256	0.010168	0.000762349	4.13972e-09	6.87324e-10	0.737201	0.0312879	1.02318	0.0439302	0.0271655	0.00214984	4.20777e-09	6.9865e-10	1.05035	0.0460801	1.65192	0.0767392	0.125761	0.0108239	8.092e-10	6.87324e-10	1.77768	0.0875631	2.73406	0.136875	0.125761	0.0108239	8.092e-10	1.34555e-10	2.85983	0.147699	108	11	1
19.6	la_	5	1.11568	0.751961	0.502464	0.01	1.41421	0.01	1.41421	10000	1.41421	0.299485	0.0130868	5.565e-55	2.33568e-26	1.52583e-84	8.72156e-40	0.299485	0.0130868	0.429424	0.0190823	1.20498e-54	5.16385e-26	1.56798e-84	8.95936e-40	0.429424	0.0190823	0.724107	0.0341604	3.91767e-54	1.73175e-25	4.09221e-85	8.72156e-40	0.724107	0.0341604	1.21301	0.060809	3.91767e-54	1.73175e-25	4.09221e-85	2.31993e-40	1.21301	0.060809	58	44	1
19.6	la_	6	1.11568	0.600332	0.0260553	0.103795	0.00790243	7.08214	0.809367	22746.1	22785.2	0.0565097	0.00336747	0.00134042	0.000113119	8.17745e-09	2.00958e-09	0.0578501	0.00348059	0.084159	0.00513673	0.00362161	0.000320418	8.38779e-09	2.06103e-09	0.0877806	0.00545715	0.155179	0.0101947	0.0170615	0.00162414	2.09669e-09	2.00958e-09	0.17224	0.0118189	0.27063	0.019021	0.0170615	0.00162414	2.09669e-09	5.13794e-10	0.287691	0.0206451	20	14	1
27	ala	0	1.11568	0.334959	0.030903	0.156887	0.00370842	-9.64015e-05	0.166428	1551.57	290.155	4.24403	0.158834	0.137435	0.005349	7.42701e-08	5.9273e-09	4.38146	0.164183	6.31248	0.251636	0.434759	0.0179617	7.5717e-08	6.04209e-09	6.74724	0.269598	1.53148	0.058281	0.0593361	0.00231576	1.08321e-08	5.9273e-09	1.59082	0.0605968	2.33396	0.0952242	0.0593361	0.00231576	1.08321e-08	8.62316e-10	2.3933	0.0975399	343	2	1
27	ala	1	1.11568	0.653786	0.0995473	0.102789	0.0256856	1.80804	0.900393	117373	378280	3.55004	0.142715	0.136064	0.0299469	5.90674e-08	5.27385e-09	3.68611	0.172662	5.30235	0.2252	0.439286	0.110017	6.02188e-08	5.37899e-09	5.74164	0.335217	1.28364	0.0523286	0.0587979	0.0130192	8.61727e-09	5.27385e-09	1.34244	0.0653479	1.96464	0.0851165	0.0587979	0.0130192	8.61727e-09	7.77124e-10	2.02344	0.0981357	299	6	1
27	ala	2	1.11568	0.751961	0.502464	0.01	1.41421	0.01	1.41421	10000	1.41421	2.73957	0.0851204	8.11448e-54	3.80105e-25	0	9.73561e-45	2.73957	0.0851204	4.16538	0.137645	1.76713e-53	8.48851e-25	0	9.93749e-45	4.16538	0.137645	0.99841	0.0314925	3.42083e-54	1.60723e-25	0	9.73561e-45	0.99841	0.0314925	1.55646	0.0525306	3.42083e-54	1.60723e-25	0	1.45756e-45	1.55646	0.0525306	234	9	1
27	ala	3	1.11568	0.597638	0.0558	0.11807	0.0143944	2.52464	0.419281	15008	20893.9	1.95935	0.0725677	0.0971311	0.0081381	5.20327e-07	7.10172e-08	2.05648	0.0807059	3.05617	0.120763	0.315458	0.0293795	5.33404e-07	7.27849e-08	3.37163	0.150143	0.722407	0.0270976	0.0419804	0.00353476	8.4018e-08	7.10172e-08	0.764388	0.0306324	1.1556	0.0465616	0.0419804	0.00353476	8.4018e-08	1.14213e-08	1.19758	0.0500964	166	11	1
27	ala	4	1.11568	0.751961	0.502464	0.01	1.41421	0.01	1.41421	10000	1.41421	1.27615	0.0555715	9.1644e-54	4.06507e-25	1.43715e-84	1.07003e-39	1.27615	0.0555715	2.00292	0.0918035	1.98881e-53	9.04593e-25	1.47659e-84	1.09902e-39	2.00292	0.0918035	0.4729	0.0207227	3.86151e-54	1.71805e-25	2.40517e-85	1.07003e-39	0.4729	0.0207227	0.760361	0.0353215	3.86151e-54	1.71805e-25	2.40517e-85	1.78156e-40	0.760361	0.0353215	114	11	1
27	ala	5	1.11568	0.595833	0.0370913	0.111834	0.0100022	4.05294	0.439094	11546.5	12528.6	0.656972	0.0313535	0.0446953	0.00372293	6.53137e-08	1.05821e-08	0.701667	0.0350764	1.07857	0.0552434	0.147709	0.0135372	6.69731e-08	1.08491e-08	1.22628	0.0687806	0.248119	0.0120294	0.0193326	0.0016175	1.05927e-08	1.05821e-08	0.267451	0.0136469	0.417155	0.0217961	0.0193326	0.0016175	1.05927e-08	1.71129e-09	0.436487	0.0234136	61	47	1
27	ala	6	1.11568	0.579129	0.0278666	0.111012	0.00846274	7.61544	0.887419	4259.46	4042.38	0.174476	0.0113366	0.0162595	0.00150603	5.46446e-08	1.10342e-08	0.190736	0.0128426	0.29903	0.0207329	0.0545364	0.00546442	5.63681e-08	1.13784e-08	0.353567	0.0261973	0.0673188	0.00443444	0.00703804	0.000654264	9.63769e-09	1.10342e-08	0.0743568	0.00508872	0.117766	0.00830069	0.00703804	0.000654264	9.63769e-09	1.93737e-09	0.124804	0.00895496	21	14	1
27	la_	0	1.11568	0.569587	0.0440169	0.12745	0.0105084	1.9841	0.294237	55141.3	48462.4	3.3032	0.109098	0.0277743	0.00133405	5.09097e-08	5.04866e-09	3.33097	0.110432	4.49149	0.151819	0.0732959	0.00368382	5.17377e-08	5.13055e-09	4.56478	0.155503	6.58846	0.242313	0.332234	0.0179529	9.88829e-09	5.04866e-09	6.9207	0.260266	10.4061	0.413156	0.332234	0.0179529	9.88829e-09	9.78985e-10	10.7383	0.431109	343	2	1
27	la_	1	1.11568	0.57364	0.0491847	0.126386	0.0120491	2.08252	0.316141	49353.2	50350.7	2.6632	0.0940561	0.0229629	0.0011708	3.95294e-08	5.13806e-09	2.68616	0.0952269	3.62072	0.129942	0.0606357	0.00324418	4.01728e-08	5.22147e-09	3.68135	0.133186	5.30452	0.203151	0.275146	0.0158966	7.6812e-09	5.13806e-09	5.57967	0.219047	8.35825	0.342642	0.275146	0.0158966	7.6812e-09	9.96847e-10	8.6334	0.358538	299	6	1
27	la_	2	1.11568	0.597406	0.0343416	0.121489	0.00896911	2.49404	0.251625	58940.1	48384.5	1.94418	0.0535053	0.0184694	0.000817367	2.94257e-08	3.60064e-09	1.96265	0.0543227	2.65446	0.0741578	0.048898	0.00228134	2.99052e-08	3.65919e-09	2.70336	0.0764391	3.93429	0.116691	0.222887	0.0113035	5.72154e-09	3.60064e-09	4.15718	0.127995	6.22537	0.196517	0.222887	0.0113035	5.72154e-09	6.99248e-10	6.44826	0.20782	234	9	1
27	la_	3	1.11568	0.751961	0.502464	0.01	1.41421	0.01	1.41421	10000	1.41421	1.2552	0.0406674	5.77754e-55	2.38698e-26	0	9.74671e-49	1.2552	0.0406674	1.7264	0.0568345	1.24973e-54	5.27187e-26	0	9.91577e-49	1.7264	0.0568345	2.61336	0.0915427	4.05744e-54	1.76548e-25	0	9.74671e-49	2.61336	0.0915427	4.18025	0.156046	4.05744e-54	1.76548e-25	0	1.96817e-49	4.18025	0.156046	166	11	1
27	la_	4	1.11568	0.620814	0.0281979	0.116351	0.00814074	3.80523	0.343775	44579.7	36555.5	0.750089	0.0299592	0.00923957	0.000550311	1.03089e-08	1.7857e-09	0.759329	0.0305095	1.04185	0.0422643	0.0246023	0.00153882	1.04775e-08	1.81483e-09	1.06645	0.0438032	1.62303	0.0700709	0.11326	0.00764993	2.00863e-09	1.7857e-09	1.73629	0.0777208	2.63879	0.121826	0.11326	0.00764993	2.00863e-09	3.47415e-10	2.75205	0.129476	114	11	1
27	la_	5	1.11568	0.576557	0.0220959	0.130109	0.00659742	5.30648	0.380897	6378.44	3476.12	0.311293	0.0127751	0.00435717	0.000207423	3.44921e-08	4.82244e-09	0.315651	0.0129826	0.44072	0.0184054	0.0116399	0.00057466	3.51593e-08	4.91495e-09	0.45236	0.01898	0.720107	0.0320255	0.0537758	0.00281283	7.43043e-09	4.82244e-09	0.773883	0.0348383	1.1906	0.0563886	0.0537758	0.00281283	7.43043e-09	1.03358e-09	1.24438	0.0592014	61	47	1
27	la_	6	1.11568	0.652084	0.0174277	0.0947093	0.00481862	7.38419	0.788426	82338.1	60397.9	0.062634	0.00352543	0.00148456	0.000110584	1.01896e-07	9.63122e-09	0.0641186	0.00363603	0.0922712	0.00533302	0.00404138	0.000315559	1.05111e-07	9.93311e-09	0.0963126	0.00564859	0.166354	0.0104202	0.0192575	0.00161679	2.96855e-08	9.63122e-09	0.185611	0.012037	0.288401	0.019388	0.0192575	0.00161679	2.96855e-08	2.79392e-09	0.307658	0.0210048	21	14	1
39	ala	0	1.11568	0.429532	0.199019	0.163647	0.0481133	1.06994	0.61321	1628.42	3999.32	6.08988	0.307807	0.217416	0.0122112	4.03952e-06	5.60845e-07	6.3073	0.320019	9.03665	0.521831	0.691288	0.0405462	4.13843e-06	5.74411e-07	9.72794	0.562377	2.19142	0.116555	0.0938788	0.00528341	6.45454e-07	5.60845e-07	2.2853	0.121839	3.33408	0.203267	0.0938788	0.00528341	6.45454e-07	8.91533e-08	3.42796	0.20855	342	2	1
39	ala	1	1.11568	0.751961	0.502464	0.01	1.41421	0.01	1.41421	10000	1.41421	5.27907	0.306661	8.95009e-54	4.01232e-25	1.57485e-85	5.48997e-40	5.27907	0.306661	8.0165	0.536855	1.94362e-53	8.93472e-25	1.61736e-85	5.63625e-40	8.0165	0.536855	1.92155	0.117474	3.77158e-54	1.69591e-25	2.61852e-86	5.48997e-40	1.92155	0.117474	2.99264	0.211436	3.77158e-54	1.69591e-25	2.61852e-86	9.08146e-41	2.99264	0.211436	294	6	1
39	ala	2	1.11568	0.395155	0.0316574	0.204324	0.00778169	8.52699	5.89035	203.559	59.0523	3.99319	0.174595	0.156749	0.00559278	4.68345e-06	9.95808e-07	4.14994	0.180189	6.06049	0.300338	0.499735	0.0184119	4.79675e-06	1.01919e-06	6.56023	0.318751	1.45281	0.0665051	0.0676909	0.00241885	7.44418e-07	9.95808e-07	1.5205	0.0689249	2.26157	0.117622	0.0676909	0.00241885	7.44418e-07	1.56279e-07	2.32926	0.120041	230	9	1
39	ala	3	1.11568	0.751961	0.502464	0.01	1.41421	0.01	1.41421	10000	1.41421	2.81919	0.147662	9.15992e-54	4.06397e-25	4.80683e-85	6.59012e-40	2.81919	0.147662	4.35797	0.258164	1.98786e-53	9.04362e-25	4.93716e-85	6.76651e-40	4.35797	0.258164	1.03533	0.0566858	3.85963e-54	1.71759e-25	8.00655e-86	6.59012e-40	1.03533	0.0566858	1.64119	0.101756	3.85963e-54	1.71759e-25	8.00655e-86	1.09206e-40	1.64119	0.101756	162	10	1
39	ala	4	1.11568	0.475361	0.0352835	0.170613	0.0157968	5.12869	1.89436	412.197	328.945	1.82605	0.121098	0.0862161	0.0063087	1.60679e-06	4.00595e-07	1.91227	0.127407	2.85581	0.217043	0.277268	0.0212446	1.64613e-06	4.10205e-07	3.13308	0.238288	0.674124	0.0468999	0.0372462	0.00273132	2.56659e-07	4.00595e-07	0.71137	0.0496316	1.08117	0.0862403	0.0372462	0.00273132	2.56659e-07	6.34404e-08	1.11842	0.0889716	111	11	1
39	ala	5	1.11568	0.534419	0.11987	0.141536	0.0448759	5.0261	2.05726	1218.45	3860.42	0.905529	0.0629035	0.0526438	0.0124769	3.9251e-06	1.95067e-06	0.958176	0.0753824	1.47609	0.114897	0.171969	0.0437905	4.05819e-06	2.01504e-06	1.64806	0.15869	0.340624	0.0245977	0.0227615	0.00541267	7.11176e-07	1.95067e-06	0.363387	0.0300123	0.568983	0.0459852	0.0227615	0.00541267	7.11176e-07	3.49542e-07	0.591745	0.0513983	60	46	1
39	ala	6	1.11568	0.596941	0.0426423	0.115475	0.0157863	7.13818	1.29864	3343.84	5491.87	0.232755	0.0237742	0.0192476	0.003052	3.44672e-06	8.80036e-07	0.252006	0.0268271	0.389876	0.0442849	0.0645384	0.0110265	3.60322e-06	9.18912e-07	0.454418	0.0553123	0.0889247	0.00938029	0.00833299	0.00132582	6.95738e-07	8.80036e-07	0.0972584	0.010707	0.152212	0.0178453	0.00833299	0.00132582	6.95738e-07	1.75743e-07	0.160546	0.0191712	20	14	1
39	la_	0	1.11568	0.497225	0.0692399	0.220754	0.0037866	50.6399	44.5278	472.518	63.5618	3.20726	0.116023	0.0219892	0.000662795	2.18845e-05	5.45827e-06	3.22927	0.116691	4.30216	0.167835	0.0577824	0.00176097	2.24001e-05	5.58125e-06	4.35997	0.169602	6.06243	0.295051	0.259892	0.00806493	5.31034e-06	5.45827e-06	6.32233	0.303121	9.39656	0.522337	0.259892	0.00806493	5.31034e-06	1.28812e-06	9.65646	0.530403	342	2	1
39	la_	1	1.11568	0.402657	0.0194588	0.198525	0.0151952	5.35274	3.87952	863.094	507.836	2.63001	0.106492	0.0196652	0.00104681	1.23199e-05	2.62761e-06	2.64968	0.107541	3.55117	0.15554	0.0517548	0.00280926	1.26172e-05	2.68901e-06	3.60294	0.158352	5.10781	0.279596	0.233405	0.013078	3.03453e-06	2.62761e-06	5.34122	0.292676	8.00765	0.498983	0.233405	0.013078	3.03453e-06	6.3437e-07	8.24106	0.512062	294	6	1
39	la_	2	1.11568	0.453278	0.0294104	0.180347	0.0111957	3.75103	0.800801	1345.61	683.303	1.90785	0.0623916	0.015128	0.000609372	8.98919e-06	1.02226e-06	1.92299	0.063002	2.57849	0.0912253	0.0398827	0.00164038	9.2067e-06	1.04641e-06	2.61838	0.0928667	3.71408	0.164465	0.180369	0.00767451	2.21833e-06	1.02226e-06	3.89445	0.172141	5.81157	0.294111	0.180369	0.00767451	2.21833e-06	2.48512e-07	5.99194	0.301786	230	9	1
39	la_	3	1.11568	0.485669	0.0217262	0.180131	0.0113187	5.67355	1.54195	940.734	493.583	1.24819	0.046677	0.0106543	0.000561791	7.42851e-06	1.14131e-06	1.25885	0.04724	1.69932	0.0691264	0.028112	0.00151431	7.60775e-06	1.16813e-06	1.72744	0.0706419	2.50077	0.12828	0.127319	0.00709971	1.82985e-06	1.14131e-06	2.62809	0.13538	3.95308	0.231915	0.127319	0.00709971	1.82985e-06	2.76475e-07	4.0804	0.239015	162	10	1
39	la_	4	1.11568	0.544676	0.0690102	0.155409	0.0241098	4.39419	0.658945	2105.72	3043.17	0.756068	0.035963	0.00724925	0.00086075	3.377e-06	8.18289e-07	0.763321	0.0368245	1.03395	0.053227	0.0191825	0.00234976	3.45912e-06	8.37763e-07	1.05314	0.0555776	1.53987	0.098392	0.0873084	0.0112407	8.35976e-07	8.18289e-07	1.62718	0.109634	2.44284	0.176821	0.0873084	0.0112407	8.35976e-07	1.99822e-07	2.53015	0.188062	111	11	1
39	la_	5	1.11568	0.751961	0.502464	0.01	1.41421	0.01	1.41421	10000	1.41421	0.310983	0.015769	5.56522e-55	2.33573e-26	4.47564e-85	4.68394e-40	0.310983	0.015769	0.434934	0.024249	1.20502e-54	5.16396e-26	4.59736e-85	4.80967e-40	0.434934	0.024249	0.691386	0.0490845	3.91782e-54	1.73179e-25	1.18869e-85	4.68394e-40	0.691386	0.0490845	1.13861	0.0927945	3.91782e-54	1.73179e-25	1.18869e-85	1.23388e-40	1.13861	0.0927945	60	46	1
39	la_	6	1.11568	0.605947	0.0451266	0.122162	0.016225	7.13525	1.08625	3217.72	4965.96	0.069657	0.00564365	0.00117079	0.000185994	9.42164e-07	2.56462e-07	0.0708288	0.0058299	0.100807	0.00895549	0.00314557	0.000518485	9.74123e-07	2.64977e-07	0.103954	0.00947424	0.174666	0.0193152	0.0146624	0.00256074	2.87287e-07	2.56462e-07	0.189329	0.0218762	0.298718	0.0375056	0.0146624	0.00256074	2.87287e-07	7.71156e-08	0.31338	0.0400665	20	14	1
