Exotic Particle Analysis
******************************************************
JobID: 20200425	No. Events: 1000	SNN: 19.6

Simulation Parameters:
Version: Pythia8 Angantyr
Type of Cut: pseudorapidity (n)
Cut: 0.1
Calorimeter (r=regular, c=calorimeter): r
Counting method: d

Event	Particle	ET	pT
0	22	0.663449	0.663449	91
5	-11	0.0398598	0.0398565	91
6	22	0.213559	0.213559	91
6	22	0.0497806	0.0497806	91
7	11	0.0988339	0.0988326	91
7	-11	0.0551331	0.0551307	91
9	22	0.163344	0.163344	91
9	-11	0.0044851	0.00445593	91
11	22	0.0975862	0.0975862	91
12	22	0.156872	0.156872	91
12	22	0.185212	0.185212	91
15	11	0.216143	0.216142	91
15	-11	0.0152032	0.0151947	91
15	22	0.325887	0.325887	91
17	-11	0.044125	0.044122	91
19	11	0.0197343	0.0197277	91
20	11	0.0406453	0.0406421	91
20	-11	0.373032	0.373032	91
23	22	0.230851	0.230851	91
26	22	0.237151	0.237151	91
27	11	0.0339491	0.0339453	91
31	22	0.109874	0.109874	91
33	22	0.203134	0.203134	91
33	-11	0.0366602	0.0366566	91
33	22	0.0573925	0.0573925	91
34	22	0.55538	0.55538	91
39	11	0.149354	0.149353	91
41	22	0.655498	0.655498	91
43	22	0.0830622	0.0830622	91
47	-11	0.0233513	0.0233457	91
47	22	0.161976	0.161976	91
56	-11	0.0802042	0.0802026	91
59	22	0.0198232	0.0198232	91
59	22	0.0311342	0.0311342	91
60	11	0.0599186	0.0599164	91
63	22	0.249359	0.249359	91
63	11	0.0485288	0.0485262	91
63	22	0.05076	0.05076	91
68	22	0.165255	0.165255	91
68	11	0.086825	0.0868235	91
68	-11	0.102717	0.102715	91
70	22	0.446562	0.446562	91
73	22	0.551589	0.551589	91
75	22	0.218749	0.218749	91
88	-11	0.0871255	0.087124	91
91	11	0.0429957	0.0429927	91
98	22	0.0889757	0.0889757	91
98	11	0.047459	0.0474563	91
110	22	0.0159829	0.0159829	91
110	-11	0.187304	0.187303	91
112	11	0.314433	0.314432	91
112	-11	0.135842	0.135841	91
117	22	0.324246	0.324246	91
122	22	0.602796	0.602796	91
122	22	0.450043	0.450043	91
122	11	0.0125482	0.0125378	91
122	-11	0.502665	0.502665	91
123	22	0.2978	0.2978	91
124	22	0.0842866	0.0842866	91
125	-11	0.0515868	0.0515843	91
125	-11	0.00129909	0.0011944	91
127	22	0.151855	0.151855	91
129	22	0.0604991	0.0604991	91
129	22	0.477496	0.477496	91
129	22	0.0984786	0.0984786	91
131	22	0.669796	0.669796	91
131	22	0.0511911	0.0511911	91
133	-11	0.00111369	0.000990405	91
136	22	0.0242304	0.0242304	91
138	22	0.105032	0.105032	91
139	11	0.077117	0.0771153	91
139	-11	0.158438	0.158437	91
140	11	0.0970869	0.0970856	91
141	-11	0.317416	0.317416	91
142	-11	0.163547	0.163546	91
143	22	0.245926	0.245926	91
143	22	0.215934	0.215934	91
143	22	0.178555	0.178555	91
143	22	0.311214	0.311214	91
143	11	0.0363538	0.0363502	91
147	11	0.0127804	0.0127702	91
162	11	0.138063	0.138062	91
163	22	0.784594	0.784594	-43
163	22	0.827179	0.827179	-44
163	22	0.371698	0.371698	-43
165	-11	0.123	0.122999	91
165	22	0.180986	0.180986	91
168	22	0.150114	0.150114	91
179	22	0.194729	0.194729	91
179	22	0.103437	0.103437	91
181	22	0.161013	0.161013	91
182	22	0.018182	0.018182	91
185	22	0.180278	0.180278	91
185	22	0.101995	0.101995	91
185	22	0.0298931	0.0298931	91
188	11	0.0175422	0.0175348	91
188	-11	0.051577	0.0515744	91
192	22	0.0703595	0.0703595	91
192	22	0.0251997	0.0251997	91
195	22	0.0241568	0.0241568	91
197	22	0.0968149	0.0968149	91
197	22	0.0957745	0.0957745	91
197	22	0.349763	0.349763	91
202	-11	0.221113	0.221113	91
202	11	0.0981749	0.0981735	91
202	-11	0.110226	0.110225	91
202	22	1.70741	1.70741	91
203	11	0.0526014	0.0525989	91
203	-11	0.0652127	0.0652107	91
204	22	0.529301	0.529301	91
204	-11	0.064435	0.064433	91
205	22	0.243927	0.243927	91
205	22	0.178259	0.178259	91
207	22	0.118783	0.118783	91
207	22	0.283863	0.283863	91
208	-11	0.322221	0.32222	91
208	22	0.0452855	0.0452855	91
215	22	0.100777	0.100777	91
219	22	0.651473	0.651473	91
220	22	0.289339	0.289339	91
220	-11	0.447128	0.447128	91
220	11	0.0628447	0.0628426	91
223	22	0.00673058	0.00673058	91
225	11	0.0109702	0.0109584	91
225	11	0.00566298	0.0056399	91
226	22	0.0669703	0.0669703	91
229	-11	0.00526158	0.0052369	91
229	22	0.0634149	0.0634149	91
231	22	0.120692	0.120692	91
231	-11	0.0444715	0.0444686	91
236	-11	0.0711213	0.0711195	91
237	22	0.399369	0.399369	91
238	22	0.272297	0.272297	91
240	22	0.156969	0.156969	91
242	-11	0.0808081	0.0808065	91
243	11	0.117924	0.117923	91
243	-11	0.030633	0.0306288	91
244	-11	0.0262303	0.0262253	91
244	22	0.209276	0.209276	91
244	-11	0.108424	0.108422	91
244	11	0.0401344	0.0401311	91
244	-11	0.491065	0.491065	91
246	22	0.599514	0.599514	91
248	-11	0.572213	0.572213	91
250	11	0.082251	0.0822494	91
250	-11	0.110755	0.110754	91
250	22	0.705897	0.705897	91
250	22	0.26351	0.26351	91
256	22	0.467226	0.467226	91
256	-11	0.0433525	0.0433495	91
257	22	0.0590635	0.0590635	91
260	-11	0.152894	0.152893	91
260	-11	0.0189089	0.018902	91
269	22	0.234918	0.234918	91
272	11	0.00149654	0.00140685	91
273	22	0.274493	0.274493	91
273	11	0.0629255	0.0629235	91
273	-11	0.0851919	0.0851904	91
275	11	0.122389	0.122388	91
275	22	0.0265049	0.0265049	91
279	11	0.0153361	0.0153276	91
285	11	0.305095	0.305095	91
285	11	0.19162	0.191619	91
287	-11	0.0400951	0.0400918	91
288	22	0.0133612	0.0133612	91
293	22	0.0662891	0.0662891	91
295	22	0.301218	0.301218	91
295	11	0.0174077	0.0174002	91
300	22	0.162755	0.162755	91
300	22	0.0972214	0.0972214	91
301	11	0.389187	0.389187	91
303	11	0.106218	0.106217	91
309	22	0.50045	0.50045	91
312	22	0.240306	0.240306	91
313	-11	0.0833654	0.0833638	91
313	11	0.0550716	0.0550692	91
313	11	0.0857022	0.0857007	91
313	-11	0.0939784	0.0939771	91
316	22	0.163572	0.163572	91
316	22	0.104726	0.104726	91
318	22	0.00635966	0.00635966	91
320	22	0.0792617	0.0792617	91
320	22	0.0447138	0.0447138	91
326	-11	0.921318	0.921318	91
328	22	0.490737	0.490737	91
330	22	0.113201	0.113201	91
335	22	0.464736	0.464736	91
339	11	0.0037908	0.00375627	91
339	-11	0.0351214	0.0351177	91
339	22	0.104929	0.104929	91
340	22	0.0476323	0.0476323	91
342	11	0.551289	0.551288	91
342	11	0.360206	0.360206	91
342	-11	0.0497131	0.0497105	91
342	-11	0.198284	0.198284	91
342	22	0.0291732	0.0291732	91
345	11	0.0828358	0.0828342	91
345	-11	0.141246	0.141245	91
345	22	0.151833	0.151833	91
345	11	0.0775753	0.0775736	91
345	-11	0.0341404	0.0341366	91
345	22	0.0366398	0.0366398	91
346	22	0.188355	0.188355	91
349	-11	0.0134726	0.0134629	91
349	22	0.0281462	0.0281462	91
351	22	0.253248	0.253248	91
359	11	0.0199753	0.0199688	91
363	-11	0.0379657	0.0379622	91
366	22	0.2679	0.2679	91
367	22	0.161998	0.161998	91
371	11	0.170157	0.170156	91
371	-11	0.045322	0.0453192	91
371	-11	0.232225	0.232224	91
374	11	0.0146496	0.0146407	91
375	11	0.384344	0.384344	91
377	-11	0.113791	0.11379	91
380	22	0.221019	0.221019	91
380	11	0.221772	0.221771	91
381	22	0.76858	0.76858	91
385	11	0.0609055	0.0609034	91
385	-11	0.0141894	0.0141802	91
387	-11	0.0564463	0.056444	91
388	11	0.236131	0.236131	91
389	11	0.0432812	0.0432782	91
389	-11	0.0252452	0.0252401	91
391	-11	0.00190284	0.00183294	91
398	22	0.203598	0.203598	91
404	22	0.0761989	0.0761989	91
405	22	0.303946	0.303946	91
405	-11	0.0191458	0.019139	91
405	-11	0.0384376	0.0384342	91
406	-11	0.0901807	0.0901793	91
406	11	0.0841798	0.0841782	91
410	11	0.33829	0.33829	91
410	22	0.0497431	0.0497431	91
410	11	0.0905083	0.0905069	91
410	-11	0.2865	0.286499	91
415	11	0.0133847	0.0133749	91
415	-11	0.0650686	0.0650666	91
416	22	0.271325	0.271325	91
418	11	0.103203	0.103202	91
419	22	0.255732	0.255732	91
420	-11	0.0785488	0.0785471	91
420	22	0.0672497	0.0672497	91
430	11	0.0099816	0.00996851	91
432	22	0.124324	0.124324	91
432	22	0.362775	0.362775	91
433	22	0.161327	0.161327	91
433	22	0.397051	0.397051	91
434	-11	0.154296	0.154296	91
434	22	0.111924	0.111924	91
436	11	0.784283	0.784283	91
436	-11	0.0389694	0.038966	91
446	11	0.0421083	0.0421053	91
449	11	0.0864556	0.0864541	91
450	22	0.339691	0.339691	91
453	22	0.162047	0.162047	91
454	22	0.634616	0.634616	91
456	22	0.305272	0.305272	91
459	11	0.0420264	0.0420233	91
459	-11	0.0365616	0.0365581	91
461	22	0.121373	0.121373	91
461	11	0.0651768	0.0651748	91
461	22	0.0312953	0.0312953	91
462	22	0.0584378	0.0584378	91
463	22	0.299716	0.299716	91
467	22	0.100391	0.100391	91
470	22	0.213195	0.213195	91
472	11	0.537922	0.537922	91
472	22	0.0625899	0.0625899	91
472	11	0.00194962	0.00188199	91
474	22	0.223804	0.223804	91
477	22	0.171094	0.171094	91
484	22	0.179959	0.179959	91
485	22	0.15525	0.15525	91
485	11	0.0813024	0.0813008	91
485	11	0.0264426	0.0264377	91
495	11	0.131087	0.131086	91
496	-11	0.181289	0.181288	91
496	22	0.415964	0.415964	91
496	22	0.0206557	0.0206557	91
497	11	0.0192939	0.0192872	91
499	22	0.307636	0.307636	91
499	22	0.116663	0.116663	91
499	-11	0.0324876	0.0324836	91
502	22	0.502138	0.502138	91
508	11	0.450188	0.450188	91
508	-11	0.201174	0.201173	91
508	-11	0.0622427	0.0622406	91
508	22	0.124875	0.124875	91
512	22	0.0448074	0.0448074	91
512	22	0.200642	0.200642	91
515	22	0.0658435	0.0658435	91
519	22	0.697055	0.697055	91
519	11	0.041971	0.0419679	91
522	22	0.468707	0.468707	91
522	22	0.196949	0.196949	91
526	22	0.410493	0.410493	91
526	22	0.0371184	0.0371184	91
526	22	0.152538	0.152538	91
527	11	0.053815	0.0538126	91
527	-11	0.0235359	0.0235304	91
527	22	0.424606	0.424606	91
530	22	0.120595	0.120595	91
532	22	0.543184	0.543184	91
532	22	0.272222	0.272222	91
535	22	0.482819	0.482819	91
536	22	0.400871	0.400871	91
537	-11	0.00804444	0.0080282	91
540	11	0.51087	0.510869	91
540	-11	0.0888814	0.0888799	91
540	11	0.658638	0.658638	91
540	-11	0.00241892	0.00236459	91
542	11	0.0442342	0.0442313	91
542	-11	0.304817	0.304816	91
542	11	0.143389	0.143388	91
548	22	0.036746	0.036746	91
549	-11	0.0104151	0.0104026	91
551	22	0.0476229	0.0476229	91
554	11	0.0979097	0.0979083	91
554	-11	0.0426828	0.0426798	91
555	22	0.376403	0.376403	91
555	-11	0.119287	0.119286	91
563	11	0.00487136	0.00484471	91
563	22	0.110702	0.110702	91
563	22	0.291491	0.291491	91
565	22	0.264336	0.264336	91
565	22	0.0756906	0.0756906	91
567	11	0.0434795	0.0434765	91
567	22	0.210936	0.210936	91
567	22	0.184151	0.184151	91
570	22	0.142161	0.142161	91
571	22	0.218239	0.218239	91
572	22	0.0314799	0.0314799	91
572	22	0.0968778	0.0968778	91
574	22	0.123985	0.123985	91
577	22	0.416198	0.416198	91
579	22	0.252977	0.252977	91
579	-11	0.000845148	0.000673519	91
581	22	0.328934	0.328934	91
581	22	0.145752	0.145752	91
593	-11	0.0756681	0.0756664	91
593	-11	0.018263	0.0182559	91
594	-11	0.185972	0.185971	91
595	22	0.0471474	0.0471474	91
595	22	0.482359	0.482359	91
595	22	0.0768237	0.0768237	91
595	22	0.0912531	0.0912531	91
597	11	0.0809847	0.080983	91
597	-11	0.00613357	0.00611231	91
597	11	0.0242569	0.0242515	91
598	11	0.174028	0.174027	91
598	-11	0.342279	0.342278	91
601	11	0.13753	0.137529	91
602	11	0.184987	0.184986	91
602	-11	0.0533278	0.0533253	91
604	22	0.324284	0.324284	91
607	22	0.210545	0.210545	91
607	22	0.186944	0.186944	91
613	22	0.247423	0.247423	91
613	11	0.0234643	0.0234587	91
615	11	0.0370669	0.0370634	91
615	-11	0.0603102	0.060308	91
615	11	0.00948583	0.00947216	91
618	11	0.0741015	0.0740997	91
618	-11	0.0545385	0.0545361	91
623	11	0.362962	0.362962	91
624	22	0.72633	0.72633	-43
624	22	0.159923	0.159923	91
628	22	0.451548	0.451548	91
628	-11	0.620192	0.620192	91
628	11	0.00952215	0.00950846	91
629	22	0.157718	0.157718	91
638	22	0.132404	0.132404	91
639	22	0.0690063	0.0690063	91
641	22	0.368241	0.368241	91
648	22	0.854833	0.854833	91
648	22	0.416432	0.416432	91
648	-11	0.0174578	0.0174503	91
649	22	0.171764	0.171764	91
650	11	0.339581	0.339581	91
650	-11	0.503759	0.503759	91
651	11	0.692204	0.692203	91
651	22	0.113793	0.113793	91
654	-11	0.138383	0.138382	91
654	22	0.232792	0.232792	91
654	11	0.0175666	0.0175592	91
658	22	0.4269	0.4269	91
659	22	0.304303	0.304303	91
660	22	0.114159	0.114159	91
663	22	0.083554	0.083554	91
665	-11	0.0628854	0.0628834	91
665	22	0.715304	0.715304	91
665	11	0.0411899	0.0411868	91
665	-11	0.0412025	0.0411993	91
669	-11	0.0911784	0.091177	91
671	22	0.161019	0.161019	91
679	-11	0.0314743	0.0314701	91
680	22	0.285305	0.285305	91
680	22	0.0993431	0.0993431	91
680	11	0.0191411	0.0191343	91
681	-11	0.0297469	0.0297425	91
682	22	0.0552396	0.0552396	91
682	-11	0.0495829	0.0495803	91
683	22	0.0767076	0.0767076	91
689	22	1.00673	1.00673	91
690	-11	0.0805089	0.0805072	91
690	11	0.030286	0.0302817	91
690	-11	0.247716	0.247715	91
690	11	0.0571523	0.05715	91
690	-11	0.0173887	0.0173812	91
691	22	0.12576	0.12576	91
692	22	0.490823	0.490823	91
693	11	0.0841982	0.0841966	91
693	-11	0.0766319	0.0766302	91
694	11	0.476564	0.476563	91
694	-11	0.403722	0.403722	91
695	22	0.0664856	0.0664856	91
696	22	0.0517669	0.0517669	91
699	22	0.763069	0.763069	91
710	22	0.0700317	0.0700317	91
714	22	0.28492	0.28492	91
719	11	0.178019	0.178019	91
723	22	0.851097	0.851097	91
723	22	0.0559536	0.0559536	91
724	-11	0.0359155	0.0359118	91
728	22	0.0466469	0.0466469	91
729	22	0.219885	0.219885	91
731	22	0.0880751	0.0880751	91
736	22	0.169982	0.169982	91
737	22	0.55964	0.55964	91
737	11	0.0181562	0.0181491	91
738	22	0.0802633	0.0802633	91
744	22	0.234353	0.234353	91
746	22	0.408717	0.408717	62
749	22	0.160982	0.160982	91
752	22	0.433701	0.433701	91
753	11	0.0696951	0.0696932	91
753	-11	0.170402	0.170401	91
755	11	0.0552348	0.0552325	91
756	11	0.0644344	0.0644324	91
756	-11	0.207101	0.207101	91
756	11	0.0657408	0.0657388	91
756	-11	0.109891	0.10989	91
756	11	0.0661154	0.0661134	91
756	-11	0.0222701	0.0222642	91
757	22	0.110612	0.110612	91
759	11	0.0622564	0.0622543	91
763	-11	0.0930623	0.0930609	91
775	-11	0.044607	0.044604	91
776	22	0.220336	0.220336	91
777	22	0.541511	0.541511	91
784	22	0.0671371	0.0671371	91
784	22	0.0366221	0.0366221	91
785	22	0.0707999	0.0707999	91
785	22	0.127637	0.127637	91
786	11	0.0807752	0.0807736	91
786	-11	0.3219	0.321899	91
787	11	0.117799	0.117798	91
787	-11	0.076778	0.0767763	91
791	22	0.903661	0.903661	91
791	22	0.113395	0.113395	91
792	22	0.0336586	0.0336586	91
797	22	1.01142	1.01142	91
797	11	0.0588192	0.058817	91
797	-11	0.0784924	0.0784908	91
799	22	0.789307	0.789307	91
804	22	0.0899939	0.0899939	91
811	22	0.429478	0.429478	91
811	11	0.0388659	0.0388626	91
811	-11	0.0140188	0.0140095	91
815	11	0.139438	0.139437	91
815	-11	0.031477	0.0314729	91
818	22	0.376597	0.376597	91
819	22	0.180554	0.180554	91
819	-11	0.0486732	0.0486705	91
820	22	0.0343802	0.0343802	91
822	22	0.0164502	0.0164502	91
822	11	0.228813	0.228813	91
822	-11	0.0280115	0.0280069	91
827	11	0.0204683	0.0204619	91
834	22	0.260109	0.260109	91
835	22	0.650889	0.650889	91
835	22	0.254467	0.254467	91
836	11	0.0411314	0.0411283	91
836	-11	0.234694	0.234694	91
842	22	0.341776	0.341776	91
845	22	0.165769	0.165769	91
846	11	0.164552	0.164552	91
846	-11	0.0318238	0.0318197	91
848	22	0.165477	0.165477	91
850	-11	0.0166154	0.0166076	91
853	22	0.333517	0.333517	91
853	11	0.199413	0.199412	91
853	22	0.0453129	0.0453129	91
856	-11	0.152468	0.152467	91
856	22	0.105629	0.105629	91
856	-11	0.0219122	0.0219063	91
861	11	0.14516	0.145159	91
861	-11	0.13202	0.132019	91
861	22	0.0304584	0.0304584	91
863	11	0.0115367	0.0115255	91
864	11	0.0666515	0.0666495	91
869	22	0.617274	0.617274	91
870	-11	0.0316876	0.0316834	91
870	22	0.192828	0.192828	91
870	22	0.436893	0.436893	91
870	11	0.0160855	0.0160774	91
873	11	0.0602585	0.0602563	91
876	-11	0.0170254	0.0170178	91
877	22	0.0154853	0.0154853	91
881	22	0.286027	0.286027	91
881	11	0.0110525	0.0110407	91
884	22	0.0850016	0.0850016	91
885	22	0.627876	0.627876	91
885	11	0.0886329	0.0886314	91
885	-11	0.00315083	0.00310945	91
885	11	0.0143069	0.0142978	91
885	-11	0.0929981	0.0929967	91
885	11	0.0771516	0.0771499	91
885	-11	0.0199423	0.0199358	91
886	22	0.0774962	0.0774962	91
888	22	0.139449	0.139449	91
889	11	0.114422	0.114421	91
889	-11	0.0158886	0.0158804	91
898	22	0.223534	0.223534	91
898	-11	0.00317907	0.00313782	91
900	22	0.271247	0.271247	91
900	-11	0.0495024	0.0494998	91
901	22	0.0564286	0.0564286	91
903	22	0.119405	0.119405	91
905	-11	0.0149676	0.0149589	91
906	-11	0.0705129	0.0705111	91
911	11	0.0503759	0.0503734	91
912	22	0.233325	0.233325	91
913	22	0.236683	0.236683	91
916	22	0.382646	0.382646	91
916	22	0.386454	0.386454	91
916	22	0.119482	0.119482	91
916	22	0.4534	0.4534	91
917	22	0.243528	0.243528	91
917	11	0.0109685	0.0109566	91
917	-11	0.0139518	0.0139425	91
919	22	0.605356	0.605356	91
923	22	0.158432	0.158432	91
931	22	0.163457	0.163457	91
931	22	0.0812597	0.0812597	91
934	11	0.291735	0.291735	91
942	22	0.204785	0.204785	91
945	11	0.204658	0.204657	91
945	-11	0.0244413	0.0244359	91
946	22	0.748649	0.748649	91
947	-11	0.0268965	0.0268916	91
950	-11	0.0879728	0.0879713	91
954	22	0.374338	0.374338	91
959	-11	0.0150553	0.0150467	91
967	22	0.86766	0.86766	91
968	22	0.0510123	0.0510123	91
972	22	0.0994664	0.0994664	91
972	22	0.413899	0.413899	91
972	11	0.292299	0.292298	91
973	22	0.0185375	0.0185375	91
974	-11	0.296741	0.296741	91
974	-11	0.291838	0.291838	91
988	22	0.06243	0.06243	91
988	22	0.0284033	0.0284033	91
988	22	0.820196	0.820196	91
988	22	1.04662	1.04662	91
991	22	0.445455	0.445455	91
991	11	0.434146	0.434145	91
991	11	0.126891	0.12689	91
992	11	0.414584	0.414583	91
992	22	0.0730137	0.0730137	91
993	22	0.245933	0.245933	91
993	11	0.06705	0.0670481	91
993	-11	0.0216035	0.0215975	91
995	22	0.0189568	0.0189568	91
998	22	0.0549413	0.0549413	91
998	22	0.0933254	0.0933254	91
998	22	0.193591	0.193591	91
999	22	0.0729166	0.0729166	91
999	22	0.0493312	0.0493312	91
999	22	0.0179991	0.0179991	91
