Exotic Particle Analysis
******************************************************
JobID: 20200430	No. Events: 10000	SNN: 11.5

Simulation Parameters:
Version: Pythia8 Angantyr
Type of Cut: pseudorapidity (n)
Cut: 0.1
Calorimeter (r=regular, c=calorimeter): r
Counting method: d

Event	Particle	ET	pT
0	11	0.0824125	0.0824109	91
0	-11	0.0160106	0.0160024	91
2	11	0.0189013	0.0188944	91
17	11	0.0479104	0.0479077	91
17	-11	0.127758	0.127757	91
28	-11	0.0748268	0.074825	91
32	-11	0.0530279	0.0530255	91
34	11	0.00574272	0.00572012	91
50	22	0.0947018	0.0947018	91
59	-11	0.0334277	0.0334238	91
68	11	0.00526473	0.00524009	91
68	-11	0.160434	0.160433	91
74	22	0.268418	0.268418	91
77	11	0.166001	0.166	91
77	-11	0.0373768	0.0373733	91
81	-11	0.0324013	0.0323973	91
84	-11	0.149994	0.149993	91
84	11	0.0879809	0.0879795	91
96	11	0.208393	0.208392	91
96	-11	0.276953	0.276953	91
96	22	0.116335	0.116335	91
98	-11	0.0261179	0.026113	91
113	22	0.271983	0.271983	91
115	22	0.175478	0.175478	91
117	-11	0.0646973	0.0646953	91
122	22	0.0484958	0.0484958	91
123	22	0.174709	0.174709	91
129	-11	0.145975	0.145974	91
131	11	0.106094	0.106093	91
131	-11	0.0260097	0.0260047	91
133	22	0.36559	0.36559	91
156	-11	0.115778	0.115777	91
158	22	0.0638714	0.0638714	91
158	11	0.169014	0.169013	91
158	-11	0.0128995	0.0128895	91
160	11	0.047931	0.0479283	91
160	-11	0.23811	0.238109	91
162	-11	0.200477	0.200477	91
162	11	0.19083	0.190829	91
162	-11	0.296605	0.296604	91
163	11	0.106184	0.106183	91
163	-11	0.138344	0.138343	91
166	-11	0.0120143	0.0120034	91
166	-11	0.0429103	0.0429073	91
167	11	0.0408549	0.0408517	91
169	22	0.0546903	0.0546903	91
177	22	0.20641	0.20641	91
179	22	0.231421	0.231421	91
179	-11	0.00338395	0.00334516	91
179	11	0.24755	0.24755	91
179	-11	0.193292	0.193291	91
180	11	0.25275	0.25275	91
180	-11	0.0633642	0.0633622	91
183	11	0.0450152	0.0450124	91
186	11	0.0516802	0.0516777	91
187	11	0.270105	0.270105	91
187	-11	0.751641	0.751641	91
187	11	0.16163	0.161629	91
187	-11	0.0235882	0.0235827	91
187	11	0.108737	0.108736	91
187	-11	0.150123	0.150122	91
187	11	0.0192994	0.0192926	91
187	-11	0.0320511	0.032047	91
190	22	0.289235	0.289235	91
192	11	0.121536	0.121535	91
202	-11	0.521116	0.521116	91
202	-11	0.0295568	0.0295523	91
203	22	0.00939789	0.00939789	91
206	22	0.207755	0.207755	91
213	22	0.230517	0.230517	91
213	22	0.126379	0.126379	91
214	11	0.0343715	0.0343677	91
214	-11	0.219571	0.21957	91
214	11	0.0163732	0.0163653	91
215	11	0.394411	0.39441	91
215	-11	0.0637323	0.0637303	91
216	22	0.598394	0.598394	91
224	22	0.0766222	0.0766222	91
224	-11	0.0969141	0.0969127	91
227	-11	0.00293265	0.00288796	91
243	11	0.0777112	0.0777095	91
243	-11	0.267271	0.267271	91
248	11	0.583692	0.583692	91
248	-11	0.351699	0.351699	91
260	11	0.0864676	0.0864661	91
260	-11	0.07334	0.0733383	91
273	22	0.12799	0.12799	91
273	22	0.174522	0.174522	91
275	22	0.0732563	0.0732563	91
275	11	0.0180561	0.0180488	91
276	22	0.0829778	0.0829778	91
280	11	0.0109533	0.0109414	91
285	22	0.149641	0.149641	91
286	11	0.0587852	0.058783	91
295	11	0.05949	0.0594878	91
296	11	0.175506	0.175505	91
296	-11	0.0823251	0.0823235	91
300	22	0.193634	0.193634	91
300	22	0.0802495	0.0802495	91
316	11	0.0293028	0.0292983	91
322	-11	0.0334148	0.0334109	91
326	-11	0.0209248	0.0209186	91
332	11	0.163555	0.163554	91
332	-11	0.00961892	0.00960538	91
338	22	0.116213	0.116213	91
339	22	0.0345183	0.0345183	91
342	22	0.487431	0.487431	91
347	11	0.0166793	0.0166715	91
355	11	0.0692728	0.0692709	91
356	22	1.38621	1.38621	91
356	11	0.00869966	0.00868467	91
356	11	0.0451349	0.0451321	91
356	11	0.0119982	0.0119874	91
361	11	0.444831	0.444831	91
361	-11	0.039335	0.0393317	91
383	-11	0.0779268	0.0779251	91
383	-11	0.0137549	0.0137454	91
390	22	0.0759712	0.0759712	91
402	22	0.115883	0.115883	91
407	22	0.126882	0.126882	91
413	22	0.275255	0.275255	91
413	11	0.274079	0.274079	91
413	-11	0.0208644	0.0208581	91
416	22	0.347515	0.347515	91
416	22	0.107014	0.107014	91
416	11	0.0694819	0.06948	91
422	11	0.0662042	0.0662022	91
422	-11	0.0903309	0.0903295	91
423	22	0.158849	0.158849	91
428	-11	0.0228498	0.0228441	91
431	11	0.125255	0.125254	91
431	-11	0.0332258	0.0332219	91
440	11	0.0622098	0.0622077	91
440	-11	0.764251	0.764251	91
441	11	0.0442468	0.0442438	91
445	22	0.130312	0.130312	91
447	22	0.0403713	0.0403713	91
447	22	0.151315	0.151315	91
447	11	0.0444096	0.0444066	91
447	-11	0.123555	0.123554	91
452	22	0.505287	0.505287	-43
463	-11	0.0375886	0.0375851	91
464	11	0.29822	0.29822	91
464	-11	0.263076	0.263075	91
467	11	0.0369256	0.0369221	91
467	-11	0.0636873	0.0636853	91
492	-11	0.0179801	0.0179729	91
496	22	0.342393	0.342393	91
496	11	0.0589512	0.058949	91
499	22	0.0633529	0.0633529	91
501	11	0.0938766	0.0938752	91
509	-11	0.0745725	0.0745708	91
515	11	0.127463	0.127462	91
520	11	0.0308542	0.03085	91
539	11	0.00237242	0.00231718	91
542	22	0.0627324	0.0627324	91
548	11	0.212073	0.212073	91
548	-11	0.0848972	0.0848956	91
552	22	0.106942	0.106942	91
552	11	0.00651566	0.00649561	91
553	11	0.0462326	0.0462297	91
565	22	0.364384	0.364384	91
574	11	0.0775045	0.0775028	91
574	-11	0.0695658	0.0695639	91
579	22	0.124414	0.124414	91
579	-11	0.212962	0.212962	91
588	22	0.341325	0.341325	-43
593	-11	0.040439	0.0404358	91
599	11	0.0337074	0.0337035	91
603	-11	0.0264795	0.0264746	91
603	11	0.0201494	0.020143	91
603	-11	0.0439776	0.0439746	91
603	-11	0.156514	0.156513	91
616	22	0.259036	0.259036	91
621	11	0.213911	0.21391	91
622	11	0.0508393	0.0508367	91
622	-11	0.0445725	0.0445696	91
622	11	0.25638	0.25638	91
622	-11	0.171748	0.171747	91
623	11	0.040745	0.0407419	91
623	11	0.00698947	0.00697076	91
625	11	0.00122288	0.00111131	91
625	-11	0.0327795	0.0327755	91
627	22	0.24394	0.24394	91
628	11	1.32462	1.32462	91
628	-11	0.243677	0.243676	91
628	22	0.465652	0.465652	91
628	-11	0.0226771	0.0226714	91
640	11	0.0332432	0.0332393	91
641	-11	0.0327494	0.0327455	91
645	11	0.13713	0.137129	91
645	-11	0.0436183	0.0436153	91
659	-11	0.00893785	0.00892326	91
659	11	0.104307	0.104306	91
663	11	0.0629213	0.0629193	91
665	11	0.199003	0.199003	91
665	-11	0.0202985	0.0202921	91
666	11	0.0506713	0.0506688	91
676	-11	0.0129882	0.0129781	91
688	-11	0.0759423	0.0759406	91
701	22	0.0716423	0.0716423	91
702	22	0.441316	0.441316	91
703	11	0.0450959	0.045093	91
704	11	0.0290072	0.0290028	91
706	-11	0.100955	0.100954	91
725	22	0.430052	0.430052	-43
731	22	0.304214	0.304214	91
734	22	0.338428	0.338428	91
737	11	0.0740396	0.0740378	91
737	-11	0.00959576	0.00958217	91
741	22	0.230788	0.230788	91
741	-11	0.0596735	0.0596713	91
741	22	0.0918038	0.0918038	91
750	11	0.0178015	0.0177941	91
756	11	0.0222225	0.0222167	91
756	-11	0.113968	0.113967	91
756	-11	0.023585	0.0235795	91
761	11	0.0263794	0.0263745	91
761	-11	0.181397	0.181396	91
766	22	0.215735	0.215735	91
768	22	0.0903634	0.0903634	91
769	11	0.228674	0.228673	91
769	-11	0.227653	0.227652	91
774	22	0.318631	0.318631	91
774	22	0.176648	0.176648	91
785	-11	0.0411111	0.0411079	91
790	-11	0.0943639	0.0943625	91
790	22	0.167357	0.167357	91
791	11	0.0429515	0.0429485	91
791	-11	0.00201689	0.00195148	91
791	11	0.0734513	0.0734496	91
793	-11	0.736932	0.736932	91
798	11	0.0800174	0.0800158	91
798	-11	0.0665242	0.0665222	91
807	11	0.008308	0.00829236	91
812	22	0.100409	0.100409	91
813	11	0.0333034	0.0332995	91
813	11	0.16705	0.16705	91
813	-11	0.0556662	0.0556638	91
814	22	0.107955	0.107955	91
815	-11	0.0199084	0.0199019	91
817	11	0.271983	0.271983	91
824	22	0.180387	0.180387	91
826	11	0.0950085	0.0950071	91
826	-11	0.0563077	0.0563054	91
829	11	0.402149	0.402149	91
829	-11	0.269852	0.269851	91
834	11	0.0360759	0.0360723	91
840	11	0.037824	0.0378206	91
842	11	0.0337464	0.0337426	91
842	-11	0.124586	0.124585	91
842	11	0.0749808	0.074979	91
842	-11	0.341471	0.341471	91
846	11	0.00177481	0.00170024	91
854	-11	0.0131547	0.0131447	91
875	11	0.0089648	0.00895024	91
875	11	0.173857	0.173856	91
876	11	0.0957737	0.0957724	91
876	-11	0.436171	0.436171	91
882	-11	0.0167457	0.0167379	91
886	22	0.0646264	0.0646264	91
896	22	0.0999229	0.0999229	91
901	-11	0.0702268	0.070225	91
904	11	0.0358593	0.0358556	91
908	11	0.204249	0.204248	91
908	-11	0.0335501	0.0335462	91
920	11	0.0529011	0.0528986	91
920	-11	0.420215	0.420215	91
920	-11	0.0301281	0.0301238	91
930	11	0.123445	0.123444	91
930	-11	0.0753464	0.0753447	91
933	-11	0.04268	0.0426769	91
944	11	0.0225274	0.0225216	91
945	11	0.255719	0.255719	91
947	11	0.030497	0.0304927	91
947	-11	0.0344239	0.0344202	91
957	11	0.0236561	0.0236506	91
957	-11	0.0912635	0.0912621	91
959	-11	0.0298969	0.0298925	91
970	11	0.0322509	0.0322469	91
973	11	0.39497	0.39497	91
973	-11	0.238162	0.238162	91
974	11	0.339543	0.339542	91
979	22	0.124759	0.124759	91
993	-11	0.00487424	0.00484759	91
999	22	0.0592353	0.0592353	91
1008	-11	0.09317	0.0931686	91
1010	-11	0.218592	0.218592	91
1013	22	0.0716161	0.0716161	91
1021	-11	0.182401	0.1824	91
1022	11	0.0309972	0.0309931	91
1024	22	0.283525	0.283525	91
1037	11	0.17235	0.172349	91
1037	-11	0.0270426	0.0270378	91
1038	-11	0.573708	0.573708	91
1043	11	0.0263007	0.0262958	91
1043	-11	0.112894	0.112892	91
1045	22	0.164259	0.164259	91
1048	11	0.0414804	0.0414773	91
1064	11	0.0658509	0.0658489	91
1072	22	0.0586139	0.0586139	91
1072	-11	0.0570514	0.0570491	91
1073	11	0.0448251	0.0448222	91
1083	11	0.196455	0.196454	91
1094	11	0.0284362	0.0284317	91
1095	-11	0.0201115	0.020105	91
1098	22	0.876625	0.876625	91
1098	22	0.0610771	0.0610771	91
1111	11	0.213519	0.213518	91
1111	-11	0.0820825	0.0820809	91
1111	11	0.476659	0.476659	91
1111	-11	0.0936621	0.0936607	91
1112	-11	0.323998	0.323998	91
1117	11	0.525427	0.525427	91
1119	-11	0.166622	0.166622	91
1120	22	0.126034	0.126034	91
1128	11	0.162884	0.162884	91
1132	11	0.380604	0.380604	91
1139	-11	0.203134	0.203134	91
1141	22	0.0600953	0.0600953	91
1143	11	0.12506	0.125059	91
1143	-11	0.160334	0.160333	91
1144	11	0.0104864	0.010474	91
1144	-11	0.0937327	0.0937313	91
1147	22	0.12846	0.12846	91
1147	11	0.321999	0.321999	91
1147	-11	0.0518672	0.0518647	91
1147	11	0.0640545	0.0640525	91
1147	-11	0.0833659	0.0833643	91
1162	11	0.534639	0.534639	91
1162	-11	0.176654	0.176653	91
1162	11	0.00292791	0.002883	91
1162	-11	0.0171691	0.0171615	91
1168	-11	0.00751115	0.00749387	91
1178	22	0.115384	0.115384	91
1184	11	0.227395	0.227395	91
1184	-11	0.119661	0.11966	91
1184	11	0.0227076	0.0227018	91
1184	-11	0.132595	0.132594	91
1206	22	0.0390925	0.0390925	91
1206	22	0.117438	0.117438	91
1206	11	0.61106	0.611059	91
1211	11	0.034364	0.0343602	91
1211	-11	0.103537	0.103536	91
1213	22	0.0741907	0.0741907	91
1213	22	0.328631	0.328631	91
1213	11	0.175827	0.175826	91
1213	-11	0.0555727	0.0555703	91
1226	11	0.131545	0.131544	91
1226	-11	0.185889	0.185888	91
1229	11	0.0529678	0.0529653	91
1229	-11	0.218637	0.218637	91
1231	11	0.00958858	0.00957498	91
1238	11	0.0923914	0.0923899	91
1238	-11	0.00694213	0.0069234	91
1247	11	0.12876	0.128759	91
1247	-11	0.429264	0.429263	91
1247	11	0.0156726	0.0156642	91
1248	22	0.937262	0.937262	91
1250	-11	0.344363	0.344363	91
1254	11	0.018832	0.0188251	91
1254	-11	0.0267231	0.0267182	91
1254	11	0.00153135	0.00144413	91
1258	11	0.141721	0.14172	91
1260	22	0.148029	0.148029	91
1261	11	0.0455876	0.0455847	91
1261	-11	0.00984014	0.00982689	91
1264	11	0.344719	0.344719	91
1284	22	0.393818	0.393818	91
1287	-11	0.0244508	0.0244455	91
1293	22	0.164606	0.164606	91
1312	22	0.0525093	0.0525093	91
1318	-11	0.0118312	0.0118201	91
1325	22	0.0548235	0.0548235	91
1325	-11	0.0118725	0.0118615	91
1329	11	0.0243328	0.0243274	91
1329	-11	0.0611774	0.0611753	91
1329	11	0.00502123	0.00499533	91
1336	22	0.195317	0.195317	91
1336	11	0.0450791	0.0450762	91
1351	22	0.0544482	0.0544482	91
1352	22	0.0679392	0.0679392	91
1361	22	0.211574	0.211574	91
1361	11	0.0467877	0.0467849	91
1362	11	0.11229	0.112289	91
1364	-11	0.0888603	0.0888588	91
1368	11	0.271448	0.271448	91
1370	11	0.0309425	0.0309383	91
1370	-11	0.0434726	0.0434696	91
1378	22	0.0863913	0.0863913	91
1386	11	0.184459	0.184459	91
1386	-11	0.374726	0.374726	91
1388	11	0.0170074	0.0169997	91
1388	-11	0.0242662	0.0242608	91
1411	-11	0.550745	0.550745	91
1412	22	0.223256	0.223256	91
1412	11	0.209116	0.209116	91
1412	-11	0.133236	0.133235	91
1415	11	0.0797393	0.0797377	91
1426	-11	0.00973635	0.00972298	91
1426	11	0.10389	0.103889	91
1426	-11	0.215035	0.215035	91
1428	11	0.105901	0.1059	91
1428	-11	0.24059	0.24059	91
1430	11	0.158286	0.158285	91
1435	-11	0.0678032	0.0678013	91
1443	11	0.00495428	0.00492804	91
1443	-11	0.0676303	0.0676283	91
1444	22	0.16607	0.16607	91
1444	22	0.227712	0.227712	91
1444	22	0.173039	0.173039	91
1464	22	0.0788795	0.0788795	91
1471	22	0.0706811	0.0706811	91
1488	22	0.633323	0.633323	91
1502	22	0.0667516	0.0667516	91
1502	11	0.0291406	0.0291361	91
1510	-11	0.0479982	0.0479955	91
1514	11	0.0389407	0.0389373	91
1517	22	0.223426	0.223426	91
1523	22	0.144677	0.144677	91
1524	22	0.0635635	0.0635635	91
1524	11	0.00453623	0.00450742	91
1525	11	0.00367824	0.0036426	91
1528	22	0.275392	0.275392	91
1530	22	0.0587405	0.0587405	91
1530	11	0.00111199	0.000988319	91
1534	11	0.0719515	0.0719497	91
1544	11	0.152699	0.152698	91
1544	-11	0.0191392	0.0191324	91
1548	22	0.612296	0.612296	91
1548	22	0.210209	0.210209	91
1548	11	0.114217	0.114216	91
1548	11	0.0127426	0.0127323	91
1552	-11	0.150596	0.150595	91
1558	11	0.198347	0.198346	91
1561	11	0.109899	0.109898	91
1561	-11	0.00927369	0.00925967	91
1585	22	0.121701	0.121701	91
1585	11	0.00582123	0.00579878	91
1586	-11	0.0126039	0.0125935	91
1589	-11	0.13137	0.131369	91
1600	22	0.131207	0.131207	91
1607	11	0.166972	0.166971	91
1619	-11	0.0747064	0.0747047	91
1625	11	0.0145208	0.0145118	91
1629	22	0.1687	0.1687	91
1629	22	0.144729	0.144729	91
1631	11	0.113014	0.113013	91
1631	-11	0.0909985	0.0909971	91
1631	11	0.307285	0.307284	91
1633	11	0.389194	0.389194	91
1633	-11	0.090371	0.0903696	91
1636	-11	0.0183657	0.0183586	91
1648	11	0.0149583	0.0149496	91
1651	22	0.196157	0.196157	91
1657	22	0.269796	0.269796	91
1664	11	0.0278368	0.0278321	91
1664	-11	0.590444	0.590444	91
1669	22	0.0742589	0.0742589	91
1669	11	0.0338261	0.0338222	91
1669	-11	0.00247553	0.00242223	91
1675	22	0.155502	0.155502	91
1675	11	0.250691	0.25069	91
1675	-11	0.183112	0.183111	91
1675	11	0.0235655	0.02356	91
1677	-11	0.00231116	0.00225398	91
1687	11	0.0685405	0.0685386	91
1687	22	0.182166	0.182166	91
1687	22	0.276317	0.276317	91
1687	11	0.0157503	0.0157421	91
1687	-11	0.117135	0.117134	91
1707	11	0.0209023	0.0208961	91
1712	11	0.0672574	0.0672555	91
1718	11	0.354909	0.354908	91
1718	-11	0.142246	0.142245	91
1723	11	0.161331	0.161331	91
1726	11	0.137561	0.13756	91
1726	11	0.00657497	0.00655508	91
1726	-11	0.143415	0.143415	91
1727	11	0.0229917	0.022986	91
1730	-11	0.0146886	0.0146797	91
1733	11	0.00785006	0.0078335	91
1733	-11	0.0509047	0.0509021	91
1734	22	0.622119	0.622119	91
1737	11	0.16736	0.167359	91
1737	-11	0.0443708	0.0443679	91
1739	11	0.259545	0.259544	91
1739	-11	0.123903	0.123902	91
1741	11	0.0190715	0.0190647	91
1742	22	0.451733	0.451733	91
1743	-11	0.0492021	0.0491994	91
1756	11	0.0320059	0.0320019	91
1762	11	0.196637	0.196636	91
1762	11	0.0511689	0.0511664	91
1762	11	0.102527	0.102526	91
1765	11	0.065391	0.065389	91
1765	-11	0.202063	0.202062	91
1771	22	0.162546	0.162546	91
1771	11	0.202094	0.202093	91
1771	22	0.102302	0.102302	91
1771	-11	0.00363426	0.00359822	91
1775	11	0.0382947	0.0382913	91
1777	11	0.0274287	0.0274239	91
1777	-11	0.0504193	0.0504167	91
1784	22	0.104867	0.104867	91
1789	11	0.0067316	0.00671224	91
1817	22	0.123696	0.123696	91
1831	22	0.122182	0.122182	91
1831	11	0.00229198	0.0022344	91
1834	22	0.066955	0.066955	91
1837	22	0.369952	0.369952	91
1837	11	0.029393	0.0293885	91
1838	11	0.0700314	0.0700296	91
1838	-11	0.137801	0.1378	91
1845	22	0.242433	0.242433	91
1845	11	0.0663611	0.0663591	91
1846	22	0.248324	0.248324	91
1863	11	0.711956	0.711956	91
1863	-11	0.110806	0.110805	91
1870	11	0.0428142	0.0428112	91
1870	-11	0.251738	0.251738	91
1871	11	0.05319	0.0531875	91
1877	11	0.0363797	0.0363761	91
1880	11	0.00930826	0.00929434	91
1880	-11	0.00352039	0.00348328	91
1890	-11	0.111343	0.111342	91
1891	22	0.192012	0.192012	91
1894	11	0.468001	0.468001	91
1894	-11	0.0154564	0.015448	91
1905	11	0.116916	0.116915	91
1905	-11	0.561649	0.561649	91
1911	22	0.17243	0.17243	91
1930	11	0.0223471	0.0223413	91
1931	22	0.045183	0.045183	91
1935	22	0.0527449	0.0527449	91
1936	22	0.300934	0.300934	91
1936	-11	0.0751646	0.0751629	91
1938	22	0.899678	0.899678	91
1938	11	0.0478219	0.0478191	91
1941	-11	0.0336849	0.033681	91
1947	11	0.469649	0.469649	91
1947	-11	0.0858271	0.0858256	91
1947	11	0.0580364	0.0580341	91
1951	22	0.0907622	0.0907622	91
1955	11	0.115013	0.115012	91
1958	11	0.211223	0.211222	91
1958	-11	0.0868672	0.0868657	91
1960	11	0.0110536	0.0110419	91
1973	-11	0.0531546	0.0531522	91
1973	-11	0.147849	0.147848	91
1977	-11	0.0142856	0.0142765	91
1978	11	0.00633594	0.00631538	91
1982	11	0.219034	0.219033	91
1982	-11	0.0355971	0.0355934	91
1986	22	0.355457	0.355457	91
1988	11	0.0430794	0.0430763	91
1988	-11	0.01523	0.0152215	91
1993	22	0.104754	0.104754	91
1995	11	0.190013	0.190012	91
1995	-11	0.0854737	0.0854722	91
1995	11	0.0107327	0.0107205	91
1995	-11	0.0137858	0.0137764	91
2000	22	0.0205897	0.0205897	91
2002	22	0.397797	0.397797	91
2005	-11	0.347694	0.347693	91
2009	22	0.0685705	0.0685705	91
2011	22	0.232197	0.232197	91
2015	11	0.0464209	0.0464181	91
2015	-11	0.0674381	0.0674362	91
2022	22	0.0582278	0.0582278	91
2028	11	0.0772593	0.0772576	91
2028	-11	0.0688605	0.0688586	91
2030	11	0.00959434	0.00958081	91
2030	-11	0.0633443	0.0633422	91
2033	-11	0.196732	0.196731	91
2051	11	0.198918	0.198918	91
2059	22	0.107181	0.107181	91
2059	-11	0.0521297	0.0521272	91
2069	11	0.0344861	0.0344823	91
2071	22	0.440306	0.440306	91
2080	11	0.00795994	0.00794354	91
2080	-11	0.10224	0.102239	91
2080	-11	0.050187	0.0501844	91
2081	-11	0.00583478	0.00581236	91
2085	22	0.974894	0.974894	91
2087	-11	0.0180479	0.0180407	91
2092	-11	0.0228479	0.0228422	91
2092	11	0.0540912	0.0540888	91
2092	-11	0.052782	0.0527795	91
2110	-11	0.0623451	0.062343	91
2115	11	0.170634	0.170633	91
2117	11	0.0634988	0.0634967	91
2117	-11	0.765523	0.765522	91
2128	11	0.0157692	0.015761	91
2129	-11	0.0273451	0.0273403	91
2129	-11	0.175277	0.175277	91
2143	11	0.0396025	0.0395992	91
2143	-11	0.184366	0.184365	91
2143	22	0.095234	0.095234	91
2145	11	0.0507913	0.0507888	91
2145	-11	0.066894	0.066892	91
2146	-11	0.572355	0.572354	91
2147	11	0.15446	0.154459	91
2147	-11	0.0759431	0.0759413	91
2161	22	0.155473	0.155473	91
2161	11	0.0043088	0.0042784	91
2173	11	0.0968993	0.096898	91
2173	-11	0.0297064	0.029702	91
2181	-11	0.00797836	0.00796198	91
2181	-11	0.142157	0.142156	91
2193	11	0.132545	0.132544	91
2193	-11	0.512425	0.512425	91
2203	22	0.273142	0.273142	91
2203	11	0.0592037	0.0592015	91
2219	11	0.288295	0.288295	91
2220	11	0.103446	0.103445	91
2222	-11	0.0069178	0.00689905	91
2229	11	0.359508	0.359507	91
2229	-11	0.111165	0.111164	91
2230	22	0.102596	0.102596	91
2233	-11	0.0264564	0.0264515	91
2234	11	0.101084	0.101083	91
2234	-11	0.215113	0.215113	91
2237	-11	0.224612	0.224611	91
2241	11	0.041967	0.0419639	91
2241	-11	0.0579529	0.0579507	91
2250	-11	0.0190222	0.0190153	91
2251	22	0.486908	0.486908	91
2254	22	0.630959	0.630959	91
2254	11	0.602919	0.602919	91
2254	-11	0.0293032	0.0292988	91
2255	11	0.462029	0.462028	91
2255	-11	0.325156	0.325156	91
2259	22	0.554332	0.554332	91
2261	11	0.423771	0.423771	91
2261	-11	0.126524	0.126523	91
2269	11	0.00482443	0.00479736	91
2269	-11	0.00990748	0.00989431	91
2279	-11	0.0609923	0.0609902	91
2281	22	0.0981743	0.0981743	91
2281	-11	0.0114247	0.0114133	91
2281	22	0.0658443	0.0658443	91
2282	22	0.0489251	0.0489251	91
2289	11	0.00879735	0.00878254	91
2291	22	0.0799259	0.0799259	91
2292	11	0.0596674	0.0596652	91
2293	11	0.396046	0.396046	91
2293	-11	0.0956334	0.095632	91
2293	11	0.0450842	0.0450813	91
2293	-11	0.0190658	0.019059	91
2296	-11	0.0984871	0.0984858	91
2303	11	0.138685	0.138685	91
2303	-11	0.0393084	0.0393051	91
2303	22	0.225	0.225	91
2307	22	0.045746	0.045746	91
2325	22	0.427337	0.427337	91
2344	11	0.298149	0.298149	91
2344	11	0.0131615	0.0131516	91
2345	11	0.0339365	0.0339326	91
2345	-11	0.176824	0.176823	91
2349	11	0.0227384	0.0227326	91
2355	22	0.542126	0.542126	91
2361	22	0.0732484	0.0732484	91
2364	-11	0.00146706	0.00137599	91
2364	-11	0.0827346	0.082733	91
2365	11	0.186065	0.186064	91
2365	-11	0.652942	0.652942	91
2368	11	0.0568729	0.0568706	91
2373	11	0.0730187	0.073017	91
2373	-11	0.34367	0.343669	91
2374	11	0.0371491	0.0371456	91
2381	22	0.077427	0.077427	91
2385	22	0.111309	0.111309	91
2385	-11	0.0020879	0.00202475	91
2387	11	0.530302	0.530301	91
2387	-11	0.144295	0.144294	91
2417	11	0.0157854	0.0157772	91
2418	11	0.0543866	0.0543842	91
2424	11	0.111919	0.111918	91
2424	-11	0.0192757	0.0192689	91
2432	11	0.0255443	0.0255392	91
2435	22	0.317884	0.317884	-43
2435	22	0.270257	0.270257	62
2450	22	0.0486095	0.0486095	91
2452	22	0.0563017	0.0563017	91
2452	22	0.136208	0.136208	91
2455	22	0.0384851	0.0384851	91
2456	11	0.0232812	0.0232756	91
2456	-11	0.163606	0.163605	91
2456	-11	0.0773181	0.0773165	91
2463	11	0.0140394	0.0140301	91
2468	22	0.0986216	0.0986216	91
2471	22	0.422711	0.422711	91
2474	11	0.379992	0.379992	91
2474	-11	0.088678	0.0886765	91
2482	11	0.0115835	0.0115723	91
2490	-11	0.0381138	0.0381104	91
2490	11	0.019435	0.0194283	91
2495	-11	0.281358	0.281357	91
2503	11	0.0191556	0.0191488	91
2503	-11	0.233745	0.233745	91
2511	-11	0.0164876	0.0164798	91
2517	22	0.237811	0.237811	91
2520	11	0.971837	0.971836	91
2520	-11	0.106064	0.106062	91
2522	22	0.125967	0.125967	91
2522	11	0.149875	0.149874	91
2522	-11	0.144296	0.144295	91
2534	-11	0.0230993	0.0230937	91
2546	-11	0.0575554	0.0575532	91
2547	11	0.422617	0.422616	91
2547	-11	0.305244	0.305243	91
2548	11	0.0883421	0.0883406	91
2548	-11	0.427156	0.427156	91
2552	11	0.0020371	0.00197201	91
2554	11	0.0792091	0.0792075	91
2554	-11	0.000701198	0.000480165	91
2561	22	0.0549257	0.0549257	91
2565	11	0.0238816	0.0238761	91
2565	-11	0.0138892	0.0138798	91
2565	11	0.15604	0.15604	91
2565	-11	0.172353	0.172352	91
2568	-11	0.0371589	0.0371554	91
2577	11	0.0487775	0.0487749	91
2577	-11	0.0545322	0.0545298	91
2579	22	0.373784	0.373784	91
2581	22	0.351045	0.351045	91
2581	11	0.0429991	0.0429961	91
2586	11	0.0885879	0.0885864	91
2586	-11	0.0519205	0.051918	91
2586	11	0.113609	0.113608	91
2586	-11	0.0312832	0.031279	91
2601	22	0.345436	0.345436	91
2605	11	0.0572686	0.0572663	91
2605	-11	0.0132885	0.0132787	91
2626	11	0.0505251	0.0505226	91
2653	22	0.0553717	0.0553717	91
2660	-11	0.0551785	0.0551762	91
2662	11	0.174613	0.174612	91
2662	-11	0.0888831	0.0888817	91
2672	22	0.474315	0.474315	91
2683	11	0.298264	0.298263	91
2683	-11	0.0703752	0.0703734	91
2694	22	0.100046	0.100046	91
2694	11	0.0031657	0.00312436	91
2695	22	0.139172	0.139172	91
2695	-11	0.0214348	0.0214287	91
2707	22	0.119323	0.119323	91
2707	11	0.0474768	0.0474741	91
2709	22	0.124261	0.124261	91
2713	11	0.129766	0.129765	91
2713	-11	0.187103	0.187103	91
2713	11	0.385495	0.385495	91
2714	22	0.0243162	0.0243162	91
2724	22	0.292256	0.292256	91
2725	11	0.0478308	0.0478281	91
2725	-11	0.0069647	0.00694596	91
2726	11	0.0339709	0.0339671	91
2729	-11	0.10735	0.107349	91
2730	11	0.0785001	0.0784985	91
2730	-11	0.13561	0.135609	91
2733	22	0.0672839	0.0672839	91
2739	-11	0.110383	0.110382	91
2741	22	0.128095	0.128095	91
2747	-11	0.0327945	0.0327905	91
2748	11	0.0287772	0.0287727	91
2748	-11	0.0488342	0.0488315	91
2760	-11	0.136698	0.136697	91
2760	11	0.0975317	0.0975304	91
2760	-11	0.0997163	0.099715	91
2761	22	0.098573	0.098573	91
2769	-11	0.00313213	0.00309043	91
2769	22	0.103495	0.103495	91
2769	11	0.369196	0.369196	91
2769	-11	0.0626028	0.0626007	91
2771	11	0.25371	0.253709	91
2771	-11	0.0835033	0.0835017	91
2771	22	0.370143	0.370143	91
2772	22	0.148661	0.148661	91
2776	11	0.143156	0.143155	91
2780	22	0.206123	0.206123	91
2785	22	0.100778	0.100778	91
2792	22	0.0900169	0.0900169	91
2794	22	0.142478	0.142478	91
2804	-11	0.0855957	0.0855941	91
2809	22	0.460569	0.460569	91
2810	-11	0.0151076	0.015099	91
2813	22	0.221843	0.221843	91
2824	11	0.0506886	0.0506861	91
2824	-11	0.0675977	0.0675957	91
2835	22	0.0694789	0.0694789	91
2840	22	0.099587	0.099587	91
2848	11	0.0628279	0.0628258	91
2848	-11	0.0263258	0.0263209	91
2850	22	0.213608	0.213608	91
2855	-11	0.0221728	0.022167	91
2873	22	0.199089	0.199089	91
2884	-11	0.00988591	0.00987278	91
2884	22	0.569303	0.569303	91
2887	22	0.0594878	0.0594878	91
2891	11	0.271899	0.271899	91
2891	-11	0.622153	0.622153	91
2891	-11	0.148342	0.148341	91
2898	11	0.0346437	0.0346399	91
2908	11	0.121805	0.121804	91
2908	-11	0.027169	0.0271643	91
2910	11	0.0848935	0.084892	91
2910	-11	0.0868465	0.086845	91
2911	-11	0.132614	0.132613	91
2913	22	0.101202	0.101202	91
2921	-11	0.0190554	0.0190486	91
2935	11	0.141051	0.14105	91
2935	-11	0.0637625	0.0637605	91
2935	11	0.0315308	0.0315266	91
2940	11	0.339295	0.339295	91
2942	11	0.221694	0.221694	91
2945	22	0.58235	0.58235	91
2962	11	0.0105302	0.0105178	91
2964	22	0.280206	0.280206	91
2965	-13	0.268196	0.246516	91
2966	11	0.0287204	0.0287159	91
2970	22	0.039786	0.039786	91
2971	-11	0.0502708	0.0502682	91
2972	11	0.0332208	0.0332169	91
2984	11	0.0604043	0.0604022	91
2984	-11	0.254532	0.254532	91
2992	22	0.347616	0.347616	91
2995	11	0.0280265	0.0280218	91
2999	-11	0.0117393	0.0117282	91
2999	22	0.0760385	0.0760385	91
3003	-11	0.0203175	0.020311	91
3003	22	0.0475876	0.0475876	91
3007	11	0.370854	0.370853	91
3017	11	0.14442	0.144419	91
3018	-11	0.0134486	0.0134389	91
3023	-11	0.00740966	0.00739203	91
3024	-11	0.00259133	0.00254064	91
3031	11	0.173262	0.173261	91
3031	-11	0.239532	0.239532	91
3044	22	0.22668	0.22668	91
3051	22	0.109651	0.109651	91
3051	22	0.0057447	0.0057447	91
3058	-11	0.0793444	0.0793427	91
3073	22	0.561982	0.561982	91
3086	11	0.024572	0.0245668	91
3086	-11	0.296368	0.296367	91
3087	-11	0.0221454	0.0221396	91
3089	-11	0.0223719	0.022366	91
3103	22	0.124717	0.124717	91
3103	11	0.144244	0.144244	91
3103	-11	0.247461	0.24746	91
3103	11	0.101502	0.101501	91
3108	-11	0.0224366	0.0224308	91
3113	11	0.17279	0.172789	91
3113	-11	0.162351	0.16235	91
3116	22	0.149968	0.149968	91
3116	11	0.0909326	0.0909312	91
3116	-11	0.103706	0.103704	91
3119	11	0.11879	0.118789	91
3119	11	0.0549684	0.0549661	91
3119	-11	0.270849	0.270848	91
3121	11	0.16231	0.162309	91
3121	-11	0.636541	0.636541	91
3123	-11	0.0135867	0.0135772	91
3131	22	0.137258	0.137258	91
3134	11	0.0203232	0.0203168	91
3143	22	0.170364	0.170364	91
3152	22	0.243356	0.243356	91
3152	22	0.273699	0.273699	91
3158	11	0.0179281	0.0179208	91
3167	-11	0.0613609	0.0613588	91
3170	22	0.0469631	0.0469631	91
3171	22	0.114288	0.114288	91
3180	22	0.0557073	0.0557073	91
3180	22	0.381643	0.381643	91
3194	-11	0.00547637	0.0054526	91
3198	11	0.0998455	0.0998442	91
3203	11	0.00401055	0.00397787	91
3203	-11	0.0464189	0.0464161	91
3204	11	0.288928	0.288927	91
3210	22	0.343277	0.343277	91
3212	11	0.00181454	0.00174144	91
3220	-11	0.164053	0.164052	91
3228	22	0.275345	0.275345	91
3228	22	0.836216	0.836216	91
3234	-11	0.0859449	0.0859433	91
3238	22	0.252522	0.252522	91
3238	-11	0.22982	0.229819	91
3238	11	0.117917	0.117916	91
3238	-11	0.720178	0.720178	91
3252	22	0.0700179	0.0700179	91
3252	11	0.0830177	0.0830161	91
3252	-11	0.00544613	0.00542212	91
3256	11	0.0689466	0.0689447	91
3256	-11	0.00464845	0.00462029	91
3258	11	0.0134695	0.0134598	91
3261	22	0.255282	0.255282	91
3269	22	0.194974	0.194974	91
3278	22	0.0816288	0.0816288	91
3281	22	0.284124	0.284124	91
3281	11	0.0864687	0.0864672	91
3282	-11	0.0405747	0.0405715	91
3292	11	0.0820957	0.0820941	91
3292	-11	0.0196212	0.0196146	91
3295	11	0.333651	0.33365	91
3295	-11	0.0854621	0.0854606	91
3295	11	0.0599913	0.0599891	91
3295	-11	0.0481244	0.0481217	91
3298	22	0.167958	0.167958	91
3299	11	0.00674012	0.00672073	91
3303	22	0.155605	0.155605	91
3307	11	0.503728	0.503728	91
3307	-11	0.191008	0.191008	91
3310	-11	0.046844	0.0468412	91
3313	11	0.121603	0.121602	91
3313	-11	0.00376734	0.00373253	91
3316	22	0.199294	0.199294	91
3316	22	0.297378	0.297378	91
3337	11	0.0216497	0.0216436	91
3346	11	0.00999396	0.00998089	91
3346	-11	0.0183848	0.0183778	91
3347	11	0.144035	0.144034	91
3347	-11	0.5246	0.5246	91
3348	22	0.318403	0.318403	91
3350	11	0.00631599	0.0062953	91
3352	11	0.152694	0.152693	91
3352	-11	0.0968853	0.096884	91
3352	-11	0.0393224	0.0393191	91
3355	22	0.0760877	0.0760877	91
3357	11	0.108798	0.108797	91
3357	-11	0.060909	0.0609069	91
3357	11	0.0195622	0.0195556	91
3357	-11	0.0258918	0.0258868	91
3360	-11	0.0229919	0.0229862	91
3366	-11	0.1578	0.157799	91
3366	22	0.077671	0.077671	91
3366	11	0.0234941	0.0234885	91
3370	22	0.0895899	0.0895899	91
3373	22	0.12616	0.12616	91
3374	11	0.0724628	0.072461	91
3374	-11	0.0776369	0.0776353	91
3374	22	0.115321	0.115321	91
3377	22	0.103793	0.103793	91
3377	-11	0.157023	0.157022	91
3387	22	0.0846663	0.0846663	91
3387	22	0.717561	0.717561	91
3390	22	0.128789	0.128789	91
3396	22	0.352502	0.352502	91
3400	22	0.250634	0.250634	91
3405	11	0.022435	0.0224292	91
3405	-11	0.178251	0.178251	91
3407	11	0.095538	0.0955366	91
3410	11	0.00484982	0.00482298	91
3418	11	0.133981	0.13398	91
3418	-11	0.274251	0.27425	91
3421	22	0.0255688	0.0255688	91
3421	22	0.298978	0.298978	91
3432	-11	0.0112581	0.0112465	91
3434	22	0.109464	0.109464	91
3434	-11	0.080361	0.0803594	91
3436	-11	0.0591576	0.0591553	91
3438	-11	0.0245018	0.0244965	91
3438	22	0.0486129	0.0486129	91
3442	11	0.0730746	0.0730728	91
3442	-11	0.0352867	0.035283	91
3443	22	0.114893	0.114893	91
3457	22	0.136961	0.136961	91
3457	-11	0.0614386	0.0614365	91
3458	-11	0.019921	0.0199144	91
3459	22	0.161481	0.161481	91
3462	11	0.0878806	0.0878791	91
3470	11	0.00348397	0.00344643	91
3473	11	0.0256521	0.025647	91
3476	-11	0.0474126	0.0474099	91
3491	22	0.0743367	0.0743367	91
3495	22	0.616057	0.616057	91
3496	11	0.0164921	0.0164842	91
3501	22	0.100646	0.100646	91
3501	11	0.0440508	0.0440478	91
3501	-11	0.171302	0.171301	91
3503	11	0.243058	0.243058	91
3503	11	0.0180118	0.0180046	91
3509	11	0.134644	0.134643	91
3513	22	0.272373	0.272373	91
3520	11	0.0476253	0.0476226	91
3528	22	0.0900745	0.0900745	91
3538	11	0.0183358	0.0183287	91
3538	-11	0.0862532	0.0862517	91
3538	11	0.0234941	0.0234885	91
3543	11	0.371341	0.371341	91
3543	-11	0.0777388	0.0777371	91
3545	11	0.035823	0.0358194	91
3545	-11	0.0261824	0.0261774	91
3547	-11	0.0500151	0.0500125	91
3551	22	0.0108205	0.0108205	91
3558	11	0.0654256	0.0654236	91
3558	-11	0.0469126	0.0469099	91
3561	22	0.256348	0.256348	91
3566	11	0.0311507	0.0311465	91
3572	-11	0.121768	0.121767	91
3586	22	0.0969189	0.0969189	91
3594	22	0.118804	0.118804	91
3594	11	0.0958134	0.095812	91
3594	-11	0.00221752	0.00215784	91
3595	11	0.109965	0.109964	91
3595	11	0.0690073	0.0690054	91
3595	-11	0.00683996	0.00682085	91
3595	-11	0.0198996	0.019893	91
3602	11	0.0298705	0.0298661	91
3602	-11	0.00344258	0.00340453	91
3603	-11	0.14516	0.145159	91
3613	11	0.0384864	0.038483	91
3613	-11	0.106989	0.106988	91
3616	22	0.0840205	0.0840205	91
3617	11	0.0221063	0.0221004	91
3622	22	0.0705184	0.0705184	91
3650	-11	0.169623	0.169622	91
3663	22	0.249022	0.249022	91
3666	22	0.256165	0.256165	91
3684	22	0.0502844	0.0502844	91
3684	-11	0.00333838	0.00329933	91
3685	11	0.0549455	0.0549431	91
3693	-11	0.142281	0.14228	91
3694	22	0.08611	0.08611	91
3701	11	0.0405433	0.0405401	91
3711	22	0.0679753	0.0679753	91
3715	22	0.127758	0.127758	91
3717	-11	0.0640059	0.0640038	91
3719	22	0.0849108	0.0849108	91
3719	11	0.0146243	0.0146154	91
3719	-11	0.054298	0.0542956	91
3725	-11	0.0348242	0.0348205	91
3729	11	0.170128	0.170128	91
3729	-11	0.0557856	0.0557833	91
3755	11	0.00768622	0.00766928	91
3763	11	0.510915	0.510915	91
3763	-11	0.460505	0.460505	91
3763	22	0.0970398	0.0970398	91
3764	22	0.796533	0.796533	91
3768	11	0.0393588	0.0393555	91
3771	22	0.206948	0.206948	91
3779	22	0.101469	0.101469	91
3783	-11	0.00556126	0.00553787	91
3787	-11	0.148592	0.148591	91
3788	11	0.140323	0.140322	91
3788	-11	0.288738	0.288738	91
3789	22	0.185816	0.185816	91
3807	11	0.264329	0.264329	91
3807	-11	0.240562	0.240561	91
3815	11	0.00811712	0.00810107	91
3815	-11	0.00335882	0.00332006	91
3821	11	0.526911	0.526911	91
3821	-11	0.154645	0.154644	91
3822	22	0.475802	0.475802	91
3822	11	0.221326	0.221325	91
3822	-11	0.0209985	0.0209923	91
3823	22	0.0335942	0.0335942	91
3826	22	0.0702393	0.0702393	91
3834	11	0.150738	0.150737	91
3834	-11	0.156255	0.156255	91
3835	11	0.0226923	0.0226865	91
3835	-11	0.522758	0.522758	91
3837	22	0.200009	0.200009	91
3840	-11	0.0540058	0.0540034	91
3845	-11	0.145737	0.145736	91
3849	11	0.060179	0.0601768	91
3849	11	0.0115947	0.0115835	91
3851	22	0.145797	0.145797	91
3860	22	0.219412	0.219412	91
3869	-11	0.198559	0.198558	91
3869	-11	0.32242	0.32242	91
3871	11	0.337877	0.337877	91
3871	-11	0.109687	0.109686	91
3880	11	0.0545765	0.0545742	91
3893	11	0.252762	0.252761	91
3893	-11	0.0235698	0.0235643	91
3896	11	0.0170973	0.0170897	91
3896	-11	0.209054	0.209053	91
3899	22	0.152957	0.152957	91
3901	-11	0.0570069	0.0570046	91
3902	22	0.246433	0.246433	91
3908	11	0.0100347	0.0100216	91
3908	-11	0.00258068	0.00252967	91
3924	11	0.00716054	0.00714232	91
3925	22	0.0548688	0.0548688	91
3934	-11	0.00678873	0.00676947	91
3936	-11	0.08943	0.0894285	91
3939	11	0.0780626	0.078061	91
3939	-11	0.114264	0.114263	91
3941	11	0.0288	0.0287955	91
3941	-11	0.0959916	0.0959902	91
3942	-11	0.1086	0.108599	91
3952	11	0.0589838	0.0589816	91
3952	-11	0.00306809	0.00302524	91
3954	11	0.62377	0.62377	91
3961	-11	0.169784	0.169783	91
3975	11	0.0646357	0.0646337	91
3975	-11	0.0196754	0.0196688	91
3976	-11	0.0248228	0.0248176	91
3981	11	0.0457515	0.0457486	91
3981	-11	0.0743393	0.0743375	91
3982	22	0.244129	0.244129	91
3982	11	0.0103619	0.0103493	91
3986	22	0.485703	0.485703	91
3986	11	0.101747	0.101746	91
3988	11	0.0256873	0.0256822	91
3991	-11	0.301748	0.301748	91
4001	11	0.0325052	0.0325013	91
4001	-11	0.134816	0.134815	91
4007	-11	0.00283801	0.00279186	91
4015	11	0.0010787	0.000950112	91
4018	22	0.169842	0.169842	91
4023	-11	0.0327752	0.0327712	91
4023	22	0.0983005	0.0983005	91
4023	11	0.0575797	0.0575774	91
4023	-11	0.046447	0.0464442	91
4032	11	0.0500589	0.0500563	91
4032	22	0.38456	0.38456	91
4034	22	0.103966	0.103966	91
4047	11	0.0320402	0.0320361	91
4047	-11	0.0998928	0.0998915	91
4056	11	0.0209724	0.0209662	91
4060	11	0.0610629	0.0610608	91
4070	22	0.102455	0.102455	91
4070	11	0.342601	0.342601	91
4070	-11	0.455442	0.455442	91
4076	-11	0.0620074	0.0620053	91
4077	11	0.0496375	0.0496349	91
4077	-11	0.0294286	0.0294242	91
4078	22	0.136014	0.136014	91
4091	22	0.316501	0.316501	91
4093	11	0.0148268	0.014818	91
4095	11	0.292544	0.292543	91
4101	11	0.0166797	0.0166719	91
4102	-11	0.116733	0.116732	91
4102	11	0.100909	0.100907	91
4103	11	0.0277236	0.0277189	91
4103	11	0.0145128	0.0145039	91
4103	-11	0.0314986	0.0314944	91
4103	-11	0.0219991	0.0219932	91
4103	11	0.0469719	0.0469691	91
4104	22	0.105232	0.105232	91
4108	22	0.049769	0.049769	91
4112	22	0.363791	0.363791	91
4121	11	0.0529051	0.0529026	91
4121	-11	0.280656	0.280656	91
4122	22	0.132498	0.132498	91
4122	22	0.161706	0.161706	91
4123	-11	0.106132	0.10613	91
4123	22	0.0941531	0.0941531	91
4127	11	0.208879	0.208878	91
4127	-11	0.116068	0.116067	91
4131	22	0.358734	0.358734	91
4136	-11	0.0160384	0.0160302	91
4137	11	0.0206404	0.0206341	91
4146	22	0.110565	0.110565	91
4146	-11	0.331011	0.33101	91
4148	22	0.10608	0.10608	91
4151	11	0.0312692	0.031265	91
4151	-11	0.0273828	0.027378	91
4157	11	0.0928626	0.0928612	91
4162	11	0.297269	0.297268	91
4176	-11	0.0244332	0.0244278	91
4176	-11	0.0175782	0.0175707	91
4179	11	0.0331012	0.0330973	91
4179	-11	0.120571	0.12057	91
4184	-11	0.0492842	0.0492816	91
4187	11	0.0420456	0.0420425	91
4192	11	0.0519517	0.0519492	91
4192	11	0.163702	0.163702	91
4192	-11	0.026117	0.0261121	91
4195	11	0.0983502	0.0983489	91
4202	11	0.0847107	0.0847092	91
4203	22	0.0927008	0.0927008	91
4203	11	0.0365595	0.0365559	91
4203	-11	0.0821403	0.0821388	91
4206	-11	0.0909353	0.0909339	91
4211	11	0.0117874	0.0117764	91
4211	-11	0.0484132	0.0484105	91
4212	11	0.0153067	0.0152982	91
4212	11	0.0337897	0.0337858	91
4217	11	0.0571464	0.0571441	91
4217	-11	0.00813365	0.00811758	91
4217	11	0.0207101	0.0207038	91
4223	22	0.413617	0.413617	91
4223	22	0.0386753	0.0386753	91
4224	22	0.0375432	0.0375432	91
4233	22	0.0552398	0.0552398	91
4241	22	0.0799914	0.0799914	91
4264	22	0.12082	0.12082	91
4270	22	0.320591	0.320591	91
4271	11	0.039449	0.0394458	91
4280	-11	0.135216	0.135215	91
4286	22	0.155013	0.155013	91
4287	11	0.102695	0.102694	91
4287	-11	0.0239411	0.0239357	91
4291	-11	0.0411827	0.0411796	91
4292	11	0.103164	0.103162	91
4296	22	0.231123	0.231123	91
4297	-11	0.36226	0.362259	91
4297	11	0.151495	0.151494	91
4297	-11	0.0288978	0.0288932	91
4298	11	0.201071	0.201071	91
4298	-11	0.0585228	0.0585206	91
4303	22	0.178591	0.178591	91
4303	11	0.058654	0.0586518	91
4303	-11	0.565649	0.565649	91
4308	22	0.166288	0.166288	91
4308	-11	0.134747	0.134746	91
4311	22	0.0611456	0.0611456	91
4311	-11	0.0499883	0.0499857	91
4311	11	0.183656	0.183655	91
4312	22	0.0760214	0.0760214	91
4312	11	0.00378373	0.00374907	91
4316	11	0.218759	0.218758	91
4317	11	0.0437743	0.0437714	91
4317	-11	0.112483	0.112482	91
4327	11	0.0367573	0.0367538	91
4327	-11	0.00898493	0.00897046	91
4340	22	0.14357	0.14357	91
4353	11	0.0325008	0.0324968	91
4353	-11	0.0264567	0.0264517	91
4355	11	0.0264925	0.0264876	91
4355	-11	0.0898277	0.0898262	91
4361	22	0.172783	0.172783	91
4381	22	0.0494984	0.0494984	91
4390	11	0.302391	0.302391	91
4390	-11	0.0097148	0.00970135	91
4395	22	0.200305	0.200305	91
4404	11	0.024218	0.0242126	91
4404	-11	0.0113332	0.0113217	91
4406	22	0.27165	0.27165	91
4407	-11	0.208339	0.208339	91
4418	11	0.0438628	0.0438598	91
4419	-11	0.0168977	0.01689	91
4427	-11	0.0862652	0.0862636	91
4432	-11	0.00444796	0.00441851	91
4437	22	0.449149	0.449149	91
4438	22	0.271582	0.271582	91
4443	22	0.0954675	0.0954675	91
4443	22	0.0887888	0.0887888	91
4455	11	0.00631917	0.00629848	91
4455	-11	0.0791073	0.0791057	91
4475	11	0.245377	0.245377	91
4475	-11	0.798549	0.798549	91
4476	11	0.0570924	0.0570901	91
4484	11	0.0410537	0.0410506	91
4484	-11	0.0195869	0.0195802	91
4484	11	0.016168	0.01616	91
4484	-11	0.32607	0.32607	91
4489	22	0.951777	0.951777	91
4499	22	0.0540193	0.0540193	91
4499	11	0.00228138	0.00222365	91
4499	-11	0.065638	0.065636	91
4502	-11	0.122691	0.12269	91
4505	11	0.236119	0.236118	91
4505	-11	0.00386374	0.00383004	91
4506	11	0.0138516	0.0138422	91
4506	11	0.0177212	0.0177139	91
4506	-11	0.0440283	0.0440253	91
4507	11	0.0125241	0.0125137	91
4512	-11	0.0443268	0.0443238	91
4524	-11	0.12477	0.124769	91
4527	11	0.0227408	0.0227351	91
4528	11	0.182024	0.182024	91
4528	-11	0.0566255	0.0566232	91
4529	22	0.828279	0.828279	91
4531	22	0.73052	0.73052	91
4537	11	0.319538	0.319537	91
4543	22	0.22623	0.22623	91
4543	11	0.038691	0.0386876	91
4543	-11	0.0618703	0.0618681	91
4544	22	0.294404	0.294404	91
4548	22	0.0550333	0.0550333	91
4549	11	0.0909274	0.090926	91
4549	-11	0.0532435	0.053241	91
4551	-11	0.0459686	0.0459658	91
4556	11	0.00114003	0.00101932	91
4561	11	0.116005	0.116004	91
4561	-11	0.439076	0.439075	91
4562	11	0.0046515	0.00462348	91
4562	-11	0.150902	0.150901	91
4570	22	0.441016	0.441016	-43
4581	-11	0.0934678	0.0934664	91
4582	11	0.0486715	0.0486688	91
4582	-11	0.0857517	0.0857501	91
4585	11	0.0658838	0.0658818	91
4587	22	0.15628	0.15628	91
4587	11	0.0816308	0.0816293	91
4595	11	0.0247374	0.0247321	91
4605	11	0.0479162	0.0479135	91
4605	-11	0.0927662	0.0927648	91
4607	11	0.0465058	0.046503	91
4607	-11	0.133353	0.133352	91
4616	-11	0.0545599	0.0545576	91
4619	22	0.301656	0.301656	91
4628	22	0.149257	0.149257	91
4641	-11	0.00198629	0.00191953	91
4643	22	0.145368	0.145368	91
4648	-11	0.0323912	0.0323872	91
4650	-11	0.0139716	0.0139622	91
4651	11	0.199623	0.199622	91
4651	-11	0.0239491	0.0239437	91
4655	-11	0.0662802	0.0662783	91
4658	11	0.125848	0.125847	91
4658	-11	0.288987	0.288986	91
4661	11	0.37672	0.37672	91
4661	-11	0.0812336	0.081232	91
4662	-11	0.0148933	0.0148846	91
4664	11	0.119213	0.119212	91
4664	-11	0.0459644	0.0459616	91
4666	22	0.112676	0.112676	91
4669	-11	0.183894	0.183893	91
4673	11	0.0639363	0.0639343	91
4673	-11	0.0368863	0.0368827	91
4677	-11	0.0206011	0.0205948	91
4682	-11	0.193983	0.193982	91
4686	11	0.187928	0.187927	91
4686	-11	0.0637794	0.0637773	91
4691	11	0.0182222	0.0182151	91
4695	-11	0.0249707	0.0249655	91
4696	22	0.0508502	0.0508502	91
4697	11	0.106462	0.106461	91
4697	-11	0.574089	0.574088	91
4699	11	0.180161	0.18016	91
4699	-11	0.103234	0.103232	91
4699	22	0.244105	0.244105	91
4699	11	0.265922	0.265921	91
4699	-11	0.130856	0.130855	91
4702	22	0.0769908	0.0769908	91
4702	11	0.0246654	0.0246601	91
4702	-11	0.0255239	0.0255188	91
4702	-11	0.127618	0.127617	91
4707	22	0.146313	0.146313	91
4707	11	0.194691	0.19469	91
4707	-11	0.0817011	0.0816996	91
4713	-11	0.0415538	0.0415507	91
4713	11	0.0980986	0.0980972	91
4713	-11	0.262706	0.262705	91
4718	22	0.250577	0.250577	91
4723	22	0.0617958	0.0617958	91
4726	-11	0.0274578	0.027453	91
4729	-11	0.247103	0.247103	91
4742	11	0.0221538	0.0221479	91
4742	-11	0.25701	0.25701	91
4746	11	0.16438	0.164379	91
4748	-11	0.0532126	0.0532102	91
4758	22	0.306338	0.306338	91
4764	22	0.0689107	0.0689107	91
4767	22	0.149355	0.149355	91
4779	22	0.0697654	0.0697654	91
4787	-11	0.00303369	0.00299062	91
4793	11	0.507752	0.507752	91
4793	11	0.237208	0.237207	91
4793	-11	0.409842	0.409842	91
4795	11	0.0160193	0.0160111	91
4795	-11	0.104044	0.104043	91
4796	11	0.109205	0.109203	91
4813	11	0.0626903	0.0626882	91
4813	-11	0.0439074	0.0439044	91
4813	11	0.00496427	0.00493803	91
4815	11	0.032121	0.032117	91
4818	-11	0.0426156	0.0426126	91
4819	22	0.454407	0.454407	91
4835	22	0.0704689	0.0704689	91
4835	22	0.146256	0.146256	91
4839	-11	0.138274	0.138273	91
4840	-11	0.0173155	0.0173079	91
4846	11	0.0246209	0.0246156	91
4851	22	0.245053	0.245053	91
4854	11	0.367351	0.367351	91
4863	-11	0.0528233	0.0528208	91
4872	22	0.0314922	0.0314922	91
4875	11	0.0296165	0.0296121	91
4875	-11	0.160994	0.160993	91
4880	22	0.155652	0.155652	91
4880	22	0.196467	0.196467	91
4890	22	0.064635	0.064635	91
4890	11	0.0206298	0.0206235	91
4892	11	0.0423552	0.0423522	91
4892	11	0.0217334	0.0217275	91
4892	-11	0.117297	0.117296	91
4897	11	0.0498635	0.0498609	91
4901	-11	0.090021	0.0900195	91
4902	22	0.14663	0.14663	91
4907	22	0.0385755	0.0385755	91
4913	22	0.516063	0.516063	91
4913	-11	0.00837412	0.00835853	91
4916	11	0.00760026	0.00758307	91
4919	22	0.915611	0.915611	91
4920	-11	0.00496141	0.00493518	91
4920	11	0.0383062	0.0383028	91
4934	11	0.118601	0.1186	91
4935	-11	0.14645	0.146449	91
4941	22	0.0479608	0.0479608	91
4942	22	0.227974	0.227974	91
4942	11	0.615423	0.615423	91
4942	-11	0.24409	0.24409	91
4945	22	0.172889	0.172889	91
4945	11	0.0703534	0.0703515	91
4945	-11	0.00328048	0.00324053	91
4950	22	0.151037	0.151037	91
4951	11	0.102935	0.102934	91
4951	-11	0.210872	0.210871	91
4951	11	0.139954	0.139953	91
4951	11	0.0553999	0.0553976	91
4954	22	0.0942371	0.0942371	91
4956	22	0.201392	0.201392	91
4956	11	0.471995	0.471995	91
4965	22	0.0995609	0.0995609	91
4967	11	0.0259342	0.0259292	91
4967	11	0.00999145	0.0099784	91
4969	11	0.0414788	0.0414757	91
4987	22	0.147782	0.147782	91
4989	22	0.0825702	0.0825702	91
4997	22	0.0405474	0.0405474	91
5034	11	0.140897	0.140896	91
5034	-11	0.100425	0.100424	91
5052	11	0.025834	0.025829	91
5052	-11	0.126516	0.126514	91
5055	22	0.725662	0.725662	91
5058	11	0.0987446	0.0987433	91
5061	22	0.101214	0.101214	91
5063	11	0.0120205	0.0120096	91
5063	-11	0.0224597	0.0224539	91
5064	22	0.284434	0.284434	91
5072	-11	0.0223202	0.0223144	91
5080	22	0.689776	0.689776	91
5088	22	0.0813036	0.0813036	91
5088	11	0.0410404	0.0410372	91
5100	22	0.0401654	0.0401654	91
5100	11	0.173862	0.173861	91
5101	-11	0.0173367	0.0173292	91
5107	-11	0.0247915	0.0247863	91
5123	22	0.0732884	0.0732884	91
5126	22	0.38724	0.38724	91
5126	11	0.0169019	0.0168942	91
5134	22	0.182849	0.182849	91
5143	11	0.014434	0.0144249	91
5143	-11	0.0694121	0.0694103	91
5145	11	0.00916489	0.00915077	91
5145	-11	0.198651	0.19865	91
5145	-11	0.374742	0.374742	91
5146	-11	0.0411412	0.041138	91
5146	11	0.00477474	0.00474737	91
5146	-11	0.0865968	0.0865953	91
5156	22	0.164765	0.164765	91
5156	22	0.133997	0.133997	91
5157	11	0.0917998	0.0917984	91
5158	22	0.0766588	0.0766588	91
5158	11	0.143445	0.143445	91
5166	22	0.0431354	0.0431354	91
5169	-11	0.022591	0.0225852	91
5169	11	0.189657	0.189657	91
5169	-11	0.0062712	0.00625045	91
5179	22	0.17767	0.17767	91
5185	11	0.0488832	0.0488806	91
5185	-11	0.156536	0.156535	91
5190	11	0.0609897	0.0609876	91
5190	-11	0.0385911	0.0385877	91
5190	11	0.0634167	0.0634147	91
5190	-11	0.169652	0.169651	91
5197	11	0.167268	0.167267	91
5199	22	0.15618	0.15618	91
5199	22	0.0579609	0.0579609	91
5212	22	0.179724	0.179724	91
5212	11	0.108001	0.107999	91
5212	-11	0.0116159	0.0116047	91
5220	11	0.056179	0.0561767	91
5221	22	0.764561	0.764561	91
5224	-11	0.0572523	0.05725	91
5224	11	0.109161	0.10916	91
5224	-11	0.0725862	0.0725844	91
5232	11	0.00459524	0.00456677	91
5232	11	0.0193786	0.0193719	91
5233	22	0.236815	0.236815	91
5234	11	0.0258533	0.0258483	91
5235	11	0.372612	0.372612	91
5258	22	0.10342	0.10342	91
5259	22	0.138468	0.138468	91
5259	11	0.0232225	0.0232169	91
5260	22	0.119308	0.119308	91
5266	11	0.00804495	0.00802871	91
5268	11	0.210015	0.210014	91
5268	-11	0.0436325	0.0436295	91
5268	11	0.646453	0.646453	91
5268	-11	0.0518041	0.0518016	91
5271	11	0.133765	0.133764	91
5278	22	0.162203	0.162203	91
5284	22	0.0533793	0.0533793	91
5284	22	0.180729	0.180729	91
5288	11	0.0402585	0.0402553	91
5293	22	0.0818493	0.0818493	91
5297	11	0.132742	0.132741	91
5297	-11	0.021924	0.0219181	91
5298	11	0.0581563	0.058154	91
5298	-11	0.157105	0.157104	91
5303	11	0.0300809	0.0300766	91
5303	-11	0.153177	0.153176	91
5306	22	0.646857	0.646857	91
5310	22	0.0984646	0.0984646	91
5310	22	0.165779	0.165779	91
5310	11	0.0413289	0.0413258	91
5310	-11	0.230657	0.230657	91
5313	11	0.154509	0.154509	91
5328	-11	0.011963	0.0119521	91
5329	22	0.25307	0.25307	91
5330	11	0.0286472	0.0286426	91
5330	-11	0.223895	0.223895	91
5340	11	0.743818	0.743818	91
5340	-11	0.114131	0.11413	91
5344	22	0.287675	0.287675	91
5344	22	0.129805	0.129805	91
5350	11	0.0485691	0.0485664	91
5354	-11	0.316164	0.316164	91
5359	-11	0.0420783	0.0420752	91
5367	22	0.125521	0.125521	91
5370	11	0.125592	0.125591	91
5370	-11	0.052895	0.0528925	91
5376	11	0.0199987	0.0199922	91
5382	11	0.034978	0.0349743	91
5392	11	0.026826	0.0268212	91
5392	-11	0.187517	0.187516	91
5393	11	0.0726833	0.0726815	91
5393	-11	0.12915	0.129149	91
5404	22	0.143903	0.143903	91
5413	22	0.0785784	0.0785784	91
5415	22	0.443118	0.443118	91
5430	11	0.0173947	0.0173872	91
5430	-11	0.101629	0.101628	91
5430	11	0.0538635	0.0538611	91
5442	-11	0.362329	0.362329	91
5442	11	0.147079	0.147078	91
5445	11	0.308762	0.308762	91
5450	11	0.196995	0.196994	91
5450	11	0.0261139	0.0261089	91
5450	-11	0.06735	0.0673481	91
5457	22	0.0751435	0.0751435	91
5457	11	0.20753	0.20753	91
5465	11	0.207706	0.207705	91
5465	-11	0.59775	0.597749	91
5469	11	0.0594904	0.0594882	91
5469	-11	0.0213286	0.0213225	91
5482	11	0.308173	0.308173	91
5482	-11	0.0947062	0.0947049	91
5489	11	0.131712	0.131711	91
5489	-11	0.0250329	0.0250277	91
5495	22	0.142571	0.142571	91
5495	11	0.0491723	0.0491697	91
5505	11	0.0545538	0.0545514	91
5509	22	0.15876	0.15876	91
5514	11	0.014518	0.014509	91
5515	22	0.0341479	0.0341479	91
5522	11	0.244413	0.244412	91
5522	-11	0.197722	0.197721	91
5523	22	0.139696	0.139696	91
5529	-11	0.0023621	0.00230646	91
5530	22	0.146942	0.146942	91
5532	-11	0.0149758	0.0149672	91
5540	11	0.0632154	0.0632133	91
5541	-11	0.0810378	0.0810362	91
5544	22	0.257373	0.257373	91
5544	11	0.137051	0.13705	91
5544	-11	0.0410643	0.0410611	91
5560	-11	0.0737336	0.0737318	91
5563	11	0.0308626	0.0308584	91
5563	-11	0.0065499	0.00652994	91
5564	11	0.112102	0.112101	91
5564	-11	0.0109744	0.0109625	91
5566	-11	0.00423178	0.00420098	91
5567	-11	0.0271533	0.0271485	91
5570	-11	0.0113424	0.011331	91
5575	22	0.0741988	0.0741988	91
5578	22	0.280076	0.280076	91
5580	22	0.0133987	0.0133987	91
5580	22	0.0776181	0.0776181	91
5582	11	0.0941285	0.0941271	91
5582	-11	0.0299425	0.0299381	91
5583	11	0.0387862	0.0387828	91
5586	-11	0.00796523	0.00794887	91
5586	-11	0.0200205	0.020014	91
5603	11	0.0668776	0.0668756	91
5603	-11	0.23349	0.233489	91
5614	22	0.196146	0.196146	91
5614	-11	0.0675188	0.0675168	91
5618	11	0.0041594	0.00412804	91
5618	-11	0.0627587	0.0627566	91
5634	22	0.242737	0.242737	91
5634	22	0.084805	0.084805	91
5640	11	0.0332002	0.0331962	91
5640	-11	0.0150919	0.0150834	91
5640	11	0.0233994	0.0233939	91
5640	-11	0.0821575	0.082156	91
5644	-11	0.0700951	0.0700932	91
5655	22	0.194353	0.194353	91
5669	11	0.241632	0.241632	91
5669	11	0.0695297	0.0695279	91
5669	-11	0.013095	0.0130851	91
5670	22	0.0913476	0.0913476	91
5672	22	0.133372	0.133372	91
5676	22	0.165063	0.165063	91
5682	-11	0.0121959	0.0121853	91
5686	11	0.25706	0.25706	91
5692	11	0.0737637	0.073762	91
5692	-11	0.118514	0.118513	91
5694	22	0.229712	0.229712	91
5694	11	0.0730325	0.0730307	91
5694	-11	0.299582	0.299582	91
5708	22	0.0726594	0.0726594	91
5723	22	0.214404	0.214404	91
5723	22	0.853946	0.853946	91
5723	22	0.240977	0.240977	91
5725	22	0.169818	0.169818	91
5728	11	0.0180371	0.0180299	91
5731	11	0.0068852	0.00686622	91
5733	22	0.180918	0.180918	91
5738	-11	0.0721098	0.072108	91
5747	11	0.0249758	0.0249706	91
5747	-11	0.0206488	0.0206425	91
5751	-11	0.0249096	0.0249044	91
5759	11	0.188967	0.188967	91
5765	11	0.0883741	0.0883726	91
5772	-11	0.013592	0.0135824	91
5774	11	0.10686	0.106858	91
5774	-11	0.0215532	0.0215472	91
5781	-11	0.0482395	0.0482368	91
5788	11	0.0239153	0.0239099	91
5788	-11	0.042805	0.042802	91
5788	-11	0.0336703	0.0336664	91
5794	11	0.118459	0.118457	91
5794	-11	0.0909339	0.0909325	91
5794	11	0.103989	0.103988	91
5794	-11	0.0492474	0.0492448	91
5802	11	0.206896	0.206895	91
5802	-11	0.297281	0.297281	91
5813	22	0.0868569	0.0868569	91
5818	22	0.0803166	0.0803166	91
5819	22	0.272064	0.272064	91
5829	22	0.0828492	0.0828492	91
5830	-11	0.00658718	0.00656736	91
5835	-11	0.00433044	0.0043003	91
5836	22	0.35694	0.35694	91
5837	-11	0.0693905	0.0693886	91
5838	11	0.135667	0.135666	91
5838	-11	0.0837634	0.0837618	91
5848	-11	0.156324	0.156323	91
5848	11	0.277801	0.2778	91
5848	-11	0.200027	0.200026	91
5854	11	0.442455	0.442455	91
5854	-11	0.187312	0.187312	91
5857	-11	0.126159	0.126158	91
5862	11	0.120247	0.120246	91
5862	-11	0.194652	0.194651	91
5862	11	0.0159113	0.0159031	91
5866	-11	0.0273211	0.0273163	91
5873	11	0.0570365	0.0570342	91
5873	-11	0.609634	0.609634	91
5885	22	0.197605	0.197605	91
5885	-11	0.00668722	0.00666767	91
5888	22	0.102127	0.102127	91
5896	11	0.226594	0.226593	91
5913	-11	0.128911	0.12891	91
5918	22	0.135997	0.135997	91
5932	22	0.136399	0.136399	91
5938	-11	0.0656718	0.0656699	91
5945	11	0.0227189	0.0227132	91
5946	22	0.679104	0.679104	91
5946	11	0.0108378	0.0108258	91
5950	22	0.298792	0.298792	91
5950	11	0.0201443	0.0201378	91
5956	11	0.147118	0.147118	91
5956	-11	0.2804	0.2804	91
5960	22	0.108411	0.108411	91
5966	11	0.173836	0.173835	91
5966	-11	0.121577	0.121576	91
5966	22	0.104391	0.104391	91
5968	22	0.0967459	0.0967459	91
5971	22	0.383967	0.383967	91
5972	11	0.0430289	0.0430258	91
5972	-11	0.294747	0.294747	91
5973	11	0.003388	0.00334952	91
5973	-11	0.0321185	0.0321145	91
5973	22	0.164071	0.164071	91
5974	-11	0.108344	0.108342	91
5974	-11	0.0797448	0.0797432	91
5987	-11	0.248766	0.248765	91
5990	11	0.0158465	0.0158383	91
5990	-11	0.121433	0.121432	91
5996	11	0.299201	0.2992	91
5996	-11	0.111806	0.111804	91
5996	-11	0.00517867	0.00515354	91
6001	11	0.0075886	0.00757143	91
6003	-11	0.0874576	0.0874561	91
6015	11	0.111882	0.111881	91
6021	11	0.00991403	0.00990087	91
6021	-11	0.0293999	0.0293955	91
6021	-11	0.110469	0.110468	91
6035	11	0.239175	0.239174	91
6039	11	0.0566545	0.0566522	91
6039	-11	0.0408896	0.0408864	91
6044	22	0.151628	0.151628	91
6057	22	0.311361	0.311361	91
6059	11	0.00633738	0.00631682	91
6059	11	0.245393	0.245393	91
6059	-11	0.0132584	0.0132487	91
6061	22	0.072074	0.072074	91
6062	11	0.0400425	0.0400393	91
6062	-11	0.0364577	0.0364541	91
6067	11	0.109265	0.109264	91
6067	-11	0.0245061	0.0245008	91
6068	22	0.0976442	0.0976442	91
6068	11	0.0833498	0.0833483	91
6068	-11	0.0275351	0.0275304	91
6071	22	0.328264	0.328264	91
6072	11	0.0686409	0.0686391	91
6075	22	0.0733211	0.0733211	91
6078	11	0.0936316	0.0936302	91
6081	11	0.0796914	0.0796897	91
6081	-11	0.0139168	0.0139075	91
6081	11	0.123852	0.123851	91
6081	22	0.0960758	0.0960758	91
6081	22	0.111961	0.111961	91
6081	11	0.00608859	0.00606711	91
6087	-11	0.0282533	0.0282487	91
6089	-11	0.00894042	0.00892581	91
6089	11	0.0550672	0.0550648	91
6089	-11	0.221433	0.221432	91
6094	11	0.246081	0.24608	91
6094	-11	0.0334539	0.03345	91
6099	-11	0.0337793	0.0337755	91
6103	-11	0.0927384	0.092737	91
6103	-11	0.0239425	0.023937	91
6108	-11	0.0196026	0.0195959	91
6114	22	0.311297	0.311297	91
6114	11	0.0711763	0.0711745	91
6114	-11	0.0364191	0.0364156	91
6122	11	0.0064085	0.00638826	91
6131	11	0.0332338	0.0332298	91
6134	22	0.144195	0.144195	91
6143	22	0.12399	0.12399	91
6144	22	0.423151	0.423151	91
6144	-11	0.0423355	0.0423324	91
6151	22	0.375899	0.375899	91
6160	22	0.208884	0.208884	91
6161	22	0.129081	0.129081	91
6167	11	0.0306153	0.030611	91
6167	-11	0.0188054	0.0187984	91
6174	11	0.0136043	0.0135947	91
6174	-11	0.488122	0.488122	91
6181	11	0.072611	0.0726093	91
6181	-11	0.0337915	0.0337877	91
6181	-11	0.00577872	0.0057561	91
6182	-11	0.378695	0.378695	91
6187	22	0.0869567	0.0869567	91
6189	-11	0.0549915	0.0549892	91
6191	22	0.18304	0.18304	91
6207	-11	0.207665	0.207664	91
6213	22	0.266018	0.266018	91
6219	22	0.0498924	0.0498924	91
6219	22	0.72812	0.72812	91
6219	11	0.0778834	0.0778818	91
6219	-11	0.10536	0.105359	91
6220	22	0.170392	0.170392	91
6220	-11	0.0880601	0.0880587	91
6235	-11	0.21279	0.21279	91
6237	11	0.11485	0.114849	91
6237	-11	0.0408713	0.0408682	91
6238	11	0.158128	0.158128	91
6239	22	0.2059	0.2059	91
6239	22	0.269746	0.269746	91
6243	22	0.439853	0.439853	91
6243	11	0.0268398	0.0268349	91
6245	22	0.242136	0.242136	91
6245	22	0.0581202	0.0581202	91
6270	11	0.275644	0.275643	91
6270	-11	0.204531	0.20453	91
6271	22	0.238267	0.238267	91
6271	11	0.57765	0.57765	91
6271	-11	0.525461	0.525461	91
6272	-11	0.0016317	0.00154965	91
6272	-11	0.0700202	0.0700184	91
6279	22	0.14779	0.14779	91
6289	11	0.302853	0.302853	91
6289	-11	0.147396	0.147395	91
6295	-11	0.275625	0.275625	91
6303	11	0.0999402	0.0999389	91
6303	-11	0.0687371	0.0687352	91
6307	-11	0.0191335	0.0191267	91
6312	-11	0.199954	0.199953	91
6324	11	0.102233	0.102232	91
6329	22	0.187165	0.187165	91
6338	22	0.0571066	0.0571066	91
6338	22	0.0577547	0.0577547	91
6338	11	0.0228643	0.0228585	91
6345	22	0.401218	0.401218	91
6354	-11	0.0257327	0.0257276	91
6356	11	0.0934635	0.0934621	91
6356	-11	0.0377669	0.0377635	91
6373	-11	0.0168597	0.016852	91
6373	11	0.0934627	0.0934613	91
6373	-11	0.287227	0.287227	91
6373	11	0.150022	0.150021	91
6373	-11	0.00695874	0.00693998	91
6373	11	0.133326	0.133325	91
6374	22	0.315855	0.315855	91
6379	11	0.16405	0.16405	91
6379	-11	0.0385011	0.0384978	91
6383	-11	0.247616	0.247616	91
6391	22	0.188896	0.188896	91
6397	11	0.507267	0.507266	91
6397	-11	0.719091	0.71909	91
6397	-11	0.0322246	0.0322206	91
6399	11	0.0131434	0.0131335	91
6399	-11	0.427354	0.427354	91
6405	11	0.0140925	0.0140833	91
6405	-11	0.0317363	0.0317322	91
6409	22	1.09732	1.09732	91
6409	11	0.0323704	0.0323664	91
6409	-11	0.0104986	0.0104862	91
6410	22	0.0896499	0.0896499	91
6411	-11	0.290062	0.290062	91
6428	22	0.0685075	0.0685075	91
6428	11	0.16215	0.162149	91
6437	11	0.0157212	0.0157129	91
6437	-11	0.0337778	0.0337739	91
6443	-11	0.0666263	0.0666243	91
6450	-11	0.157015	0.157014	91
6456	-11	0.0466448	0.046642	91
6457	-11	0.163679	0.163678	91
6459	11	0.12221	0.122209	91
6460	22	0.0831223	0.0831223	91
6462	22	0.0965417	0.0965417	91
6465	22	0.0152172	0.0152172	91
6466	11	0.129492	0.129491	91
6466	-11	0.133275	0.133275	91
6467	22	0.703147	0.703147	91
6467	22	0.420513	0.420513	91
6468	-11	0.0193758	0.0193691	91
6469	22	0.0856143	0.0856143	91
6469	11	0.0769847	0.076983	91
6469	-11	0.071035	0.0710332	91
6469	11	0.0364981	0.0364945	91
6473	22	0.202079	0.202079	91
6473	22	0.102635	0.102635	91
6475	-11	0.149741	0.14974	91
6479	22	0.0661759	0.0661759	91
6492	22	0.0913082	0.0913082	91
6494	22	0.0820675	0.0820675	91
6496	-11	0.073529	0.0735272	91
6497	-11	0.0212022	0.021196	91
6506	22	0.534267	0.534267	91
6523	11	0.00736958	0.00735197	91
6525	22	0.108545	0.108545	91
6526	22	0.00885715	0.00885715	91
6533	22	0.288274	0.288274	91
6537	22	0.427729	0.427729	91
6538	22	0.0816068	0.0816068	91
6543	11	0.00499099	0.00496491	91
6546	22	0.12942	0.12942	91
6553	22	0.334862	0.334862	91
6558	11	0.0156655	0.0156572	91
6558	-11	0.057565	0.0575627	91
6558	11	0.0251533	0.0251481	91
6558	11	0.0136737	0.0136641	91
6558	-11	0.160633	0.160632	91
6561	22	0.141012	0.141012	91
6561	11	0.645619	0.645619	91
6563	-11	0.209222	0.209222	91
6567	11	0.0549803	0.0549779	91
6577	-11	0.101212	0.101211	91
6578	22	0.0565722	0.0565722	91
6578	-11	0.190952	0.190951	91
6585	11	0.0191059	0.0190991	91
6592	11	0.0361539	0.0361503	91
6592	-11	0.140029	0.140028	91
6600	11	0.123064	0.123063	91
6600	-11	0.298718	0.298718	91
6608	-11	0.157263	0.157263	91
6609	11	0.132142	0.132141	91
6609	-11	0.133942	0.133941	91
6609	11	0.173002	0.173002	91
6609	-11	0.190885	0.190885	91
6610	22	0.043346	0.043346	91
6610	22	0.131459	0.131459	91
6615	11	0.0648884	0.0648863	91
6617	-11	0.0178962	0.0178889	91
6618	22	0.157676	0.157676	91
6619	-11	0.183386	0.183385	91
6625	22	0.131874	0.131874	91
6627	11	0.0221221	0.0221162	91
6627	-11	0.0141529	0.0141437	91
6627	22	1.34371	1.34371	91
6642	-11	0.0580051	0.0580029	91
6650	22	0.183836	0.183836	91
6650	11	0.00566852	0.00564545	91
6654	11	0.195746	0.195745	91
6654	-11	0.127325	0.127324	91
6663	11	0.33086	0.33086	91
6663	-11	0.0299742	0.0299699	91
6669	11	0.0521043	0.0521018	91
6672	22	0.083385	0.083385	91
6680	22	0.123288	0.123288	91
6685	22	0.0630189	0.0630189	91
6687	22	0.286732	0.286732	91
6687	11	0.764519	0.764519	91
6687	-11	0.0449382	0.0449353	91
6687	11	0.0190824	0.0190756	91
6687	-11	0.0389835	0.0389801	91
6689	11	0.048067	0.0480643	91
6691	22	0.161622	0.161622	91
6696	22	0.203867	0.203867	91
6698	22	0.10273	0.10273	91
6700	11	0.0219432	0.0219372	91
6702	11	0.0149942	0.0149855	91
6704	22	0.0601231	0.0601231	91
6709	22	0.0869617	0.0869617	91
6712	-11	0.0199474	0.0199409	91
6721	11	0.303094	0.303093	91
6721	-11	0.0904219	0.0904204	91
6724	22	0.0648922	0.0648922	91
6727	22	0.181284	0.181284	91
6728	-11	0.156982	0.156981	91
6731	22	0.113063	0.113063	91
6731	-11	0.134531	0.13453	91
6731	22	0.180293	0.180293	91
6742	11	0.0347735	0.0347698	91
6742	11	0.317142	0.317141	91
6742	-11	0.0701819	0.07018	91
6748	22	0.116092	0.116092	91
6751	11	0.362646	0.362646	91
6774	-11	0.00950336	0.00948963	91
6778	22	0.303169	0.303169	91
6800	22	0.230085	0.230085	91
6800	22	0.0569382	0.0569382	91
6800	11	0.040844	0.0408408	91
6800	-11	0.0521767	0.0521742	91
6813	-11	0.0996738	0.0996725	91
6814	11	0.149877	0.149876	91
6821	11	0.0324481	0.0324441	91
6821	-11	0.11607	0.116068	91
6823	11	0.0549475	0.0549452	91
6823	-11	0.262558	0.262558	91
6824	22	0.217026	0.217026	91
6824	11	0.00216832	0.00210727	91
6830	-11	0.00328111	0.0032411	91
6830	11	0.0550482	0.0550458	91
6830	-11	0.03233	0.0323259	91
6831	11	0.0121944	0.0121837	91
6831	-11	0.374074	0.374074	91
6835	11	0.1162	0.116199	91
6839	-11	0.4124	0.4124	91
6844	-11	0.128337	0.128336	91
6846	11	0.144432	0.144431	91
6846	-11	0.020058	0.0200516	91
6849	22	0.194758	0.194758	91
6852	22	0.195245	0.195245	91
6852	-11	0.057813	0.0578108	91
6861	-11	0.0179483	0.0179411	91
6861	22	0.0681334	0.0681334	91
6864	-11	0.00227657	0.00221883	91
6877	11	0.422847	0.422846	91
6877	-11	0.0606315	0.0606293	91
6878	11	0.0197303	0.0197237	91
6878	-11	0.113406	0.113405	91
6879	11	0.0211791	0.0211729	91
6885	-11	0.271013	0.271012	91
6889	-11	0.0102831	0.0102704	91
6891	22	0.39605	0.39605	91
6897	22	0.210965	0.210965	91
6901	-11	0.0264279	0.026423	91
6904	22	0.0677054	0.0677054	91
6906	11	0.037062	0.0370585	91
6906	-11	0.0538419	0.0538395	91
6906	-11	0.361401	0.3614	91
6915	-11	0.0773445	0.0773428	91
6929	11	0.0103698	0.0103572	91
6944	22	0.0850151	0.0850151	91
6944	11	0.0125076	0.0124971	91
6944	-11	0.104304	0.104303	91
6951	-11	0.138905	0.138904	91
6951	11	0.0689905	0.0689886	91
6951	-11	0.199347	0.199347	91
6969	22	0.0937494	0.0937494	91
6977	-11	0.0945125	0.0945112	91
6980	11	0.0337874	0.0337836	91
6980	-11	0.0234572	0.0234517	91
6985	11	0.12774	0.127739	91
6985	-11	0.134709	0.134708	91
6986	22	0.0468439	0.0468439	91
6987	22	0.208808	0.208808	91
6993	11	0.0664122	0.0664102	91
6993	-11	0.673797	0.673797	91
6993	22	0.129718	0.129718	91
7000	11	0.53808	0.538079	91
7000	-11	0.12838	0.128379	91
7000	22	0.189344	0.189344	91
7011	-11	0.221114	0.221113	91
7024	11	0.236847	0.236846	91
7024	-11	0.0517583	0.0517558	91
7030	11	0.105437	0.105436	91
7030	-11	0.175485	0.175485	91
7032	11	0.0246604	0.0246551	91
7035	22	0.382357	0.382357	91
7037	22	0.0241897	0.0241897	91
7038	-11	0.00405691	0.0040249	91
7044	11	0.121729	0.121728	91
7044	-11	0.0286949	0.0286903	91
7050	22	0.0986807	0.0986807	91
7050	22	0.0973034	0.0973034	91
7057	11	0.276026	0.276026	91
7057	-11	0.122787	0.122786	91
7057	11	0.209232	0.209231	91
7057	-11	0.0697203	0.0697185	91
7057	11	0.158396	0.158396	91
7059	22	0.15204	0.15204	91
7067	-11	0.0232745	0.0232689	91
7070	11	0.049039	0.0490363	91
7071	22	0.296887	0.296887	91
7076	-11	0.513175	0.513175	91
7078	22	0.0646458	0.0646458	91
7081	11	0.0276232	0.0276185	91
7081	-11	0.165251	0.165251	91
7085	11	0.00755824	0.00754095	91
7085	-11	0.194772	0.194771	91
7091	11	0.0416141	0.041611	91
7091	-11	0.79605	0.79605	91
7091	22	0.0174155	0.0174155	91
7091	11	0.0842861	0.0842846	91
7091	-11	0.0198031	0.0197965	91
7093	11	0.115243	0.115242	91
7093	-11	0.0030006	0.00295699	91
7101	22	0.0437684	0.0437684	91
7101	11	0.0736811	0.0736793	91
7103	22	0.280111	0.280111	91
7103	11	0.234331	0.23433	91
7103	-11	0.0222007	0.0221948	91
7112	11	0.0667765	0.0667745	91
7112	-11	0.0844665	0.084465	91
7116	-11	0.111194	0.111193	91
7118	22	0.119175	0.119175	91
7118	11	0.0599729	0.0599707	91
7118	-11	0.129387	0.129386	91
7121	-11	0.0222684	0.0222626	91
7121	-11	0.113194	0.113193	91
7123	22	0.120236	0.120236	91
7130	22	0.181848	0.181848	91
7131	22	0.0892139	0.0892139	91
7131	-11	0.0614655	0.0614634	91
7131	11	0.0502941	0.0502915	91
7140	11	0.165231	0.16523	91
7143	22	0.317863	0.317863	91
7144	11	0.508315	0.508314	91
7149	-11	0.021082	0.0210758	91
7149	11	0.0539037	0.0539013	91
7149	-11	0.0913891	0.0913877	91
7151	22	0.0840846	0.0840846	91
7153	22	0.342335	0.342335	91
7174	22	0.0789594	0.0789594	91
7178	11	0.0447709	0.044768	91
7178	-11	0.216983	0.216982	91
7179	22	0.154409	0.154409	91
7182	11	0.303412	0.303412	91
7182	-11	0.147256	0.147255	91
7205	11	0.0059165	0.00589451	91
7206	22	0.333911	0.333911	91
7206	-11	0.155847	0.155846	91
7206	11	0.0589992	0.058997	91
7206	-11	0.140724	0.140723	91
7212	22	0.630141	0.630141	91
7220	11	0.0590731	0.0590709	91
7220	-11	0.00947129	0.0094575	91
7223	11	0.0101057	0.0100927	91
7224	22	0.359387	0.359387	91
7226	22	0.0785446	0.0785446	91
7226	22	0.112224	0.112224	91
7230	11	0.0601841	0.060182	91
7234	22	0.0620825	0.0620825	91
7237	-11	0.00375964	0.00372493	91
7243	11	0.0183069	0.0182997	91
7245	11	0.290967	0.290967	91
7245	-11	0.10786	0.107858	91
7254	-11	0.0094346	0.00942077	91
7254	11	0.196117	0.196117	91
7254	-11	0.0018321	0.00175969	91
7258	22	0.519911	0.519911	91
7265	22	0.377282	0.377282	91
7278	11	0.101389	0.101388	91
7278	-11	0.0351992	0.0351955	91
7296	-11	0.0434677	0.0434647	91
7310	22	0.288613	0.288613	91
7317	22	0.391427	0.391427	91
7321	22	0.101793	0.101793	91
7323	11	0.00707308	0.00705469	91
7326	22	0.132844	0.132844	91
7329	11	0.159769	0.159769	91
7329	-11	0.025219	0.0252138	91
7329	-11	0.056643	0.0566407	91
7330	22	0.0769406	0.0769406	91
7337	-11	0.0885766	0.0885752	91
7341	22	0.0534102	0.0534102	91
7343	22	0.09355	0.09355	91
7343	11	0.146767	0.146766	91
7343	11	0.0466326	0.0466298	91
7343	11	0.0595769	0.0595747	91
7348	11	0.099794	0.0997927	91
7348	-11	0.0633801	0.063378	91
7350	11	0.296134	0.296134	91
7350	-11	0.0764401	0.0764384	91
7375	11	0.184567	0.184567	91
7375	-11	0.128197	0.128196	91
7376	11	0.00556123	0.00553777	91
7382	11	0.269966	0.269965	91
7382	-11	0.333835	0.333835	91
7387	11	0.13462	0.134619	91
7388	11	0.425042	0.425041	91
7388	-11	0.872019	0.872019	91
7388	22	0.192719	0.192719	91
7396	22	0.0905605	0.0905605	91
7397	22	0.0734176	0.0734176	91
7412	11	0.258383	0.258382	91
7412	-11	0.0585372	0.058535	91
7413	11	0.00968673	0.00967324	91
7416	22	0.385863	0.385863	91
7418	22	0.199075	0.199075	91
7419	22	0.277054	0.277054	91
7419	22	0.233017	0.233017	91
7419	11	0.220654	0.220653	91
7419	-11	0.0939509	0.0939495	91
7425	-11	0.0144727	0.0144636	91
7432	11	0.221155	0.221155	91
7432	-11	0.0732592	0.0732575	91
7440	11	0.0438627	0.0438597	91
7446	22	0.17958	0.17958	91
7446	-11	0.0856268	0.0856253	91
7449	22	0.241452	0.241452	91
7450	11	0.105362	0.105361	91
7450	-11	0.0131233	0.0131134	91
7477	11	0.0393071	0.0393038	91
7480	11	0.0352788	0.0352751	91
7483	-11	0.0673939	0.0673919	91
7493	22	0.65622	0.65622	-43
7495	22	0.412812	0.412812	91
7496	22	0.0690685	0.0690685	91
7502	22	0.0579052	0.0579052	91
7502	-11	0.0812	0.0811984	91
7502	11	0.0118993	0.0118884	91
7509	22	0.40344	0.40344	91
7511	11	0.0847039	0.0847023	91
7511	-11	0.0185736	0.0185667	91
7514	22	0.119168	0.119168	91
7528	11	0.0245092	0.0245039	91
7528	-11	0.508927	0.508927	91
7532	22	1.04208	1.04208	91
7532	11	0.051185	0.0511825	91
7536	11	0.120371	0.12037	91
7545	11	0.100214	0.100213	91
7545	11	0.00506664	0.00504086	91
7545	-11	0.0059202	0.00589818	91
7546	22	0.367391	0.367391	91
7559	11	0.181291	0.181291	91
7559	-11	0.0815691	0.0815675	91
7560	22	0.0724361	0.0724361	91
7561	22	0.288972	0.288972	91
7561	22	0.270967	0.270967	91
7570	11	0.0170381	0.0170304	91
7572	11	0.055121	0.0551186	91
7572	-11	0.0119242	0.0119133	91
7575	11	0.107547	0.107546	91
7576	11	0.0285547	0.0285501	91
7580	11	0.0247832	0.024778	91
7582	22	0.0439945	0.0439945	91
7583	11	0.0554708	0.0554684	91
7583	-11	0.129928	0.129927	91
7584	-11	0.102816	0.102815	91
7587	11	0.148398	0.148397	91
7591	22	0.368546	0.368546	91
7591	-11	0.0101765	0.0101638	91
7592	22	0.0851658	0.0851658	91
7596	22	0.755156	0.755156	91
7597	22	0.122721	0.122721	91
7597	11	0.108331	0.10833	91
7611	22	0.245683	0.245683	91
7619	22	0.304229	0.304229	91
7619	22	0.793516	0.793516	91
7619	22	0.0656428	0.0656428	91
7620	-11	0.0950416	0.0950403	91
7623	-11	0.00252521	0.00247327	91
7627	11	0.154315	0.154314	91
7627	-11	0.185503	0.185503	91
7646	11	0.0599078	0.0599056	91
7646	-11	0.242656	0.242656	91
7657	11	0.0820118	0.0820102	91
7657	-11	0.911878	0.911878	91
7663	22	0.378189	0.378189	91
7665	11	0.120186	0.120184	91
7665	-11	0.35985	0.359849	91
7665	11	0.0550754	0.055073	91
7669	22	0.16576	0.16576	91
7676	22	0.0634242	0.0634242	91
7682	-11	0.161169	0.161169	91
7690	-11	0.013351	0.0133413	91
7701	11	0.253024	0.253024	91
7701	-11	0.0571934	0.0571911	91
7702	22	0.0743448	0.0743448	91
7708	11	0.0503753	0.0503727	91
7708	-11	0.00557399	0.00555067	91
7710	22	0.06366	0.06366	91
7711	11	0.0390301	0.0390268	91
7717	11	0.0466222	0.0466194	91
7717	-11	0.171463	0.171463	91
7720	-11	0.0145502	0.0145413	91
7725	22	0.206947	0.206947	91
7727	22	0.284729	0.284729	91
7727	-11	0.181403	0.181402	91
7729	22	0.575145	0.575145	91
7730	11	0.206286	0.206286	91
7730	-11	0.0270358	0.027031	91
7732	11	0.717444	0.717443	91
7735	11	0.0427164	0.0427133	91
7735	-11	0.145311	0.145311	91
7737	22	0.072013	0.072013	91
7739	11	0.0828212	0.0828196	91
7750	11	0.010119	0.0101061	91
7752	11	0.00478371	0.00475638	91
7776	22	0.292771	0.292771	91
7776	22	0.203574	0.203574	91
7776	22	0.0882922	0.0882922	91
7779	22	0.0797374	0.0797374	91
7782	11	0.0128007	0.0127906	91
7783	-11	0.134185	0.134184	91
7788	22	0.237377	0.237377	91
7792	22	0.187023	0.187023	91
7792	22	0.194311	0.194311	91
7792	-11	0.00784044	0.00782392	91
7795	-11	0.133032	0.133031	91
7796	11	0.0181381	0.018131	91
7798	22	0.0489691	0.0489691	91
7798	11	0.0243568	0.0243514	91
7798	-11	0.187636	0.187635	91
7801	22	0.0659241	0.0659241	91
7812	22	0.109165	0.109165	91
7812	11	0.0191433	0.0191365	91
7812	-11	0.143211	0.14321	91
7819	22	0.159369	0.159369	91
7823	11	0.0420682	0.0420651	91
7823	-11	0.203755	0.203754	91
7829	22	0.140119	0.140119	91
7838	-11	0.027486	0.0274812	91
7839	11	0.208549	0.208549	91
7839	-11	0.0802334	0.0802318	91
7839	11	0.0505921	0.0505895	91
7850	-11	0.11352	0.113519	91
7853	-11	0.00524637	0.00522144	91
7856	11	0.111737	0.111736	91
7856	-11	0.0740539	0.0740521	91
7863	-11	0.0265162	0.0265113	91
7864	22	0.285693	0.285693	91
7864	11	0.105822	0.105821	91
7864	-11	0.0524296	0.0524271	91
7864	11	0.0145312	0.0145222	91
7867	-11	0.0240571	0.0240517	91
7867	22	0.856554	0.856554	91
7878	11	0.0401054	0.0401021	91
7878	-11	0.0162557	0.0162477	91
7888	22	0.212587	0.212587	91
7890	11	0.197896	0.197896	91
7890	-11	0.0281296	0.028125	91
7892	11	0.109801	0.1098	91
7892	-11	0.436188	0.436188	91
7892	11	0.341368	0.341368	91
7892	-11	0.232046	0.232045	91
7892	11	0.03642	0.0364165	91
7893	22	0.0793668	0.0793668	91
7902	11	0.0223746	0.0223688	91
7902	-11	0.00620674	0.0061857	91
7903	-11	0.0727775	0.0727757	91
7903	11	0.0962795	0.0962781	91
7903	-11	0.197528	0.197528	91
7922	11	0.0738562	0.0738545	91
7922	-11	0.0230671	0.0230615	91
7923	22	0.150794	0.150794	91
7940	-11	0.00817757	0.00816162	91
7947	-11	0.0360345	0.0360309	91
7951	11	0.00552614	0.00550247	91
7954	22	1.13009	1.13009	91
7954	22	0.0753073	0.0753073	91
7954	11	0.061748	0.0617459	91
7954	11	0.106343	0.106342	91
7960	11	0.0796975	0.0796958	91
7960	-11	0.0376743	0.0376709	91
7973	11	0.0242129	0.0242075	91
7986	11	0.0424544	0.0424513	91
7993	11	0.254101	0.2541	91
7993	-11	0.0739433	0.0739415	91
7996	-11	0.0622111	0.0622091	91
8001	22	0.0765249	0.0765249	91
8023	11	0.376158	0.376157	91
8023	-11	0.0124615	0.0124511	91
8027	11	0.212497	0.212496	91
8027	11	0.0649163	0.0649143	91
8027	-11	0.208605	0.208604	91
8027	22	0.10533	0.10533	91
8027	-11	0.0956584	0.095657	91
8028	11	0.17484	0.174839	91
8028	-11	0.0637439	0.0637419	91
8042	-11	0.089121	0.0891195	91
8049	11	0.123908	0.123907	91
8057	-11	0.103348	0.103347	91
8066	22	0.0739179	0.0739179	91
8066	11	0.0377742	0.0377707	91
8066	-11	0.0304385	0.0304342	91
8066	11	0.0057842	0.00576164	91
8074	-11	0.014418	0.014409	91
8092	11	0.293933	0.293933	91
8092	-11	0.09954	0.0995387	91
8097	11	0.157394	0.157393	91
8098	22	0.0806274	0.0806274	91
8103	11	0.446039	0.446039	91
8103	-11	0.0455895	0.0455866	91
8106	11	0.409532	0.409532	91
8106	-11	0.0502972	0.0502946	91
8106	11	0.0667817	0.0667797	91
8117	22	0.256045	0.256045	91
8122	-11	0.0119651	0.0119542	91
8124	22	0.289889	0.289889	91
8127	-11	0.194484	0.194484	91
8128	-11	0.0146706	0.0146617	91
8132	-11	0.127398	0.127397	91
8133	-11	0.218375	0.218374	91
8134	11	0.157085	0.157084	91
8134	-11	0.0952776	0.0952762	91
8135	11	0.353612	0.353612	91
8135	-11	0.0560734	0.0560711	91
8136	-11	0.0860443	0.0860428	91
8146	11	0.203637	0.203636	91
8146	-11	0.108613	0.108611	91
8149	22	0.521675	0.521675	91
8150	-11	0.0186309	0.0186239	91
8155	11	0.115128	0.115127	91
8157	11	0.69277	0.69277	91
8157	-11	0.0527222	0.0527197	91
8162	11	0.112377	0.112376	91
8166	11	0.0864782	0.0864767	91
8178	11	0.603228	0.603228	91
8179	22	0.117171	0.117171	91
8180	11	0.817456	0.817456	91
8180	-11	0.0541404	0.054138	91
8187	11	0.0510462	0.0510436	91
8187	-11	0.0618791	0.061877	91
8187	-11	0.0179317	0.0179245	91
8191	-11	0.0262609	0.026256	91
8211	11	0.00529081	0.0052661	91
8219	11	0.0257868	0.0257817	91
8219	-11	0.0102136	0.0102008	91
8221	11	0.133461	0.13346	91
8224	11	0.0455852	0.0455823	91
8228	-11	0.0426606	0.0426576	91
8228	-11	0.0720449	0.0720431	91
8237	22	0.118765	0.118765	91
8238	-11	0.0395247	0.0395214	91
8242	11	0.0955456	0.0955442	91
8242	-11	0.108124	0.108123	91
8242	11	0.16253	0.162529	91
8242	-11	0.0465171	0.0465143	91
8243	22	0.282531	0.282531	91
8243	11	0.0254346	0.0254295	91
8243	-11	0.0581718	0.0581696	91
8250	22	0.0559002	0.0559002	91
8251	22	0.346309	0.346309	91
8252	11	0.0845404	0.0845389	91
8253	11	0.0854981	0.0854966	91
8253	-11	0.013096	0.0130861	91
8261	11	0.0834963	0.0834947	91
8261	-11	0.160865	0.160865	91
8263	11	0.267955	0.267954	91
8276	22	0.260397	0.260397	91
8280	22	0.104996	0.104996	91
8281	11	0.0443158	0.0443129	91
8296	22	0.679266	0.679266	91
8301	22	0.0695003	0.0695003	91
8305	22	0.193234	0.193234	91
8327	11	0.209146	0.209145	91
8334	22	0.452326	0.452326	91
8338	11	0.350569	0.350569	91
8338	-11	0.196702	0.196702	91
8347	11	0.130619	0.130618	91
8351	-11	0.0599973	0.0599951	91
8352	22	0.406411	0.406411	91
8353	11	0.426842	0.426841	91
8355	22	0.171636	0.171636	91
8356	11	0.0162243	0.0162163	91
8358	11	0.00250563	0.00245335	91
8361	-11	0.108428	0.108427	91
8362	11	0.225305	0.225304	91
8362	-11	0.0602811	0.0602789	91
8368	11	0.243712	0.243711	91
8368	-11	0.0686434	0.0686416	91
8368	11	0.0158315	0.0158233	91
8379	11	0.379573	0.379573	91
8379	-11	0.178464	0.178463	91
8380	22	0.154293	0.154293	91
8380	-11	0.100472	0.10047	91
8386	22	0.0844473	0.0844473	91
8400	-11	0.180112	0.180112	91
8404	22	0.291739	0.291739	91
8426	11	0.0528182	0.0528158	91
8431	22	0.153825	0.153825	91
8433	22	0.253914	0.253914	91
8435	11	0.0910992	0.0910978	91
8438	11	0.070787	0.0707852	91
8441	22	0.0952663	0.0952663	91
8441	11	0.0637896	0.0637876	91
8441	-11	0.188127	0.188126	91
8443	11	0.148751	0.14875	91
8443	11	0.0347859	0.0347822	91
8448	11	0.315021	0.31502	91
8448	-11	0.159568	0.159568	91
8453	11	0.446261	0.44626	91
8453	11	0.0175775	0.0175701	91
8461	-11	0.0328022	0.0327982	91
8465	11	0.049371	0.0493683	91
8465	-11	0.337269	0.337268	91
8468	11	0.201666	0.201665	91
8468	-11	0.239376	0.239376	91
8468	-11	0.123887	0.123886	91
8469	11	0.227046	0.227045	91
8474	11	0.221914	0.221913	91
8474	-11	0.0739362	0.0739344	91
8485	11	0.0212387	0.0212326	91
8499	11	0.145507	0.145506	91
8499	-11	0.0128373	0.0128272	91
8503	11	0.046276	0.0462731	91
8516	22	0.311733	0.311733	91
8522	11	0.147763	0.147762	91
8524	22	0.281847	0.281847	91
8528	-11	0.00345225	0.00341441	91
8528	11	0.11252	0.112519	91
8528	-11	0.0186662	0.0186592	91
8538	-11	0.168748	0.168748	91
8541	22	0.153223	0.153223	91
8541	22	0.066856	0.066856	91
8541	-11	0.17043	0.170429	91
8544	-11	0.0341161	0.0341123	91
8548	22	0.15725	0.15725	91
8551	22	0.0416486	0.0416486	91
8554	11	0.479465	0.479465	91
8554	-11	0.093957	0.0939556	91
8555	-11	0.0904859	0.0904845	91
8568	22	0.19405	0.19405	91
8575	11	0.205462	0.205461	91
8575	-11	0.132772	0.132771	91
8575	11	0.0618579	0.0618558	91
8575	-11	0.318996	0.318995	91
8580	-11	0.0183016	0.0182945	91
8590	11	0.318919	0.318919	91
8590	-11	0.0306498	0.0306455	91
8590	11	0.0402602	0.040257	91
8590	11	0.0109749	0.010963	91
8590	-11	0.111976	0.111975	91
8600	-11	0.0325202	0.0325162	91
8604	22	0.267635	0.267635	91
8606	11	0.0860672	0.0860657	91
8606	-11	0.11363	0.113629	91
8616	22	0.413763	0.413763	91
8616	22	0.0477784	0.0477784	91
8623	11	0.159541	0.15954	91
8623	-11	0.0155471	0.0155388	91
8624	11	0.0802991	0.0802975	91
8638	22	0.328968	0.328968	91
8656	22	0.0659565	0.0659565	91
8671	22	0.15057	0.15057	91
8671	11	0.0337313	0.0337275	91
8672	11	0.435846	0.435845	91
8672	-11	0.0537393	0.0537368	91
8680	11	0.0880721	0.0880706	91
8680	-11	0.265495	0.265495	91
8689	-11	0.0136574	0.0136479	91
8691	22	0.19086	0.19086	91
8691	11	0.395535	0.395535	91
8691	-11	0.27099	0.270989	91
8700	22	0.14455	0.14455	91
8700	11	0.0562608	0.0562585	91
8704	-11	0.0100184	0.0100055	91
8708	22	0.0697972	0.0697972	91
8710	-11	0.00121618	0.00110363	91
8715	11	0.115926	0.115925	91
8715	-11	0.0847141	0.0847126	91
8715	11	0.105329	0.105328	91
8725	22	0.0544774	0.0544774	91
8725	11	0.0245001	0.0244949	91
8725	11	0.301836	0.301836	91
8725	-11	0.040294	0.0402908	91
8727	11	0.0460595	0.0460566	91
8732	11	0.0970197	0.0970184	91
8732	-11	0.327629	0.327629	91
8734	-11	0.217586	0.217585	91
8738	-11	0.105532	0.105531	91
8746	22	0.0893983	0.0893983	91
8749	11	0.251285	0.251285	91
8758	11	0.227833	0.227832	91
8760	-11	0.0535421	0.0535397	91
8761	11	0.196625	0.196624	91
8761	-11	0.0203538	0.0203474	91
8762	22	0.0789631	0.0789631	91
8764	11	0.160286	0.160285	91
8764	11	0.00685215	0.00683316	91
8773	11	0.294168	0.294167	91
8777	22	0.148514	0.148514	91
8779	22	0.0687936	0.0687936	91
8791	22	0.37063	0.37063	91
8793	-11	0.0175476	0.0175402	91
8803	22	0.0573368	0.0573368	91
8808	11	0.0665443	0.0665423	91
8808	-11	0.0306061	0.0306018	91
8808	-11	0.0664788	0.0664768	91
8809	11	0.0502971	0.0502945	91
8809	-11	0.0410213	0.0410181	91
8814	11	0.0186901	0.0186832	91
8818	11	0.0701667	0.0701648	91
8820	11	0.112092	0.112091	91
8820	-11	0.018076	0.0180688	91
8827	22	0.0641575	0.0641575	91
8828	22	0.398707	0.398707	91
8831	-11	0.0698371	0.0698352	91
8834	11	0.00425675	0.00422608	91
8837	22	0.0839247	0.0839247	91
8839	22	0.0465719	0.0465719	91
8846	22	0.1823	0.1823	91
8846	11	0.0956244	0.095623	91
8846	-11	0.0695664	0.0695645	91
8857	22	0.443206	0.443206	91
8859	11	0.106971	0.10697	91
8859	-11	0.128813	0.128812	91
8863	-11	0.0608124	0.0608103	91
8864	22	0.292491	0.292491	91
8864	22	0.14444	0.14444	91
8868	11	0.0391236	0.0391202	91
8874	11	0.0162048	0.0161968	91
8874	-11	0.0175647	0.0175573	91
8874	11	0.208532	0.208532	91
8874	-11	0.132147	0.132146	91
8882	-11	0.0245248	0.0245195	91
8884	-11	0.0618152	0.0618131	91
8884	11	0.0243967	0.0243914	91
8895	22	0.411077	0.411077	91
8895	11	0.0944255	0.0944241	91
8895	-11	0.108057	0.108056	91
8915	11	0.248451	0.248451	91
8920	22	0.316702	0.316702	91
8920	-11	0.010629	0.0106167	91
8921	11	0.0311974	0.0311932	91
8921	22	0.221969	0.221969	91
8921	11	0.0147365	0.0147276	91
8926	11	0.641137	0.641137	91
8926	-11	0.13789	0.137889	91
8927	22	0.358009	0.358009	91
8934	22	0.0388548	0.0388548	91
8945	-11	0.542376	0.542375	91
8945	-11	0.0217682	0.0217622	91
8950	22	0.0732362	0.0732362	91
8950	11	0.0707154	0.0707135	91
8950	-11	0.0297469	0.0297426	91
8955	11	0.246814	0.246814	91
8961	22	0.128793	0.128793	91
8981	-11	0.0105863	0.0105741	91
8982	11	0.124812	0.124811	91
8982	-11	0.0730496	0.0730478	91
8988	11	0.51581	0.515809	91
8988	-11	0.126634	0.126633	91
8990	11	0.316723	0.316723	91
9002	11	0.288368	0.288368	91
9002	-11	0.0668103	0.0668084	91
9005	22	0.503267	0.503267	91
9012	22	0.0167038	0.0167038	91
9012	11	0.197663	0.197662	91
9012	-11	0.0281806	0.0281759	91
9013	11	0.045818	0.0458151	91
9013	-11	0.0162443	0.0162363	91
9021	22	0.131736	0.131736	91
9028	22	0.0752109	0.0752109	91
9028	-11	0.0213025	0.0212964	91
9035	-11	0.151852	0.151851	91
9036	11	0.238689	0.238688	91
9036	-11	0.143932	0.143931	91
9042	-11	0.0328509	0.0328469	91
9048	11	0.00533089	0.00530653	91
9055	22	0.160843	0.160843	91
9059	22	0.451608	0.451608	91
9060	-11	0.0155473	0.015539	91
9072	11	0.123062	0.123061	91
9072	-11	0.134871	0.13487	91
9074	-11	0.0645269	0.0645249	91
9074	-11	0.0499988	0.0499962	91
9076	22	0.104934	0.104934	91
9077	22	0.038029	0.038029	91
9078	22	0.136713	0.136713	91
9079	22	0.0803491	0.0803491	91
9082	11	0.132338	0.132337	91
9082	-11	0.31769	0.317689	91
9082	-11	0.0231993	0.0231936	91
9082	-11	0.0508439	0.0508414	91
9090	22	0.12553	0.12553	91
9090	11	0.227135	0.227135	91
9090	-11	0.0973376	0.0973363	91
9094	22	0.0583244	0.0583244	91
9095	11	0.00219329	0.00213307	91
9111	-11	0.0844773	0.0844758	91
9111	11	0.0185856	0.0185786	91
9114	22	0.141251	0.141251	91
9119	22	0.140495	0.140495	91
9130	22	0.385219	0.385219	91
9134	11	0.051858	0.0518555	91
9134	-11	0.0768132	0.0768115	91
9142	11	0.0124756	0.0124652	91
9142	-11	0.0738087	0.073807	91
9151	11	0.0148191	0.0148104	91
9154	11	0.112367	0.112366	91
9154	-11	0.0642086	0.0642065	91
9172	11	0.0165669	0.016559	91
9172	11	0.0155009	0.0154925	91
9188	22	0.152689	0.152689	91
9191	11	0.109389	0.109388	91
9192	-11	0.0727153	0.0727136	91
9197	-11	0.0146494	0.0146405	91
9197	11	0.0410185	0.0410153	91
9197	-11	0.085492	0.0854905	91
9210	11	0.0848443	0.0848427	91
9210	-11	0.068117	0.068115	91
9215	22	0.0759998	0.0759998	91
9217	22	0.155699	0.155699	91
9228	22	0.237775	0.237775	91
9228	22	0.0374272	0.0374272	91
9243	11	0.00470034	0.00467267	91
9247	11	0.0494964	0.0494938	91
9250	22	0.0914659	0.0914659	91
9255	-11	0.0889271	0.0889257	91
9255	-11	0.115125	0.115124	91
9261	11	0.128004	0.128003	91
9261	-11	0.242922	0.242921	91
9277	11	0.0914607	0.0914593	91
9277	-11	0.204755	0.204755	91
9277	22	0.06745	0.06745	91
9281	11	0.288293	0.288293	91
9281	-11	0.260481	0.260481	91
9283	11	0.0315184	0.0315143	91
9283	-11	0.351459	0.351459	91
9284	22	0.0866538	0.0866538	91
9284	22	0.229001	0.229001	91
9287	11	0.106488	0.106487	91
9291	11	0.0606341	0.060632	91
9294	22	0.0725406	0.0725406	91
9295	22	0.198263	0.198263	91
9299	22	0.0466001	0.0466001	91
9302	11	0.0502981	0.0502955	91
9307	11	0.0274378	0.0274331	91
9307	-11	0.251504	0.251503	91
9313	-11	0.0291067	0.0291022	91
9330	11	0.0854837	0.0854822	91
9330	-11	0.13846	0.138459	91
9331	-11	0.0655591	0.0655572	91
9331	22	0.0617316	0.0617316	91
9334	-11	0.0361774	0.0361738	91
9340	-11	0.32727	0.327269	91
9342	22	0.0659594	0.0659594	91
9349	22	0.519552	0.519552	91
9358	11	0.0754682	0.0754665	91
9358	-11	0.231227	0.231227	91
9359	11	0.311701	0.3117	91
9359	-11	0.0742821	0.0742804	91
9364	11	0.0642754	0.0642733	91
9364	-11	0.131399	0.131398	91
9369	22	0.0459405	0.0459405	91
9370	11	0.0239897	0.0239842	91
9376	-11	0.0354159	0.0354122	91
9377	22	0.245485	0.245485	91
9396	11	0.270685	0.270685	91
9396	-11	0.438171	0.438171	91
9396	-11	0.106917	0.106916	91
9400	11	0.0636243	0.0636222	91
9405	22	0.0550479	0.0550479	91
9407	-11	0.0206577	0.0206514	91
9409	22	0.16133	0.16133	91
9413	11	0.0185864	0.0185794	91
9413	-11	0.0165726	0.0165647	91
9417	-11	0.0253778	0.0253727	91
9425	11	0.278196	0.278196	91
9430	22	0.0693678	0.0693678	91
9436	11	0.118847	0.118846	91
9436	-11	0.370097	0.370097	91
9437	11	0.0194533	0.0194466	91
9443	11	0.0050619	0.00503613	91
9447	22	0.106427	0.106427	91
9451	-11	0.0260164	0.0260114	91
9454	22	0.18562	0.18562	91
9454	22	0.238196	0.238196	91
9465	22	0.0479001	0.0479001	91
9470	11	0.0253312	0.0253261	91
9470	-11	0.0167771	0.0167693	91
9482	22	0.131524	0.131524	91
9496	11	0.0989523	0.098951	91
9497	22	0.0726917	0.0726917	91
9512	11	0.0358252	0.0358215	91
9522	11	0.0157334	0.0157251	91
9522	11	0.0318254	0.0318213	91
9534	11	0.0204545	0.0204481	91
9537	22	0.569414	0.569414	91
9537	22	0.0367837	0.0367837	91
9555	11	0.243906	0.243906	91
9555	-11	0.230838	0.230837	91
9556	11	0.147277	0.147276	91
9560	11	0.31963	0.31963	91
9560	-11	0.0204476	0.0204412	91
9566	11	0.161164	0.161163	91
9566	-11	0.253693	0.253693	91
9572	11	0.00554523	0.00552185	91
9574	22	0.133764	0.133764	91
9582	11	0.00606457	0.0060432	91
9587	11	0.0238536	0.0238482	91
9605	-11	0.0549293	0.0549269	91
9613	22	0.143577	0.143577	91
9613	22	0.241889	0.241889	91
9613	11	0.00357749	0.00354087	91
9617	22	0.0546968	0.0546968	91
9625	11	0.03605	0.0360464	91
9635	22	0.10714	0.10714	91
9635	22	0.216361	0.216361	91
9639	-11	0.0611272	0.0611251	91
9646	22	0.103459	0.103459	91
9646	-11	0.0525682	0.0525658	91
9651	11	0.120137	0.120136	91
9651	-11	0.10396	0.103958	91
9652	22	0.0748554	0.0748554	91
9658	-11	0.0147399	0.0147311	91
9659	-11	1.69801	1.69801	91
9659	22	0.483116	0.483116	91
9659	22	0.237527	0.237527	91
9672	11	0.101951	0.10195	91
9672	11	0.043207	0.043204	91
9672	-11	0.0118062	0.0117952	91
9675	11	0.225321	0.22532	91
9675	-11	0.0751543	0.0751526	91
9675	22	0.0407497	0.0407497	91
9676	11	0.138004	0.138003	91
9676	-11	0.0157829	0.0157746	91
9679	11	0.114395	0.114394	91
9684	22	0.0265232	0.0265232	91
9687	11	0.0187789	0.018772	91
9687	-11	0.146683	0.146682	91
9691	22	0.202557	0.202557	91
9692	22	0.378243	0.378243	91
9694	11	0.00650278	0.00648274	91
9694	-11	0.0265066	0.0265017	91
9695	-11	0.0614117	0.0614095	91
9697	22	0.115972	0.115972	91
9703	11	0.231486	0.231485	91
9706	-11	0.0647328	0.0647308	91
9707	22	0.121158	0.121158	91
9710	11	0.461857	0.461857	91
9710	-11	0.703087	0.703087	91
9712	11	0.0413798	0.0413766	91
9712	-11	0.0320414	0.0320374	91
9727	11	0.136447	0.136446	91
9727	-11	0.0379509	0.0379475	91
9736	22	0.492361	0.492361	91
9740	11	0.357427	0.357427	91
9740	-11	0.210603	0.210602	91
9742	-11	0.0736348	0.073633	91
9752	22	0.0503219	0.0503219	91
9755	22	0.213415	0.213415	91
9757	22	0.321134	0.321134	91
9757	-11	0.0532641	0.0532617	91
9765	-11	0.0188894	0.0188825	91
9784	22	0.0877334	0.0877334	91
9793	11	0.0432679	0.0432649	91
9793	-11	0.409058	0.409058	91
9796	11	0.0785169	0.0785152	91
9799	-11	0.563693	0.563693	91
9808	22	0.192589	0.192589	91
9809	11	0.257938	0.257938	91
9809	-11	0.0698957	0.0698938	91
9810	22	0.0573704	0.0573704	91
9813	11	0.00291314	0.00286818	91
9814	22	0.135041	0.135041	91
9818	22	0.144324	0.144324	91
9818	11	0.162701	0.162701	91
9818	11	0.0475913	0.0475885	91
9818	-11	0.279074	0.279074	91
9824	22	0.449208	0.449208	91
9830	-11	0.174893	0.174893	91
9836	11	0.177355	0.177355	91
9836	-11	0.00481828	0.00479133	91
9840	11	0.0839854	0.0839838	91
9841	22	0.129513	0.129513	91
9851	22	0.0683097	0.0683097	91
9856	11	0.00505904	0.00503329	91
9863	11	0.0236527	0.0236472	91
9863	-11	0.372157	0.372157	91
9869	22	0.0906056	0.0906056	91
9869	-11	0.0398284	0.0398251	91
9871	22	0.176307	0.176307	91
9873	11	0.0943828	0.0943814	91
9873	-11	0.0451068	0.045104	91
9875	-11	0.00453391	0.00450502	91
9876	-11	0.0145133	0.0145043	91
9876	11	0.0184871	0.01848	91
9876	-11	0.365154	0.365153	91
9877	22	0.266232	0.266232	91
9879	22	0.213198	0.213198	91
9879	11	0.274539	0.274539	91
9882	11	0.119225	0.119224	91
9882	-11	0.0864324	0.0864309	91
9887	11	0.0499698	0.0499672	91
9895	11	0.14428	0.144279	91
9897	-11	0.0543257	0.0543233	91
9900	-11	0.091397	0.0913956	91
9917	22	0.561921	0.561921	-43
9917	11	0.0206483	0.020642	91
9917	22	0.144207	0.144207	91
9917	11	0.0449598	0.0449569	91
9917	-11	0.24783	0.24783	91
9917	-11	0.0124449	0.0124345	91
9923	22	0.436913	0.436913	91
9924	22	0.117335	0.117335	91
9924	-11	0.0549806	0.0549782	91
9926	22	0.131947	0.131947	91
9926	11	0.243631	0.24363	91
9928	22	0.355029	0.355029	91
9930	22	0.175857	0.175857	91
9933	22	0.130513	0.130513	91
9935	22	0.0923382	0.0923382	91
9940	11	0.0944793	0.094478	91
9940	-11	0.00322639	0.00318575	91
9942	22	0.523247	0.523247	91
9943	22	0.480539	0.480539	91
9945	22	0.301722	0.301722	91
9948	-11	0.272487	0.272487	91
9948	11	0.191	0.191	91
9964	11	0.0940533	0.0940519	91
9964	-11	0.172038	0.172037	91
9971	11	0.0231344	0.0231288	91
9971	-11	0.0396806	0.0396773	91
9973	11	0.0504974	0.0504948	91
9975	22	0.077315	0.077315	91
9975	11	0.0200051	0.0199986	91
9975	-11	0.507985	0.507985	91
9976	-11	0.0326148	0.0326109	91
9984	22	0.0242674	0.0242674	91
9986	-11	0.0311447	0.0311405	91
9991	22	0.0845762	0.0845762	91
9996	11	0.0418691	0.041866	91
