Exotic Particle Analysis
******************************************************
JobID: 20200430	No. Events: 1000	SNN: 130

Simulation Parameters:
Version: Pythia8 Angantyr
Type of Cut: pseudorapidity (n)
Cut: 0.1
Calorimeter (r=regular, c=calorimeter): r
Counting method: d

Event	Particle	ET	pT
1	-11	0.000725874	0.00051556	91
2	11	0.0799116	0.07991	91
4	22	0.117065	0.117065	91
5	11	0.42568	0.42568	91
5	-11	0.121669	0.121668	91
6	22	0.103681	0.103681	91
12	22	0.0568098	0.0568098	91
14	-11	0.147348	0.147347	91
15	22	0.0734458	0.0734458	91
16	11	0.0200422	0.0200357	91
23	22	0.0682621	0.0682621	91
26	11	0.418721	0.418721	91
26	-11	0.484255	0.484254	91
26	22	0.0397774	0.0397774	91
27	11	0.208091	0.208091	91
27	-11	0.151774	0.151774	91
32	22	0.18179	0.18179	91
32	22	0.0604736	0.0604736	91
32	-11	0.133795	0.133794	91
32	11	0.0350724	0.0350687	91
32	-11	0.0201407	0.0201342	91
36	11	0.237629	0.237628	91
39	11	0.34393	0.34393	91
42	11	0.0200007	0.0199942	91
42	-11	0.0374573	0.0374539	91
47	22	0.201487	0.201487	91
49	11	0.298631	0.298631	91
49	11	0.0223889	0.0223831	91
49	-11	0.0306232	0.0306189	91
51	22	0.0341218	0.0341218	91
51	11	0.0727152	0.0727134	91
54	11	0.0770522	0.0770505	91
54	-11	0.0885315	0.08853	91
56	22	0.0500045	0.0500045	91
58	-11	0.00206865	0.00200516	91
59	11	0.00471004	0.0046824	91
59	-11	0.00905884	0.00904442	91
61	22	0.166812	0.166812	91
62	22	0.125508	0.125508	91
63	22	0.0316871	0.0316871	91
66	22	0.0484146	0.0484146	91
70	22	0.58699	0.58699	62
70	-11	0.132062	0.132061	91
70	11	0.307064	0.307063	91
70	22	0.239706	0.239706	91
70	22	0.829711	0.829711	91
70	22	0.138436	0.138436	91
70	22	0.214281	0.214281	91
70	11	0.0122961	0.0122855	91
70	11	0.0232028	0.0231971	91
70	-11	0.109615	0.109614	91
70	-11	0.292397	0.292397	91
82	22	0.163965	0.163965	91
84	22	0.104195	0.104195	91
85	22	0.438367	0.438367	91
87	-11	0.0204409	0.0204346	91
87	11	0.105646	0.105645	91
105	11	0.0427072	0.0427042	91
105	-11	0.0434526	0.0434496	91
108	22	0.205066	0.205066	91
113	22	0.0516581	0.0516581	91
119	11	0.00124413	0.00113441	91
120	11	0.0876982	0.0876967	91
120	-11	0.125505	0.125504	91
120	11	0.0455003	0.0454974	91
120	11	0.109454	0.109452	91
120	11	0.296421	0.296421	91
120	-11	0.0388975	0.0388942	91
125	11	0.0879861	0.0879847	91
125	-11	0.225771	0.225771	91
125	11	0.1116	0.111599	91
125	-11	0.189078	0.189077	91
128	11	0.101122	0.101121	91
130	11	0.697603	0.697603	91
133	22	0.133319	0.133319	91
133	-11	0.274903	0.274903	91
134	11	0.160281	0.16028	91
135	22	0.384038	0.384038	91
135	11	0.216248	0.216248	91
135	-11	0.0189329	0.018926	91
142	11	0.055876	0.0558737	91
148	22	0.0474714	0.0474714	91
148	11	0.161697	0.161696	91
148	-11	0.257267	0.257266	91
149	-11	0.0325256	0.0325216	91
150	11	0.267164	0.267164	91
151	22	0.112666	0.112666	91
155	22	0.115367	0.115367	91
155	11	0.0397152	0.0397119	91
155	-11	0.0238191	0.0238136	91
155	11	0.0166227	0.0166149	91
155	-11	0.196004	0.196003	91
159	-11	0.104146	0.104145	91
159	11	0.0660194	0.0660174	91
159	-11	0.0724717	0.0724699	91
160	11	0.0233914	0.0233858	91
163	22	0.0429469	0.0429469	91
163	22	0.0583246	0.0583246	91
164	22	0.371114	0.371114	91
164	22	0.0770434	0.0770434	91
166	22	0.918694	0.918694	62
171	22	0.0676876	0.0676876	91
171	22	0.0175068	0.0175068	91
171	11	0.297844	0.297844	91
171	-11	0.0877361	0.0877346	91
171	11	0.00979629	0.00978299	91
173	22	0.0539474	0.0539474	91
175	22	0.0103981	0.0103981	91
175	22	0.0590644	0.0590644	91
175	22	0.239244	0.239244	91
175	11	0.0244541	0.0244488	91
180	11	0.129112	0.129111	91
180	-11	0.243349	0.243349	91
180	-11	0.00729624	0.00727846	91
180	-11	0.0248126	0.0248074	91
181	-11	0.0345973	0.0345936	91
184	22	0.473413	0.473413	91
186	11	0.067044	0.067042	91
186	11	0.0312786	0.0312744	91
186	-11	0.052582	0.0525795	91
187	11	0.0747533	0.0747515	91
187	11	0.0113795	0.0113681	91
187	-11	0.0215805	0.0215745	91
188	22	0.0758835	0.0758835	91
189	22	0.151224	0.151224	91
190	11	0.0285505	0.028546	91
193	11	0.0263112	0.0263063	91
194	22	0.292781	0.292781	91
202	22	0.102559	0.102559	91
202	11	0.0701365	0.0701346	91
202	-11	0.173341	0.17334	91
202	11	0.171811	0.17181	91
203	-11	0.0285649	0.0285604	91
203	11	0.00785435	0.00783771	91
203	-11	0.00543499	0.005411	91
204	22	0.0630402	0.0630402	91
204	-11	0.302512	0.302511	91
204	11	0.0102574	0.0102447	91
204	-11	0.0363513	0.0363478	91
207	11	0.218142	0.218141	91
207	-11	0.052283	0.0522805	91
207	11	0.105546	0.105545	91
207	-11	0.385635	0.385634	91
208	22	0.112939	0.112939	91
208	11	0.0783508	0.0783492	91
208	-11	0.08975	0.0897486	91
217	-11	0.0200328	0.0200263	91
218	22	0.0198252	0.0198252	91
224	22	0.0885101	0.0885101	91
225	22	0.141527	0.141527	91
226	22	0.0908252	0.0908252	91
228	22	0.0799718	0.0799718	91
228	22	0.0368533	0.0368533	91
233	11	0.00964396	0.00963052	91
238	22	0.301921	0.301921	91
240	11	0.0536359	0.0536335	91
242	22	0.148082	0.148082	91
242	11	0.0809565	0.0809549	91
243	11	0.0508059	0.0508033	91
243	-11	0.054091	0.0540886	91
249	11	0.289527	0.289527	91
249	-11	0.0426491	0.0426461	91
251	22	0.302088	0.302088	91
254	22	0.0575962	0.0575962	91
255	-11	0.0799686	0.079967	91
255	22	0.302957	0.302957	91
256	-11	0.0168142	0.0168065	91
257	-11	0.0456208	0.0456179	91
257	11	0.0599223	0.0599201	91
257	-11	0.241356	0.241356	91
258	22	0.140013	0.140013	91
258	11	0.00335818	0.00331933	91
258	-11	0.0232862	0.0232806	91
258	11	0.130877	0.130876	91
263	22	0.0765898	0.0765898	91
268	22	0.327187	0.327187	91
268	11	0.12399	0.123989	91
268	-11	0.0132767	0.0132669	91
271	-11	0.028667	0.0286625	91
272	11	0.00674162	0.0067223	91
272	-11	0.366911	0.366911	91
279	22	0.248021	0.248021	91
279	-11	0.00385325	0.00381946	91
279	11	0.0535805	0.0535781	91
279	-11	0.0648478	0.0648458	91
281	22	0.0367274	0.0367274	91
282	22	0.110744	0.110744	91
282	22	0.0754808	0.0754808	91
282	11	0.134243	0.134242	91
283	22	0.759813	0.759813	-43
285	11	0.106456	0.106454	91
285	-11	0.16093	0.160929	91
286	11	0.0101234	0.0101105	91
286	11	0.213451	0.213451	91
286	-11	0.0244091	0.0244037	91
287	-11	0.0352044	0.0352007	91
287	22	0.0575218	0.0575218	91
289	22	0.176955	0.176955	91
290	11	0.00674386	0.00672459	91
290	-11	0.126817	0.126816	91
290	22	0.0710844	0.0710844	91
290	11	0.140752	0.140751	91
290	-11	0.034176	0.0341722	91
291	11	0.0336181	0.0336142	91
295	22	0.0780981	0.0780981	91
295	22	0.0915755	0.0915755	91
297	22	0.0730007	0.0730007	91
297	22	0.113083	0.113083	91
297	22	0.38802	0.38802	91
297	22	0.728268	0.728268	91
298	22	0.315679	0.315679	91
298	11	0.0851281	0.0851266	91
298	-11	0.00988868	0.0098756	91
298	11	0.058575	0.0585728	91
298	-11	0.107255	0.107254	91
299	22	0.043857	0.043857	91
299	22	0.372146	0.372146	91
301	22	0.228227	0.228227	91
301	-11	0.0729593	0.0729576	91
305	22	0.192867	0.192867	91
311	22	0.766841	0.766841	91
312	11	0.0135123	0.0135027	91
319	22	0.322426	0.322426	91
320	11	0.373507	0.373507	91
320	-11	0.160124	0.160124	91
321	22	0.132604	0.132604	91
321	22	0.0806366	0.0806366	91
321	-11	0.0722663	0.0722645	91
322	11	0.2623	0.2623	91
322	11	0.0373798	0.0373763	91
322	-11	0.185831	0.18583	91
324	-11	0.0783468	0.0783451	91
325	22	0.0882627	0.0882627	91
327	11	0.0490629	0.0490603	91
332	11	0.230121	0.23012	91
332	-11	0.131234	0.131233	91
334	11	0.0341609	0.0341571	91
336	22	0.145369	0.145369	91
338	22	0.0076181	0.0076181	91
339	11	0.0420964	0.0420933	91
340	22	0.060733	0.060733	91
340	11	0.222265	0.222264	91
340	-11	0.0601039	0.0601017	91
340	11	0.00562846	0.00560533	91
345	-11	0.0513116	0.0513091	91
345	22	0.145655	0.145655	91
346	11	0.110319	0.110318	91
346	-11	0.136281	0.13628	91
346	22	0.279117	0.279117	91
347	22	0.184911	0.184911	91
350	22	0.0403129	0.0403129	91
351	11	0.167804	0.167804	91
351	-11	0.0804579	0.0804563	91
358	-11	0.0410077	0.0410045	91
360	22	0.0848108	0.0848108	91
360	11	0.0674356	0.0674336	91
360	-11	0.345387	0.345386	91
361	22	0.117173	0.117173	91
361	22	0.0679626	0.0679626	91
362	22	0.508594	0.508594	-43
362	11	0.0274648	0.02746	91
368	11	0.119395	0.119394	91
368	22	0.0904631	0.0904631	91
368	22	0.060468	0.060468	91
368	-11	0.0771035	0.0771018	91
369	11	0.223718	0.223717	91
369	-11	0.449857	0.449857	91
371	11	0.00350808	0.00347081	91
371	22	0.480185	0.480185	91
376	-11	0.0880504	0.0880489	91
376	-11	0.0561742	0.0561719	91
377	22	0.212668	0.212668	91
377	11	0.0170528	0.0170452	91
378	22	0.264063	0.264063	91
378	22	0.15995	0.15995	91
380	22	0.326471	0.326471	91
380	11	0.215699	0.215698	91
380	-11	0.032622	0.032618	91
380	11	0.103803	0.103802	91
380	-11	0.270125	0.270125	91
381	22	0.749927	0.749927	91
381	11	0.116757	0.116756	91
381	-11	0.0831579	0.0831563	91
382	22	0.337362	0.337362	91
382	11	0.0227208	0.0227151	91
382	-11	0.0350786	0.0350749	91
385	-11	0.216842	0.216841	91
386	11	0.0793526	0.079351	91
388	22	0.01987	0.01987	91
388	11	0.0142805	0.0142714	91
390	22	0.566829	0.566829	62
390	11	0.254832	0.254832	91
390	-11	0.00226768	0.00220958	91
394	22	0.471945	0.471945	91
395	11	0.0475971	0.0475944	91
395	-11	0.226726	0.226725	91
400	11	0.0568008	0.0567985	91
400	-11	0.280919	0.280919	91
400	11	0.0529214	0.0529189	91
400	-11	0.00601612	0.00599456	91
402	22	0.129085	0.129085	91
403	22	0.0912046	0.0912046	91
404	11	0.0773136	0.077312	91
404	-11	0.0951591	0.0951577	91
408	22	0.01875	0.01875	91
414	11	0.494864	0.494864	91
414	-11	0.0898801	0.0898786	91
415	11	0.0104135	0.0104011	91
415	-11	0.0908265	0.0908251	91
416	-11	0.0651948	0.0651928	91
416	11	0.0830371	0.0830355	91
416	-11	0.250579	0.250579	91
416	22	0.195514	0.195514	91
416	22	0.0335033	0.0335033	91
416	11	0.233942	0.233941	91
416	-11	0.0297691	0.0297648	91
416	22	0.324227	0.324227	91
416	11	0.0967911	0.0967898	91
416	-11	0.227281	0.227281	91
419	-11	0.0117368	0.0117257	91
419	22	0.136162	0.136162	91
420	-11	0.0659658	0.0659639	91
422	22	0.10298	0.10298	91
425	-11	0.0294765	0.0294721	91
425	11	0.0408218	0.0408186	91
426	-11	0.0297458	0.0297414	91
431	11	0.150176	0.150175	91
432	-11	0.0414958	0.0414927	91
434	11	0.0617762	0.0617741	91
434	-11	0.00118932	0.00107442	91
435	-11	0.0162729	0.0162649	91
437	11	0.0244184	0.0244131	91
440	22	0.0956943	0.0956943	91
442	11	0.286669	0.286668	91
442	-11	0.027152	0.0271472	91
443	-11	0.0121591	0.0121484	91
443	-11	0.063687	0.0636849	91
449	11	0.00830224	0.00828655	91
451	-11	0.0093164	0.00930245	91
452	11	0.083384	0.0833824	91
452	11	0.108073	0.108072	91
452	-11	0.142352	0.142351	91
454	11	0.354808	0.354807	91
454	-11	0.0652517	0.0652497	91
456	11	0.0347292	0.0347255	91
458	-11	0.0136447	0.0136352	91
463	22	0.120073	0.120073	91
464	22	0.0764373	0.0764373	91
464	22	0.251091	0.251091	91
468	22	0.156708	0.156708	91
468	22	0.101376	0.101376	91
468	-11	0.012988	0.012978	91
468	-11	0.107752	0.107751	91
470	-11	0.0141489	0.0141397	91
475	11	0.121331	0.12133	91
479	-11	0.0903222	0.0903207	91
481	-11	0.00670907	0.00668971	91
490	22	0.0187068	0.0187068	91
490	-11	0.0270914	0.0270866	91
490	11	0.230597	0.230596	91
492	11	0.0814144	0.0814128	91
492	-11	0.74052	0.74052	91
492	11	0.0106	0.0105878	91
493	22	0.140634	0.140634	91
493	22	0.0912519	0.0912519	91
493	22	0.041198	0.041198	91
495	22	0.171119	0.171119	91
496	22	0.0563139	0.0563139	91
497	11	0.0422457	0.0422426	91
497	-11	0.193317	0.193317	91
499	11	0.138547	0.138546	91
499	-11	0.00387742	0.00384362	91
505	11	0.0191414	0.0191346	91
507	11	0.0395792	0.0395759	91
509	11	0.0439168	0.0439138	91
509	-11	0.0903274	0.0903259	91
510	22	0.0896962	0.0896962	91
513	22	0.0678973	0.0678973	91
514	22	0.126545	0.126545	91
518	22	0.166817	0.166817	91
518	22	0.0651007	0.0651007	91
518	11	0.0122774	0.0122668	91
519	-11	0.0156865	0.0156783	91
521	-11	0.0370963	0.0370928	91
521	22	0.248649	0.248649	91
521	22	0.110721	0.110721	91
523	22	0.284716	0.284716	91
523	11	0.0651828	0.0651808	91
523	-11	0.0395058	0.0395025	91
523	11	0.168184	0.168183	91
523	11	0.00342405	0.00338602	91
524	22	0.310759	0.310759	91
525	11	0.00754588	0.00752867	91
526	11	0.00234245	0.00228607	91
526	-11	0.102243	0.102241	91
529	22	0.11059	0.11059	91
531	22	0.767518	0.767518	91
535	11	0.0218049	0.0217989	91
539	11	0.0159565	0.0159484	91
542	11	0.00168903	0.00161024	91
548	-11	0.307908	0.307907	91
548	11	0.0794975	0.0794958	91
549	11	0.267599	0.267599	91
549	-11	0.038235	0.0382316	91
550	22	0.108822	0.108822	91
551	11	0.0495296	0.049527	91
551	11	0.133445	0.133444	91
553	22	0.0085243	0.0085243	91
553	-11	0.0666232	0.0666212	91
554	11	0.0605665	0.0605644	91
554	11	0.0437232	0.0437202	91
564	22	0.0410688	0.0410688	91
571	-11	0.0554155	0.0554132	91
571	22	0.0722009	0.0722009	91
571	22	0.056809	0.056809	91
577	22	0.170726	0.170726	91
578	11	0.0624262	0.0624241	91
578	-11	0.00206541	0.00200122	91
580	11	0.117703	0.117702	91
583	22	0.0566652	0.0566652	91
589	22	0.0601718	0.0601718	91
594	22	0.415745	0.415745	91
594	22	0.110497	0.110497	91
596	22	0.0704263	0.0704263	91
596	-11	0.22055	0.22055	91
596	-11	0.128601	0.1286	91
598	-11	0.0406343	0.0406311	91
602	22	0.451629	0.451629	91
606	22	0.0603674	0.0603674	91
608	22	0.0594294	0.0594294	91
608	22	0.0678653	0.0678653	91
610	11	0.308035	0.308034	91
612	22	0.0541859	0.0541859	91
615	11	0.0170009	0.0169932	91
615	-11	0.0545988	0.0545964	91
615	-11	0.0206307	0.0206244	91
617	11	0.0065956	0.00657585	91
618	22	0.0851176	0.0851176	91
618	11	0.0720767	0.0720749	91
618	-11	0.413354	0.413354	91
622	11	0.0211214	0.0211153	91
624	22	0.61992	0.61992	91
625	22	0.273358	0.273358	91
626	11	0.250439	0.250438	91
626	-11	0.217057	0.217056	91
631	11	0.0687964	0.0687945	91
635	22	0.10977	0.10977	91
635	22	0.0488649	0.0488649	91
639	-12	0.345318	0.345318	91
642	11	0.022725	0.0227193	91
643	22	0.34959	0.34959	91
644	11	0.0257282	0.0257231	91
649	-11	0.0495311	0.0495285	91
651	22	0.0578659	0.0578659	91
651	11	0.226789	0.226789	91
651	-11	0.0851661	0.0851645	91
653	11	0.0378588	0.0378554	91
660	11	0.107319	0.107318	91
660	-11	0.0144751	0.0144661	91
662	11	0.13652	0.136519	91
662	-11	0.057674	0.0576717	91
662	11	0.111097	0.111096	91
663	22	0.243633	0.243633	91
663	-11	0.0409502	0.040947	91
663	22	0.0778436	0.0778436	91
663	22	0.0694058	0.0694058	91
664	-11	0.108721	0.10872	91
664	-11	0.00744022	0.00742277	91
667	22	0.0472583	0.0472583	91
674	22	0.0714007	0.0714007	91
674	11	0.119028	0.119027	91
675	22	0.0435075	0.0435075	91
678	11	0.0527846	0.0527821	91
678	-11	0.170828	0.170828	91
680	22	0.0706744	0.0706744	91
682	22	0.748993	0.748993	-43
682	22	0.0929222	0.0929222	91
683	11	0.168105	0.168104	91
684	-11	0.0238793	0.0238739	91
687	-11	0.0360868	0.0360832	91
687	11	0.0125324	0.012522	91
688	22	0.103569	0.103569	91
688	22	0.279518	0.279518	91
688	22	0.0516364	0.0516364	91
688	-11	0.166594	0.166593	91
689	22	0.285702	0.285702	91
689	22	0.158511	0.158511	91
689	-11	0.00532211	0.00529754	91
689	11	0.162562	0.162561	91
689	-11	0.0815589	0.0815573	91
689	-11	0.0449863	0.0449834	91
691	-11	0.0568379	0.0568356	91
697	22	0.244044	0.244044	91
697	11	0.0410142	0.041011	91
699	11	0.193127	0.193127	91
699	-11	0.729868	0.729868	91
704	22	0.30632	0.30632	91
709	13	0.700016	0.692074	91
709	22	0.0548995	0.0548995	91
710	22	0.138944	0.138944	91
711	22	0.0796245	0.0796245	91
713	22	0.238651	0.238651	91
715	22	0.554158	0.554158	91
715	11	0.205367	0.205366	91
715	-11	0.00779996	0.00778321	91
716	-11	0.0283983	0.0283937	91
718	22	0.147994	0.147994	91
719	11	0.0318003	0.0317962	91
719	-11	0.0148039	0.0147951	91
725	-11	0.167005	0.167004	91
725	-11	0.134947	0.134946	91
725	-11	0.211135	0.211134	91
725	-11	0.0868287	0.0868272	91
726	-11	0.0500338	0.0500312	91
726	-11	0.00182245	0.00174935	91
728	22	0.0550534	0.0550534	91
728	22	0.070512	0.070512	91
728	11	0.0570111	0.0570089	91
732	22	0.144514	0.144514	91
732	11	0.199769	0.199768	91
733	22	0.376136	0.376136	91
733	-11	0.0550408	0.0550385	91
733	11	0.269749	0.269749	91
733	-11	0.0332181	0.0332142	91
746	22	0.0212833	0.0212833	91
746	-11	0.32146	0.32146	91
750	22	0.0162547	0.0162547	91
750	11	0.0134079	0.0133983	91
754	-11	0.0981537	0.0981524	91
756	11	0.104486	0.104484	91
758	11	0.0267578	0.0267529	91
759	22	0.0988649	0.0988649	91
759	11	0.0304401	0.0304358	91
759	-11	0.286587	0.286586	91
761	-11	0.0303805	0.0303762	91
765	11	0.0049151	0.00488849	91
766	-11	0.231262	0.231261	91
766	22	0.08486	0.08486	91
766	11	0.0187707	0.0187637	91
768	-11	0.0610428	0.0610406	91
768	-11	0.0656288	0.0656268	91
768	11	0.00859861	0.00858346	91
769	22	0.319866	0.319866	91
770	22	0.0222105	0.0222105	91
772	22	0.119502	0.119502	91
775	22	0.293641	0.293641	91
775	22	0.0634772	0.0634772	91
775	22	0.0115623	0.0115623	91
775	22	0.0901605	0.0901605	91
780	22	0.0465745	0.0465745	91
780	-11	0.114199	0.114198	91
780	11	0.0204375	0.0204311	91
780	11	0.0581198	0.0581176	91
780	-11	0.0384099	0.0384065	91
781	22	0.0883332	0.0883332	91
782	-11	0.00681692	0.00679784	91
782	22	0.101265	0.101265	91
783	22	0.0557911	0.0557911	91
783	11	0.067672	0.0676701	91
785	11	0.373076	0.373076	91
785	-11	0.097927	0.0979257	91
787	22	0.0525047	0.0525047	91
788	11	0.0677078	0.0677058	91
788	-11	0.238844	0.238843	91
788	11	0.12842	0.128419	91
791	22	0.153949	0.153949	91
791	22	0.0756901	0.0756901	91
793	22	0.110037	0.110037	91
795	-11	0.0338899	0.0338861	91
796	22	0.0849872	0.0849872	91
797	22	0.235429	0.235429	91
802	22	0.0592129	0.0592129	91
803	22	0.076376	0.076376	91
803	-11	0.0120755	0.0120648	91
810	11	0.032693	0.032689	91
812	11	0.199217	0.199216	91
812	-11	0.0789263	0.0789246	91
814	11	0.15574	0.155739	91
814	-11	0.166285	0.166284	91
814	11	0.379632	0.379631	91
814	-11	0.0429255	0.0429224	91
815	11	0.0636536	0.0636515	91
818	22	0.297993	0.297993	91
820	22	0.0605576	0.0605576	91
820	22	0.179622	0.179622	91
820	22	0.0392715	0.0392715	91
823	22	0.243795	0.243795	91
823	22	0.0112703	0.0112703	91
825	22	0.154188	0.154188	91
825	-11	0.0431032	0.0431001	91
826	11	0.116335	0.116334	91
834	-11	0.164835	0.164834	91
834	11	0.0901417	0.0901403	91
835	22	0.0696634	0.0696634	91
835	22	0.0702357	0.0702357	91
835	22	0.082943	0.082943	91
835	11	0.0753638	0.0753621	91
837	22	0.0521605	0.0521605	91
848	22	0.143488	0.143488	91
849	22	0.294699	0.294699	91
849	22	0.119176	0.119176	91
849	11	0.0620688	0.0620667	91
849	-11	0.0241685	0.0241631	91
851	11	0.00296788	0.00292357	91
852	11	0.0311579	0.0311538	91
854	22	0.135325	0.135325	91
854	22	0.083226	0.083226	91
854	11	0.0060638	0.00604233	91
857	22	0.180547	0.180547	91
857	11	0.00782153	0.00780489	91
857	-11	0.0546294	0.054627	91
860	22	0.277522	0.277522	91
860	22	0.0633893	0.0633893	91
860	22	0.104319	0.104319	91
860	22	0.0556503	0.0556503	91
860	11	0.356795	0.356794	91
860	-11	0.0842037	0.0842021	91
864	-11	0.324398	0.324397	91
864	11	0.0416849	0.0416818	91
864	-11	0.0991893	0.099188	91
865	11	0.228996	0.228995	91
866	22	0.30079	0.30079	91
866	22	0.0629807	0.0629807	91
866	11	0.457962	0.457962	91
866	11	0.221815	0.221815	91
866	-11	0.0234072	0.0234017	91
872	22	0.137455	0.137455	91
872	-11	0.0158727	0.0158645	91
873	22	0.0810428	0.0810428	91
874	-11	0.202024	0.202023	91
874	11	0.0819832	0.0819817	91
874	11	0.0698978	0.069896	91
875	22	0.374231	0.374231	91
875	22	0.0707722	0.0707722	91
875	11	0.15798	0.157979	91
875	-11	0.123677	0.123676	91
876	11	0.0424806	0.0424775	91
876	-11	0.0374791	0.0374756	91
878	22	0.23074	0.23074	91
879	22	0.0408935	0.0408935	91
884	11	0.00939554	0.00938172	91
884	-11	0.147964	0.147963	91
886	22	0.0926811	0.0926811	91
887	11	0.00421982	0.00418878	91
891	22	0.0855099	0.0855099	91
891	-11	0.014605	0.0145961	91
891	-11	0.126834	0.126833	91
892	22	0.0481902	0.0481902	91
895	11	0.0614544	0.0614522	91
895	-11	0.0307425	0.0307383	91
903	22	0.18191	0.18191	91
903	22	0.113429	0.113429	91
904	22	0.159121	0.159121	91
904	22	0.402995	0.402995	91
915	22	0.0474355	0.0474355	91
915	11	0.0194386	0.0194319	91
920	22	0.0602257	0.0602257	91
920	22	0.0242373	0.0242373	91
920	22	0.089376	0.089376	91
920	11	0.0347443	0.0347406	91
920	-11	0.0417533	0.0417502	91
920	11	0.0611923	0.0611901	91
920	-11	0.140125	0.140124	91
921	22	0.151449	0.151449	91
921	11	0.0157582	0.01575	91
940	22	0.151285	0.151285	91
940	22	0.219926	0.219926	91
940	11	0.00874982	0.00873493	91
941	22	0.614278	0.614278	91
941	22	0.0977844	0.0977844	91
942	22	0.0688286	0.0688286	91
942	22	0.0717668	0.0717668	91
942	11	0.0304362	0.0304319	91
944	-11	0.0197412	0.0197346	91
944	22	0.267781	0.267781	91
951	-11	0.201538	0.201537	91
959	11	0.111234	0.111233	91
959	-11	0.315839	0.315839	91
959	11	0.262197	0.262196	91
961	-11	0.342099	0.342098	91
965	22	0.0154823	0.0154823	91
967	22	0.110763	0.110763	91
967	22	0.111294	0.111294	91
967	-11	0.0252884	0.0252832	91
967	11	0.00867469	0.00865965	91
968	11	0.0184583	0.0184513	91
968	-11	0.00530661	0.00528196	91
969	22	0.105772	0.105772	91
969	-11	0.0696375	0.0696356	91
971	22	0.059884	0.059884	91
972	11	0.207182	0.207181	91
972	-11	0.300497	0.300496	91
975	11	0.0715389	0.0715371	91
975	-11	0.129333	0.129332	91
979	22	0.0840608	0.0840608	91
982	22	0.49184	0.49184	91
984	11	0.0222644	0.0222585	91
986	22	0.324953	0.324953	91
986	11	0.0266541	0.0266492	91
987	22	0.997524	0.997524	91
987	22	0.160816	0.160816	91
990	22	0.0362461	0.0362461	91
991	22	0.757172	0.757172	91
997	22	0.0943997	0.0943997	91
997	11	0.0313276	0.0313234	91
998	22	0.0573529	0.0573529	91
998	11	0.0540256	0.0540232	91
998	11	0.199255	0.199255	91
998	-11	0.043325	0.043322	91
998	11	0.608275	0.608275	91
998	-11	0.244636	0.244635	91
