Exotic Particle Analysis
******************************************************
JobID: 20200430	No. Events: 1000	SNN: 5020

Simulation Parameters:
Version: Pythia8 Angantyr
Type of Cut: pseudorapidity (n)
Cut: 0.1
Calorimeter (r=regular, c=calorimeter): r
Counting method: d

Event	Particle	ET	pT
2	11	0.00627974	0.00625891	91
2	11	0.0146996	0.0146908	91
2	11	0.0367829	0.0367793	91
2	-11	0.127495	0.127494	91
2	-11	0.0668159	0.066814	91
3	22	5.74191	5.74191	-51
3	22	5.66028	5.66028	-44
3	22	5.95949	5.95949	62
3	-11	0.208246	0.208245	91
3	22	0.229701	0.229701	91
3	-11	0.161651	0.16165	91
6	22	0.231986	0.231986	91
6	22	0.333604	0.333604	91
6	22	0.23127	0.23127	91
6	22	0.0519091	0.0519091	91
6	11	0.0086882	0.0086733	91
7	11	0.0707652	0.0707633	91
8	11	0.0394182	0.0394149	91
8	22	0.0526868	0.0526868	91
8	22	0.12057	0.12057	91
8	-12	0.14032	0.14032	91
10	11	0.286442	0.286441	91
10	-11	0.102511	0.10251	91
11	22	3.81809	3.81809	-43
11	22	3.97224	3.97224	62
11	-14	0.106357	0.106357	91
11	11	0.173201	0.173201	91
11	-11	0.141389	0.141388	91
12	-11	1.90649	1.90649	91
12	22	0.0261361	0.0261361	91
13	22	0.663379	0.663379	91
13	-11	0.102383	0.102382	91
13	22	0.147665	0.147665	91
13	11	0.883748	0.883748	91
13	-11	0.248713	0.248712	91
13	11	0.193184	0.193184	91
13	22	0.115777	0.115777	91
13	-11	0.167407	0.167406	91
13	11	0.123851	0.12385	91
13	11	0.204648	0.204648	91
13	-11	0.253751	0.25375	91
13	11	0.0246109	0.0246056	91
13	-11	0.00386641	0.00383249	91
13	-13	0.402764	0.38866	91
13	-12	0.625831	0.625831	91
13	-13	0.515116	0.504173	91
14	22	0.190777	0.190777	91
14	22	0.165017	0.165017	91
14	-11	0.00213955	0.00207786	91
14	11	0.122566	0.122565	91
14	-11	0.265615	0.265615	91
14	11	0.0109402	0.0109282	91
14	-11	0.0387199	0.0387165	91
14	11	0.0171338	0.0171262	91
14	-11	0.119407	0.119406	91
14	11	0.26342	0.263419	91
18	22	0.171927	0.171927	91
18	22	0.167275	0.167275	91
18	22	0.0595958	0.0595958	91
18	22	0.0975842	0.0975842	91
18	11	0.114793	0.114792	91
18	11	0.197535	0.197535	91
18	-11	0.0181757	0.0181686	91
19	11	0.00638981	0.00636939	91
19	-11	0.256635	0.256634	91
20	11	0.235767	0.235767	91
20	-11	0.00176652	0.00169152	91
20	-11	0.0656326	0.0656306	91
20	22	0.0226083	0.0226083	91
20	-11	0.235512	0.235511	91
20	11	0.0158125	0.0158043	91
20	11	0.012653	0.0126427	91
20	-11	0.207696	0.207695	91
20	-11	0.179761	0.17976	91
20	11	0.00872916	0.00871433	91
21	-11	0.0102221	0.0102093	91
21	12	0.287829	0.287829	91
22	-11	0.0300001	0.0299958	91
22	-11	0.0579804	0.0579781	91
22	11	0.0304887	0.0304844	91
22	-11	0.0483858	0.0483831	91
22	13	0.123991	0.0648821	91
24	22	1.61322	1.61322	-43
24	22	1.6031	1.6031	-44
24	22	1.56941	1.56941	62
24	22	0.4585	0.4585	91
24	22	0.198701	0.198701	91
24	11	0.63773	0.63773	91
24	-11	0.14367	0.143669	91
24	11	0.0195252	0.0195186	91
26	-11	0.00638548	0.006365	91
26	22	0.170029	0.170029	91
26	22	0.0217816	0.0217816	91
26	11	0.0338907	0.0338868	91
26	-11	0.000852869	0.00068285	91
26	11	0.197861	0.197861	91
26	-11	0.106902	0.106901	91
27	11	0.0436529	0.0436499	91
27	-11	0.0132388	0.0132289	91
31	22	0.371012	0.371012	91
31	22	0.0556419	0.0556419	91
36	13	0.269229	0.247702	91
36	22	0.0638412	0.0638412	91
36	22	0.0403083	0.0403083	91
36	16	0.51943	0.51943	91
36	13	2.20196	2.19943	91
37	22	0.0723146	0.0723146	91
37	-11	0.00455507	0.00452648	91
37	11	0.327059	0.327059	91
38	11	0.444166	0.444166	91
38	-11	0.133203	0.133202	91
38	22	0.202531	0.202531	91
39	22	0.185335	0.185335	91
40	11	0.0393349	0.0393316	91
40	-11	0.0568522	0.0568499	91
40	11	0.211027	0.211026	91
40	-11	0.247817	0.247816	91
42	-11	0.461831	0.46183	91
42	-14	0.544514	0.544514	91
44	22	0.10682	0.10682	91
44	22	0.0343026	0.0343026	91
45	22	0.0802194	0.0802194	91
45	11	0.0486639	0.0486612	91
45	-11	0.183215	0.183215	91
45	11	0.0306072	0.0306029	91
45	-11	0.00630858	0.00628791	91
47	-11	0.00845246	0.008437	91
47	22	0.076133	0.076133	91
49	22	0.380257	0.380257	-51
49	22	0.383098	0.383098	-44
49	-11	0.219777	0.219777	62
49	11	0.163622	0.163621	62
49	22	0.232309	0.232309	91
49	11	0.0764392	0.0764375	91
49	-11	0.144126	0.144125	91
49	11	0.238973	0.238973	91
49	-11	0.0799464	0.0799447	91
49	11	0.0303675	0.0303633	91
50	22	0.282647	0.282647	91
50	22	0.097156	0.097156	91
51	22	0.25104	0.25104	91
51	11	0.433335	0.433334	91
52	11	0.0399187	0.0399154	91
52	-11	0.156503	0.156503	91
52	-11	0.0549037	0.0549013	91
53	11	0.0252078	0.0252027	91
53	-11	0.1226	0.122599	91
54	-11	0.0365673	0.0365637	91
54	11	0.00681187	0.00679275	91
56	22	0.00530756	0.00530756	91
56	11	0.00510246	0.00507694	91
56	-14	0.387144	0.387144	91
56	11	1.03331	1.03331	91
56	-11	0.0493352	0.0493325	91
56	11	0.36886	0.36886	91
56	-11	0.123293	0.123292	91
57	22	0.0577801	0.0577801	91
57	11	0.0790031	0.0790014	91
57	-11	0.221173	0.221173	91
58	11	0.0401721	0.0401689	91
58	22	0.0966495	0.0966495	91
58	11	0.0766511	0.0766495	91
58	11	0.790476	0.790476	91
58	22	0.95641	0.95641	91
58	22	0.101706	0.101706	91
58	22	0.222108	0.222108	91
58	11	0.102845	0.102844	91
58	-11	0.0182525	0.0182453	91
58	11	0.422487	0.422487	91
58	-11	0.365142	0.365141	91
59	22	0.106774	0.106774	91
59	11	0.0470073	0.0470045	91
59	22	0.237143	0.237143	91
59	11	0.0169728	0.0169651	91
61	22	0.59073	0.59073	91
61	11	0.124801	0.1248	91
61	-11	0.0933922	0.0933908	91
64	14	0.551156	0.551156	91
64	11	0.0221217	0.0221158	91
65	22	1.62048	1.62048	91
65	11	0.0124082	0.0123976	91
65	-11	0.188722	0.188722	91
65	22	0.0318868	0.0318868	91
65	22	0.0643322	0.0643322	91
65	11	0.0372549	0.0372514	91
65	-11	0.343651	0.34365	91
65	11	0.0320705	0.0320664	91
65	-11	0.0630407	0.0630386	91
65	-11	0.0675049	0.067503	91
66	11	0.449388	0.449388	91
66	-12	0.574179	0.574179	91
66	11	0.0194098	0.0194031	91
66	-11	0.0308959	0.0308917	91
66	22	0.101677	0.101677	91
66	22	0.0951483	0.0951483	91
66	11	0.0110341	0.0110223	91
66	11	0.0582726	0.0582703	91
66	-11	0.339289	0.339288	91
67	-11	0.0526211	0.0526186	91
68	11	1.11514	1.11514	91
68	-11	0.584075	0.584074	91
68	22	0.039826	0.039826	91
68	11	0.0158696	0.0158614	91
68	11	0.037657	0.0376536	91
68	11	0.154796	0.154795	91
68	-11	0.0794133	0.0794117	91
70	11	0.114389	0.114388	91
70	-11	0.0552102	0.0552078	91
70	22	0.103373	0.103373	91
70	-11	0.100087	0.100086	91
71	22	0.183136	0.183136	91
72	11	0.0270491	0.0270443	91
72	-11	0.133032	0.133031	91
74	11	0.0148746	0.0148659	91
74	-11	0.0364611	0.0364576	91
75	22	1.44845	1.44845	-43
75	22	1.45077	1.45077	-44
75	22	1.44404	1.44404	-44
75	22	1.39623	1.39623	62
75	22	0.0400506	0.0400506	91
75	11	0.197713	0.197712	91
75	11	0.966207	0.966207	91
75	11	0.00907414	0.00905974	91
81	22	0.0145129	0.0145129	91
81	-12	0.554055	0.554055	91
81	-11	0.00413099	0.00409956	91
84	12	0.0779117	0.0779117	91
84	22	0.0888683	0.0888683	91
84	11	0.158478	0.158477	91
84	-11	0.0749109	0.0749091	91
84	-11	0.0177715	0.0177642	91
86	-11	0.020852	0.0208458	91
86	11	0.108648	0.108647	91
86	-11	0.0987376	0.0987363	91
86	22	0.0525385	0.0525385	91
86	22	0.0424267	0.0424267	91
86	-11	0.0262936	0.0262887	91
86	11	0.259378	0.259377	91
86	-11	0.207653	0.207652	91
86	11	0.130644	0.130643	91
86	-11	0.388169	0.388169	91
88	11	0.0272665	0.0272617	91
89	11	2.54427	2.54427	91
89	22	0.0969057	0.0969057	91
90	22	0.0495039	0.0495039	91
90	11	0.62478	0.62478	91
90	-12	0.378359	0.378359	91
90	12	0.550981	0.550981	91
90	22	0.0394823	0.0394823	91
90	-11	0.433548	0.433548	91
90	11	0.0210767	0.0210705	91
92	22	0.759333	0.759333	91
92	11	0.156754	0.156753	91
92	-11	0.175669	0.175668	91
92	22	0.218098	0.218098	91
92	11	0.0230123	0.0230066	91
93	22	0.65615	0.65615	91
93	22	0.0042966	0.0042966	91
93	-11	0.174757	0.174756	91
94	-14	0.404541	0.404541	91
94	22	0.0879237	0.0879237	91
94	11	0.00943249	0.00941868	91
94	-11	0.10868	0.108678	91
94	11	0.0847806	0.084779	91
94	11	1.17295	1.17295	91
94	-11	0.124669	0.124668	91
95	22	0.133008	0.133008	91
95	22	0.190729	0.190729	91
95	22	0.0943188	0.0943188	91
95	-11	0.0467459	0.0467431	91
95	-11	0.0396711	0.0396679	91
96	22	0.182258	0.182258	91
96	-11	0.345932	0.345932	91
97	22	0.486792	0.486792	91
97	22	0.0553242	0.0553242	91
99	22	0.140007	0.140007	91
99	11	0.0846299	0.0846283	91
100	11	0.155409	0.155409	91
100	-11	0.0309451	0.0309409	91
101	22	0.515891	0.515891	-51
101	22	0.487213	0.487213	62
101	22	0.170336	0.170336	91
101	22	0.177472	0.177472	91
101	-11	0.513342	0.513342	91
101	22	0.282195	0.282195	91
101	22	0.260101	0.260101	91
101	11	0.038823	0.0388197	91
101	11	0.0152034	0.0151949	91
101	11	0.235566	0.235566	91
101	-11	0.0350332	0.0350294	91
102	12	0.568664	0.568664	91
102	22	0.0406197	0.0406197	91
102	22	0.144101	0.144101	91
102	22	0.245842	0.245842	91
102	22	0.700274	0.700274	91
102	11	0.0286058	0.0286012	91
102	-11	0.10466	0.104658	91
107	11	0.0474548	0.0474521	91
107	-11	0.0277446	0.0277399	91
107	11	0.167152	0.167151	91
107	-11	0.265993	0.265993	91
109	-11	0.0421083	0.0421052	91
111	22	0.342671	0.342671	91
111	11	0.213755	0.213755	91
111	22	0.621525	0.621525	91
111	-11	0.184507	0.184506	91
111	11	0.749788	0.749788	91
111	-11	1.07218	1.07218	91
111	-11	0.131714	0.131713	91
112	11	0.151675	0.151674	91
115	22	0.0642195	0.0642195	91
115	-11	0.256589	0.256588	91
115	22	0.139803	0.139803	91
115	22	0.0297118	0.0297118	91
115	-11	0.0480886	0.0480859	91
115	-11	0.101412	0.101411	91
115	11	0.0240857	0.0240802	91
116	22	0.0443459	0.0443459	91
116	11	0.0610494	0.0610473	91
116	-11	0.273969	0.273968	91
116	-11	0.00515394	0.00512855	91
116	11	0.0936155	0.0936141	91
119	22	0.0329262	0.0329262	91
120	22	0.104895	0.104895	91
120	22	0.0609261	0.0609261	91
120	11	0.119944	0.119943	91
120	-11	0.00908871	0.00907439	91
120	22	0.49717	0.49717	91
120	-11	0.0152397	0.0152312	91
121	11	0.0422	0.0421969	91
121	-11	0.0321268	0.0321227	91
123	12	1.62535	1.62535	91
123	22	0.0500267	0.0500267	91
123	22	0.0794814	0.0794814	91
123	11	0.00844602	0.00843057	91
123	11	0.16464	0.164639	91
123	-11	0.181336	0.181335	91
123	11	0.183853	0.183852	91
123	-11	0.0209152	0.020909	91
123	-11	0.0137352	0.0137257	91
124	22	0.413166	0.413166	91
124	22	0.0853791	0.0853791	91
124	-11	0.0380387	0.0380353	91
126	22	0.31222	0.31222	91
126	11	0.0392627	0.0392593	91
126	-11	0.179262	0.179262	91
126	11	0.0423951	0.042392	91
126	-11	0.218135	0.218135	91
128	13	0.492353	0.48093	91
128	-11	0.0986651	0.0986638	91
128	11	0.252096	0.252096	91
130	22	0.10786	0.10786	91
133	22	0.176574	0.176574	91
133	11	0.118863	0.118862	91
133	22	0.0927039	0.0927039	91
133	11	0.181981	0.18198	91
133	-11	0.0266699	0.026665	91
134	22	0.0859256	0.0859256	91
134	22	0.300529	0.300529	91
134	11	0.117742	0.11774	91
134	-11	0.0342836	0.0342798	91
135	12	0.353088	0.353088	91
135	22	0.0383016	0.0383016	91
135	22	0.0569256	0.0569256	91
135	22	0.238191	0.238191	91
135	11	0.0179504	0.0179431	91
135	-11	0.0620438	0.0620417	91
137	22	0.0950744	0.0950744	91
137	-11	0.106969	0.106968	91
137	13	0.302365	0.283407	91
139	-12	0.385431	0.385431	91
139	22	0.622412	0.622412	91
139	-11	0.258049	0.258049	91
139	22	0.473914	0.473914	91
139	22	0.364602	0.364602	91
139	11	0.00426238	0.00423185	91
139	11	0.00175177	0.00167614	91
139	12	0.557478	0.557478	91
139	11	0.111123	0.111122	91
142	22	0.563308	0.563308	91
142	11	0.04739	0.0473872	91
142	-11	0.0135114	0.0135018	91
144	11	0.088663	0.0886615	91
144	-11	0.0505415	0.050539	91
144	22	0.0416375	0.0416375	91
144	-11	0.00223398	0.00217533	91
144	11	0.0122761	0.0122655	91
144	-11	0.249806	0.249805	91
146	22	0.0322852	0.0322852	91
146	-11	0.132204	0.132203	91
149	11	0.0785746	0.0785729	91
149	-11	0.306442	0.306441	91
150	11	0.0926301	0.0926287	91
151	22	1.0273	1.0273	91
151	-11	0.0336606	0.0336568	91
151	11	0.00964507	0.00963154	91
152	22	0.174203	0.174203	91
152	11	0.791689	0.791689	91
152	-11	0.0323086	0.0323046	91
154	11	0.0410115	0.0410084	91
157	22	0.030849	0.030849	91
157	11	0.0145178	0.0145088	91
157	-11	0.337501	0.337501	91
157	11	0.0522345	0.052232	91
157	-11	0.0192719	0.0192651	91
157	11	0.0258119	0.0258069	91
157	11	0.0183187	0.0183116	91
157	-11	0.00801759	0.0080013	91
158	11	0.191759	0.191759	91
158	22	0.141127	0.141127	91
160	11	0.0310408	0.0310366	91
164	11	0.925824	0.925824	91
164	22	0.0856711	0.0856711	91
164	-11	0.00560603	0.00558269	91
165	-11	0.126421	0.12642	91
165	11	0.018062	0.0180548	91
166	11	0.195575	0.195574	91
166	-11	0.0626454	0.0626433	91
166	-11	0.174045	0.174045	91
166	22	0.0500095	0.0500095	91
166	11	0.0766187	0.076617	91
166	-11	0.109752	0.109751	91
166	11	0.143853	0.143852	91
166	-11	0.267449	0.267449	91
167	-13	0.219988	0.193062	91
167	14	0.896052	0.896052	91
169	-11	0.302601	0.302601	91
169	11	0.0659972	0.0659952	91
169	-11	0.0626367	0.0626346	91
169	-11	0.0933417	0.0933403	91
171	-11	0.0547496	0.0547472	91
171	-11	0.0242056	0.0242002	91
171	11	0.0171385	0.0171309	91
172	11	0.0702746	0.0702728	91
172	-11	0.0170987	0.017091	91
173	14	1.09311	1.09311	91
176	-11	0.00294422	0.00289989	91
176	11	0.17558	0.175579	91
176	-11	0.135293	0.135292	91
176	11	0.155138	0.155137	91
177	22	0.343232	0.343232	62
177	22	0.338059	0.338059	91
177	12	1.15265	1.15265	91
177	22	0.110422	0.110422	91
177	11	0.0184275	0.0184204	91
177	-11	0.0286939	0.0286894	91
177	11	0.0297787	0.0297743	91
177	11	0.23732	0.23732	91
177	-11	0.178172	0.178172	91
177	11	0.00589168	0.00586957	91
177	-11	0.0188256	0.0188186	91
177	11	0.00412197	0.00409021	91
177	-11	0.00562525	0.00560199	91
178	11	0.00390802	0.00387454	91
179	11	0.256813	0.256813	91
179	-11	0.0264009	0.026396	91
179	11	0.0334839	0.03348	91
179	-11	0.103527	0.103525	91
179	-11	0.243325	0.243324	91
181	22	0.0446321	0.0446321	91
181	11	0.416592	0.416591	91
181	-11	0.562181	0.56218	91
181	11	1.20459	1.20459	91
181	-11	0.213282	0.213282	91
182	22	0.183439	0.183439	91
182	11	0.359571	0.35957	91
182	-11	0.179102	0.179101	91
182	11	0.021195	0.0211888	91
182	-11	0.0280816	0.0280769	91
182	22	0.0181062	0.0181062	91
183	-11	0.190655	0.190655	91
183	11	0.0397317	0.0397284	91
183	11	0.093441	0.0934396	91
183	-11	0.129084	0.129083	91
183	14	0.564622	0.564622	91
184	22	0.0889973	0.0889973	91
184	11	0.0167829	0.0167752	91
184	11	0.0495052	0.0495026	91
184	-11	0.0899768	0.0899753	91
185	-14	0.659506	0.659506	91
185	11	0.202962	0.202961	91
185	-11	0.164102	0.164101	91
185	22	0.0767806	0.0767806	91
185	11	0.414245	0.414244	91
185	-11	0.647425	0.647425	91
185	11	0.0255486	0.0255435	91
185	11	0.120215	0.120214	91
185	11	0.172391	0.17239	91
185	-11	0.139191	0.13919	91
185	14	0.337112	0.337112	91
185	-11	0.0387344	0.038731	91
186	22	0.0845929	0.0845929	91
186	11	0.00707725	0.00705878	91
186	-11	0.0057659	0.00574338	91
186	22	0.0728541	0.0728541	91
186	22	0.159353	0.159353	91
186	11	0.0170212	0.0170135	91
186	-11	0.0222712	0.0222654	91
186	22	0.0555028	0.0555028	91
186	-11	0.42987	0.42987	91
188	11	0.0805738	0.0805722	91
190	11	0.0508268	0.0508243	91
190	-11	0.147359	0.147358	91
191	11	0.0657267	0.0657247	91
191	22	0.199318	0.199318	91
191	22	0.697924	0.697924	91
192	22	0.12948	0.12948	91
192	22	0.327776	0.327776	91
192	22	0.0295372	0.0295372	91
192	11	0.0285804	0.0285759	91
192	22	0.0797312	0.0797312	91
192	11	0.166561	0.16656	91
192	-11	0.0158308	0.0158226	91
193	11	0.0834489	0.0834473	91
193	-11	0.0192564	0.0192496	91
193	22	0.0190882	0.0190882	91
193	22	0.169946	0.169946	91
193	11	0.0189115	0.0189046	91
193	-11	0.0594909	0.0594887	91
195	22	0.227952	0.227952	91
195	22	0.080223	0.080223	91
195	22	0.125049	0.125049	91
195	11	0.00874643	0.0087315	91
195	-11	0.0228546	0.0228489	91
195	22	0.0942644	0.0942644	91
195	11	0.0592767	0.0592745	91
195	-11	0.0475516	0.0475489	91
196	11	0.0850062	0.0850047	91
196	-11	0.0420083	0.0420052	91
196	11	0.00875614	0.00874124	91
197	22	0.899218	0.899218	91
197	22	0.0789973	0.0789973	91
197	22	0.236452	0.236452	91
197	22	0.0372527	0.0372527	91
197	11	0.414325	0.414325	91
197	-11	0.00630384	0.00628313	91
197	11	0.0299738	0.0299695	91
197	-11	0.132077	0.132076	91
197	-11	0.193187	0.193187	91
197	-11	0.0191635	0.0191566	91
198	22	0.12366	0.12366	91
199	11	0.15166	0.151659	91
199	22	0.259558	0.259558	91
200	22	0.179434	0.179434	91
200	22	0.141488	0.141488	91
200	11	0.017932	0.0179247	91
200	-11	0.0155884	0.01558	91
200	-11	0.0343135	0.0343097	91
200	11	0.30289	0.30289	91
200	-11	0.150046	0.150045	91
201	11	0.00703181	0.00701339	91
202	11	0.0124209	0.0124105	91
202	-11	0.137473	0.137472	91
203	11	0.0110303	0.0110184	91
205	22	1.35947	1.35947	62
205	-11	1.33325	1.33325	91
205	22	0.0593638	0.0593638	91
205	11	0.380753	0.380753	91
205	-11	0.101903	0.101901	91
205	22	0.235554	0.235554	91
205	-11	0.00150995	0.00142111	91
205	-11	0.482088	0.482088	91
205	-11	0.258915	0.258915	91
205	11	0.146183	0.146182	91
205	-11	0.269154	0.269153	91
205	-13	0.398972	0.384832	91
205	11	0.298501	0.2985	91
205	-11	0.0854088	0.0854073	91
206	22	0.422017	0.422017	91
206	22	0.0746783	0.0746783	91
206	-11	0.0887533	0.0887519	91
206	11	0.00204054	0.00197603	91
206	11	0.0167226	0.0167149	91
206	-11	0.0160818	0.0160737	91
208	22	0.0782952	0.0782952	91
209	22	0.148784	0.148784	91
209	22	0.42591	0.42591	91
209	11	0.0170605	0.0170529	91
209	11	0.0351264	0.0351227	91
209	-11	0.0118189	0.0118079	91
209	-11	0.0451938	0.045191	91
210	22	1.2318	1.2318	-51
210	22	1.14491	1.14491	-44
210	22	1.11782	1.11782	62
210	22	0.205253	0.205253	91
210	22	1.21407	1.21407	91
210	22	0.125415	0.125415	91
210	11	0.0719698	0.071968	91
211	22	0.0768909	0.0768909	91
212	22	0.504121	0.504121	91
217	22	0.0699929	0.0699929	91
217	22	0.118545	0.118545	91
217	11	0.00574255	0.0057198	91
217	12	0.360892	0.360892	91
219	11	0.159897	0.159896	91
219	22	0.12378	0.12378	91
219	22	0.22587	0.22587	91
219	-11	0.00730581	0.00728806	91
224	11	0.254714	0.254713	91
224	-11	0.0631726	0.0631706	91
225	22	0.276482	0.276482	91
225	22	0.0990507	0.0990507	91
225	22	0.0367837	0.0367837	91
225	11	0.163679	0.163678	91
225	13	0.809015	0.802088	91
227	11	0.130795	0.130794	91
227	-11	0.0873491	0.0873476	91
229	22	1.41083	1.41083	91
230	22	0.76006	0.76006	91
234	22	0.256241	0.256241	91
237	22	0.122698	0.122698	91
238	22	0.116954	0.116954	91
238	-11	0.0162895	0.0162815	91
240	22	0.205277	0.205277	91
240	22	0.0264345	0.0264345	91
240	11	0.315892	0.315891	91
240	11	0.0573221	0.0573198	91
240	-11	0.184586	0.184585	91
240	11	0.0170266	0.0170189	91
240	-11	0.0237345	0.023729	91
243	22	0.0584625	0.0584625	91
243	22	0.0263641	0.0263641	91
243	22	0.228923	0.228923	91
243	-12	0.745576	0.745576	91
243	13	1.35645	1.35237	91
243	11	0.00628865	0.00626796	91
245	11	0.0420653	0.0420622	91
246	22	0.933581	0.933581	91
246	11	0.00912052	0.00910628	91
246	-11	0.0551661	0.0551637	91
246	11	1.17753	1.17753	91
246	-11	1.49644	1.49644	91
246	11	0.519525	0.519525	91
246	-11	0.210233	0.210233	91
247	22	0.203401	0.203401	91
248	11	0.102349	0.102347	91
252	11	0.313962	0.313962	91
252	-11	0.0776185	0.0776168	91
253	22	0.198002	0.198002	91
253	-11	0.132344	0.132343	91
253	22	0.0928713	0.0928713	91
253	11	0.0799543	0.0799527	91
253	-11	0.0796679	0.0796662	91
253	11	0.0154439	0.0154354	91
253	11	0.0106566	0.0106444	91
253	14	0.787023	0.787023	91
253	11	0.0233717	0.0233661	91
254	22	0.26994	0.26994	91
255	22	0.329198	0.329198	91
255	-14	0.0228859	0.0228859	91
257	11	0.00642059	0.0064003	91
257	22	0.135134	0.135134	91
257	22	0.103398	0.103398	91
257	11	0.0274741	0.0274694	91
257	-11	0.203673	0.203672	91
257	11	0.046747	0.0467442	91
257	11	2.43368	2.43368	91
258	12	0.320814	0.320814	91
258	14	1.07921	1.07921	91
258	11	0.00333361	0.00329421	91
258	-11	0.208133	0.208132	91
258	-11	0.194848	0.194847	91
258	-11	0.0237028	0.0236973	91
258	22	0.0515827	0.0515827	91
258	22	0.107104	0.107104	91
258	11	0.0184435	0.0184364	91
258	-11	0.212802	0.212801	91
258	11	0.17751	0.177509	91
258	-11	0.223053	0.223053	91
258	11	0.0186806	0.0186736	91
258	-11	0.100888	0.100886	91
259	22	0.124515	0.124515	91
265	-16	0.467052	0.467052	91
266	22	1.6426	1.6426	-51
266	22	1.84621	1.84621	62
266	11	0.0381035	0.0381001	91
266	-11	0.0150186	0.01501	91
266	22	0.00465264	0.00465264	91
266	11	0.171609	0.171609	91
266	-11	1.45662	1.45662	91
266	22	0.376468	0.376468	91
266	22	0.216287	0.216287	91
266	22	0.0550165	0.0550165	91
268	22	0.0636292	0.0636292	91
269	-11	0.470021	0.470021	91
269	22	0.0293932	0.0293932	91
270	22	0.548728	0.548728	91
270	22	0.110238	0.110238	91
270	22	0.260689	0.260689	91
270	12	0.439837	0.439837	91
270	11	0.246317	0.246316	91
270	-11	0.0160326	0.0160244	91
271	22	0.302552	0.302552	91
272	11	0.0144076	0.0143986	91
272	-11	0.121329	0.121328	91
272	22	0.0444493	0.0444493	91
272	22	0.725382	0.725382	91
272	22	0.0720205	0.0720205	91
272	-11	0.504237	0.504237	91
273	22	0.0770094	0.0770094	91
273	11	0.0280259	0.0280212	91
273	-11	0.0651557	0.0651537	91
274	22	0.347293	0.347293	91
276	11	0.0358062	0.0358026	91
276	-11	0.154861	0.15486	91
276	11	0.00316251	0.003121	91
282	11	1.54826	1.54826	91
282	-14	0.390709	0.390709	91
282	11	0.0206755	0.0206693	91
282	22	0.345364	0.345364	91
282	11	0.148163	0.148162	91
282	-11	0.492705	0.492705	91
282	22	0.0568423	0.0568423	91
282	22	0.0572313	0.0572313	91
283	-11	0.254938	0.254937	91
283	22	0.0172924	0.0172924	91
283	22	0.0116453	0.0116453	91
283	11	0.070396	0.0703942	91
283	-11	0.272822	0.272822	91
284	22	0.0204966	0.0204966	91
284	11	0.0191844	0.0191776	91
284	-11	0.215712	0.215711	91
284	14	0.159019	0.159019	91
286	22	0.040931	0.040931	91
286	22	0.0966606	0.0966606	91
286	11	0.3091	0.309099	91
287	22	0.244611	0.244611	91
287	22	0.0561033	0.0561033	91
287	22	0.0995457	0.0995457	91
287	22	0.115105	0.115105	91
287	11	0.00753655	0.00751924	91
287	11	0.268609	0.268609	91
287	-11	0.0570034	0.0570012	91
287	11	0.011433	0.0114216	91
287	11	0.556756	0.556756	91
287	14	0.428857	0.428857	91
287	14	0.890703	0.890703	91
287	11	0.0381552	0.0381518	91
287	-11	0.0044763	0.00444707	91
288	-11	0.0487954	0.0487928	91
292	-14	0.367731	0.367731	91
292	22	0.327158	0.327158	91
292	22	0.0518745	0.0518745	91
292	13	0.297081	0.277809	91
294	11	0.151307	0.151306	91
294	-11	0.0202019	0.0201954	91
294	11	0.248263	0.248262	91
295	-11	0.169453	0.169452	91
295	-16	0.286365	0.286365	91
295	11	0.0418368	0.0418337	91
295	11	0.0663457	0.0663437	91
295	-11	0.159204	0.159203	91
297	11	0.00127439	0.00116746	91
297	13	1.0762	1.07101	91
297	11	0.0888249	0.0888234	91
297	-11	0.0157291	0.0157208	91
297	11	0.386877	0.386877	91
297	-11	0.0908522	0.0908507	91
297	11	0.136789	0.136788	91
297	-11	0.0565901	0.0565878	91
298	22	0.174913	0.174913	91
299	22	0.272598	0.272598	91
301	11	0.0238458	0.0238404	91
301	-11	0.00703138	0.00701283	91
301	11	0.0356737	0.03567	91
302	22	1.5296	1.5296	-51
302	11	0.977487	0.977487	91
302	11	0.0698235	0.0698217	91
302	-11	0.0366913	0.0366878	91
303	22	0.160636	0.160636	91
304	22	0.87853	0.87853	-43
304	22	0.739632	0.739632	91
304	11	0.0648061	0.064804	91
304	-11	0.0218171	0.0218112	91
305	-11	0.0353044	0.0353007	91
305	11	0.156271	0.15627	91
306	22	0.245513	0.245513	91
307	22	0.0494916	0.0494916	91
307	22	0.0793046	0.0793046	91
307	11	0.100439	0.100437	91
307	-11	0.0590239	0.0590217	91
307	11	0.00506387	0.00503809	91
307	11	0.0445237	0.0445208	91
307	-11	0.0533909	0.0533884	91
309	-14	0.194841	0.194841	91
310	22	0.0444109	0.0444109	91
310	22	0.359994	0.359994	91
312	22	0.065234	0.065234	91
312	22	0.0655795	0.0655795	91
312	11	0.0225529	0.0225472	91
313	22	0.0125631	0.0125631	91
313	14	2.38565	2.38565	91
313	11	0.144453	0.144452	91
313	-11	0.0386322	0.0386288	91
315	22	0.0286207	0.0286207	91
315	22	0.0160277	0.0160277	91
315	11	0.0123547	0.0123441	91
315	-11	0.0774285	0.0774268	91
315	22	0.115662	0.115662	91
315	22	0.188247	0.188247	91
320	22	0.0671644	0.0671644	91
320	14	0.69114	0.69114	91
320	-13	0.196839	0.166322	91
321	-11	0.0256694	0.0256644	91
321	22	0.0917488	0.0917488	91
321	11	0.134736	0.134736	91
321	-11	0.0406025	0.0405993	91
323	22	0.0166162	0.0166162	91
323	22	0.202685	0.202685	91
323	22	0.0653487	0.0653487	91
323	13	1.36541	1.36132	91
323	11	0.0205237	0.0205174	91
323	-11	0.111633	0.111632	91
323	11	0.108962	0.108961	91
326	22	0.078887	0.078887	91
326	22	0.0260319	0.0260319	91
328	22	0.0719957	0.0719957	91
328	22	0.051046	0.051046	91
328	11	0.0510161	0.0510135	91
329	-11	0.153267	0.153266	91
329	11	0.162829	0.162828	91
329	-11	0.0441	0.0440971	91
330	22	0.112879	0.112879	91
330	11	0.0473444	0.0473417	91
330	-11	0.0141748	0.0141656	91
330	12	0.47922	0.47922	91
330	11	0.0477977	0.047795	91
330	11	0.0563861	0.0563838	91
330	-11	0.0377509	0.0377475	91
331	22	0.00673899	0.00673899	91
331	22	0.0292467	0.0292467	91
331	22	0.015821	0.015821	91
331	22	0.0341647	0.0341647	91
331	11	0.299358	0.299357	91
331	-11	0.0377396	0.0377361	91
331	22	0.129223	0.129223	91
331	11	0.0577206	0.0577183	91
331	11	0.0379942	0.0379908	91
331	-11	0.0349111	0.0349073	91
332	22	0.513638	0.513638	91
332	22	0.455677	0.455677	91
332	22	0.124044	0.124044	91
332	11	0.251856	0.251856	91
332	-11	0.369923	0.369923	91
332	11	0.0888087	0.0888073	91
332	-11	0.00251762	0.00246542	91
332	-11	0.0829852	0.0829836	91
334	22	0.626645	0.626645	-43
334	22	0.548748	0.548748	-44
334	22	0.0498594	0.0498594	91
334	22	0.0179298	0.0179298	91
334	11	0.142244	0.142243	91
334	-11	0.076681	0.0766793	91
334	11	0.797639	0.797639	91
335	22	0.131329	0.131329	91
335	22	0.0776318	0.0776318	91
335	-11	0.0534139	0.0534115	91
335	11	0.334285	0.334285	91
335	-11	0.142865	0.142864	91
337	11	0.0263252	0.0263202	91
338	22	0.452571	0.452571	91
338	11	0.153509	0.153508	91
338	13	3.72897	3.72747	91
338	11	0.186417	0.186416	91
338	-11	0.476616	0.476616	91
338	22	0.256569	0.256569	91
338	22	0.121495	0.121495	91
338	22	0.12174	0.12174	91
338	11	0.0225419	0.0225361	91
338	-11	0.114214	0.114213	91
341	22	0.119431	0.119431	91
341	11	0.651926	0.651926	91
341	-11	0.385551	0.38555	91
342	22	0.00442515	0.00442515	91
342	22	0.340457	0.340457	91
342	-11	0.723974	0.723974	91
342	11	0.0155408	0.0155324	91
342	-11	0.0517443	0.0517418	91
343	11	0.231093	0.231093	91
343	-11	0.000638886	0.000383788	91
344	22	0.121086	0.121086	91
344	-11	0.015222	0.0152135	91
344	22	0.0975537	0.0975537	91
344	-11	0.0155039	0.0154955	91
344	-11	0.434956	0.434956	91
344	22	0.150268	0.150268	91
345	22	0.0373351	0.0373351	91
345	22	0.704495	0.704495	91
345	-11	0.0152166	0.015208	91
345	22	0.209492	0.209492	91
347	-11	0.00904153	0.0090272	91
348	-11	1.72169	1.72169	91
348	22	0.0320129	0.0320129	91
348	22	0.360844	0.360844	91
348	-11	0.0633432	0.0633411	91
350	22	0.0476602	0.0476602	91
350	22	0.149113	0.149113	91
350	13	0.562658	0.552743	91
351	22	0.434306	0.434306	91
351	22	0.146096	0.146096	91
351	22	0.0557472	0.0557472	91
351	22	0.0387838	0.0387838	91
351	22	0.0548648	0.0548648	91
351	11	0.172037	0.172036	91
351	-11	0.0244179	0.0244126	91
351	-11	0.0024628	0.00240922	91
351	11	0.162733	0.162732	91
351	-11	0.152282	0.152281	91
354	22	0.15077	0.15077	91
354	-13	1.98024	1.97742	91
354	14	2.41448	2.41448	91
354	22	0.0447125	0.0447125	91
357	22	0.0559037	0.0559037	91
357	-11	0.0138865	0.0138771	91
357	22	0.0239615	0.0239615	91
357	11	0.229934	0.229933	91
357	-11	0.141017	0.141016	91
357	22	0.0750547	0.0750547	91
357	11	0.01455	0.0145411	91
357	-11	0.0308138	0.0308095	91
357	22	0.218871	0.218871	91
357	11	0.178838	0.178838	91
357	-11	0.128342	0.128341	91
357	11	0.00974294	0.00972956	91
357	11	0.00627038	0.0062497	91
357	-11	0.383641	0.38364	91
358	11	0.0565377	0.0565354	91
358	22	0.104277	0.104277	91
358	11	0.248903	0.248903	91
358	-11	0.0349685	0.0349648	91
358	11	0.00334271	0.00330369	91
358	22	0.028736	0.028736	91
358	-11	0.172649	0.172649	91
358	11	0.197459	0.197458	91
358	-11	0.00868815	0.00867313	91
361	22	0.844704	0.844704	91
361	22	0.0566407	0.0566407	91
361	11	0.0650576	0.0650556	91
361	-11	0.0228354	0.0228297	91
361	-11	0.0537801	0.0537776	91
361	22	0.040093	0.040093	91
361	-11	0.245039	0.245039	91
362	13	0.624269	0.615303	91
362	-11	0.100664	0.100663	91
362	-14	0.0703415	0.0703415	91
365	22	0.342578	0.342578	91
365	22	0.198213	0.198213	91
365	11	0.0550718	0.0550695	91
365	-11	0.0889426	0.0889412	91
366	22	0.720158	0.720158	91
366	22	0.235106	0.235106	91
368	22	0.0637372	0.0637372	91
368	11	0.0544103	0.0544079	91
368	11	0.0415508	0.0415477	91
368	-11	0.0256007	0.0255956	91
369	11	0.233137	0.233137	91
370	22	0.0511381	0.0511381	91
373	22	0.0095335	0.0095335	91
373	11	0.0235407	0.0235352	91
373	-11	0.35663	0.35663	91
373	-11	0.0156895	0.0156812	91
375	22	0.923332	0.923332	91
375	22	0.058472	0.058472	91
375	11	0.234893	0.234892	91
375	-11	0.0201497	0.0201433	91
378	22	0.245523	0.245523	91
378	11	0.0226121	0.0226064	91
378	11	0.108523	0.108522	91
378	-11	0.120425	0.120424	91
378	-11	0.00133677	0.00123603	91
380	11	0.101756	0.101754	91
380	-11	0.135423	0.135422	91
381	22	0.249421	0.249421	91
382	22	0.0528903	0.0528903	91
384	-11	0.172851	0.17285	91
384	12	0.60087	0.60087	91
385	22	0.0549172	0.0549172	91
385	22	0.0893535	0.0893535	91
385	-11	0.0194341	0.0194273	91
385	11	0.446187	0.446186	91
385	-11	0.0973608	0.0973594	91
385	-11	0.255645	0.255644	91
387	11	0.123684	0.123683	91
387	-11	0.0129863	0.0129763	91
387	-11	0.00290588	0.00286066	91
390	22	0.277074	0.277074	91
390	22	0.37973	0.37973	91
390	11	0.0116411	0.01163	91
390	11	1.3715	1.3715	91
390	-11	0.137713	0.137712	91
390	11	0.0636761	0.0636741	91
390	-11	0.0130679	0.013058	91
391	22	0.12124	0.12124	91
391	11	0.0358231	0.0358195	91
392	22	0.296733	0.296733	91
392	22	0.0716798	0.0716798	91
392	22	0.141734	0.141734	91
392	22	0.0787909	0.0787909	91
392	22	0.0601429	0.0601429	91
392	11	0.091506	0.0915045	91
392	-11	0.402125	0.402125	91
392	11	0.0261426	0.0261376	91
392	-11	0.0241782	0.0241728	91
396	11	0.111715	0.111714	91
396	-11	0.0508135	0.0508109	91
396	22	0.0784638	0.0784638	91
398	22	0.233624	0.233624	91
398	11	0.0455926	0.0455897	91
399	13	0.813244	0.8064	91
399	22	0.163826	0.163826	91
399	-11	0.0456688	0.045666	91
399	22	0.186254	0.186254	91
399	11	0.130067	0.130066	91
400	22	0.58198	0.58198	91
402	22	0.510778	0.510778	-43
402	22	0.47886	0.47886	62
402	12	0.362561	0.362561	91
402	11	0.0988094	0.0988081	91
402	11	0.0631714	0.0631694	91
402	-11	0.0196136	0.019607	91
402	-11	0.0248705	0.0248652	91
404	-13	2.59881	2.59667	92
404	22	0.0112799	0.0112799	91
404	22	0.0390556	0.0390556	91
404	22	0.0253417	0.0253417	91
404	22	0.0804729	0.0804729	91
404	11	0.00461405	0.00458588	91
404	11	0.226651	0.22665	91
404	-11	0.040088	0.0400848	91
404	-11	0.0339671	0.0339632	91
404	11	0.0734854	0.0734836	91
404	-11	1.04422	1.04422	91
404	-11	0.073598	0.0735962	91
404	11	0.0472433	0.0472405	91
404	11	0.182901	0.1829	91
406	22	0.940847	0.940847	91
406	22	0.568731	0.568731	91
406	22	0.100001	0.100001	91
406	-12	0.445088	0.445088	91
406	-11	0.0774821	0.0774804	91
406	22	0.0476751	0.0476751	91
406	11	0.0433839	0.0433809	91
406	-11	0.0409124	0.0409092	91
406	14	0.342818	0.342818	91
406	-11	0.0381471	0.0381437	91
406	11	0.12929	0.129289	91
407	22	0.122001	0.122001	91
407	22	0.101062	0.101062	91
407	11	0.0144042	0.0143951	91
407	11	0.0528041	0.0528016	91
408	22	0.091745	0.091745	91
408	11	0.481854	0.481854	91
408	13	0.448565	0.435989	91
409	22	0.0712892	0.0712892	91
409	11	0.00468924	0.00466152	91
410	22	0.116399	0.116399	91
410	22	0.104652	0.104652	91
410	11	0.54264	0.54264	91
410	-11	0.018822	0.0188151	91
410	11	0.114036	0.114035	91
410	-11	0.0174192	0.0174117	91
410	-11	0.117956	0.117955	91
411	12	0.250185	0.250185	91
411	22	0.0468471	0.0468471	91
411	22	0.102233	0.102233	91
411	22	0.140871	0.140871	91
411	-11	0.0609074	0.0609052	91
411	22	0.0643043	0.0643043	91
411	-11	0.00444766	0.00441823	91
411	-12	1.57599	1.57599	91
411	-11	0.0952866	0.0952852	91
413	-11	0.00313788	0.00309626	91
413	11	0.114487	0.114486	91
413	-11	0.289953	0.289953	91
415	22	0.17766	0.17766	91
415	-14	0.16235	0.16235	91
415	22	0.0626991	0.0626991	91
415	22	0.146507	0.146507	91
415	22	0.0969942	0.0969942	91
415	11	0.348571	0.348571	91
415	-11	0.143284	0.143283	91
415	11	0.438402	0.438402	91
415	-11	0.0982863	0.098285	91
415	11	0.632864	0.632864	91
415	-11	0.0312112	0.031207	91
415	11	0.0513809	0.0513784	91
415	11	0.0150543	0.0150456	91
415	-11	0.0446405	0.0446376	91
415	-11	0.00766802	0.00765113	91
416	22	0.194811	0.194811	91
417	11	0.389817	0.389816	91
417	22	0.0721727	0.0721727	91
417	12	0.616099	0.616099	91
417	22	0.211282	0.211282	91
417	-11	0.0241643	0.024159	91
417	22	0.0785584	0.0785584	91
417	11	0.0696385	0.0696366	91
417	-11	0.102194	0.102193	91
417	11	0.534996	0.534996	91
417	-11	0.0688939	0.068892	91
417	-11	0.058586	0.0585838	91
417	11	0.155306	0.155305	91
417	-11	0.10296	0.102959	91
417	11	0.154996	0.154995	91
417	-11	0.0688104	0.0688085	91
418	11	0.899194	0.899193	91
418	22	0.124328	0.124328	91
418	11	0.156771	0.15677	91
418	-11	0.029403	0.0293985	91
419	11	0.0483319	0.0483292	91
420	-11	0.121906	0.121905	91
421	11	0.0246963	0.0246911	91
421	11	0.0270257	0.0270209	91
423	22	1.96296	1.96296	62
423	22	0.200222	0.200222	91
423	22	0.0377544	0.0377544	91
423	22	0.0551873	0.0551873	91
423	22	0.0922393	0.0922393	91
423	22	0.0239879	0.0239879	91
423	11	0.033194	0.03319	91
423	-11	0.0179755	0.0179682	91
424	22	0.0454979	0.0454979	91
424	11	0.47732	0.47732	91
424	-11	0.0348042	0.0348004	91
424	11	0.0128326	0.0128224	91
424	22	0.0189806	0.0189806	91
425	11	0.0555597	0.0555574	91
425	-11	0.0782751	0.0782734	91
427	22	0.121138	0.121138	91
427	11	0.108383	0.108382	91
427	-11	0.0361827	0.0361791	91
427	11	0.00182899	0.00175618	91
429	22	0.529237	0.529237	91
429	22	0.196408	0.196408	91
430	-11	0.022456	0.0224502	91
432	11	0.269283	0.269283	91
434	22	0.0601357	0.0601357	91
434	11	0.249879	0.249878	91
434	-11	0.486057	0.486056	91
434	11	0.366348	0.366348	91
434	-11	0.359746	0.359745	91
434	22	0.24285	0.24285	91
437	22	0.0568381	0.0568381	91
437	11	0.0218868	0.0218809	91
437	-11	0.837855	0.837855	91
437	-11	0.224802	0.224802	91
437	22	0.127916	0.127916	91
441	-12	1.64087	1.64087	91
441	-14	1.82704	1.82704	91
441	11	1.57091	1.57091	91
441	-11	0.166504	0.166503	91
441	22	0.616599	0.616599	91
441	11	0.0374362	0.0374328	91
441	-11	0.074247	0.0742453	91
441	11	0.0178018	0.0177945	91
441	11	0.503068	0.503068	91
441	-11	0.827176	0.827176	91
445	11	0.0330617	0.0330578	91
445	14	1.64052	1.64052	91
445	-11	0.00967897	0.00966555	91
445	11	0.30134	0.30134	91
445	-11	0.950136	0.950136	91
445	11	0.239835	0.239834	91
445	-11	0.0567349	0.0567326	91
445	11	0.180758	0.180758	91
446	22	0.141049	0.141049	91
446	11	0.0417732	0.0417701	91
446	-11	0.143268	0.143267	91
446	11	0.0497668	0.0497642	91
446	-11	0.207908	0.207907	91
446	11	0.302349	0.302348	91
446	-11	0.335207	0.335206	91
446	11	0.0234907	0.0234851	91
446	11	0.0581648	0.0581625	91
447	22	0.197749	0.197749	91
449	22	0.259566	0.259566	91
451	22	0.06322	0.06322	91
451	22	0.0628266	0.0628266	91
451	11	0.107998	0.107997	91
451	-11	0.00504842	0.00502264	91
452	22	0.0544905	0.0544905	91
452	11	0.279584	0.279584	91
452	-11	0.150546	0.150545	91
452	11	0.072822	0.0728202	91
452	-11	0.00746672	0.00744929	91
452	-11	0.0125114	0.012501	91
453	22	0.251049	0.251049	91
453	22	0.0813434	0.0813434	91
453	22	0.089503	0.089503	91
455	-11	0.856124	0.856124	91
455	-11	0.254062	0.254062	91
455	-11	0.0147632	0.0147543	91
455	11	0.0135061	0.0134966	91
455	11	0.197635	0.197634	91
455	-11	0.0217252	0.0217193	91
455	22	0.508934	0.508934	91
455	-11	0.862896	0.862896	91
457	22	2.68091	2.68091	-43
457	22	2.70382	2.70382	-44
457	-13	0.181747	0.147883	91
457	22	0.70455	0.70455	91
457	22	0.363634	0.363634	91
457	22	0.165095	0.165095	91
457	11	0.207435	0.207435	91
457	11	0.104033	0.104032	91
457	-11	0.139163	0.139162	91
462	22	0.134968	0.134968	91
462	12	0.396502	0.396502	91
462	11	0.59669	0.59669	91
462	22	0.0967199	0.0967199	91
462	11	0.311239	0.311239	91
462	-11	0.0921923	0.0921909	91
462	22	0.241155	0.241155	91
462	22	0.740437	0.740437	91
462	11	1.01225	1.01225	91
462	-11	0.0554812	0.0554788	91
462	11	0.0222907	0.0222849	91
462	-11	0.088118	0.0881165	91
462	11	0.389231	0.389231	91
462	-11	0.178681	0.17868	91
462	11	0.0169007	0.0168931	91
463	22	0.193641	0.193641	91
465	22	0.151366	0.151366	91
467	11	0.0279193	0.0279146	91
467	11	0.010506	0.0104936	91
468	22	0.033751	0.033751	91
468	11	0.0437503	0.0437473	91
468	-11	0.0343173	0.0343135	91
468	11	0.0682619	0.06826	91
468	-11	0.0499604	0.0499578	91
469	22	0.221551	0.221551	91
469	22	0.0765284	0.0765284	91
469	11	0.111916	0.111915	91
469	-11	0.455845	0.455845	91
469	-11	0.219122	0.219121	91
469	12	0.526362	0.526362	91
470	11	0.253863	0.253862	91
470	11	0.144438	0.144437	91
470	-11	0.408559	0.408558	91
470	22	0.0726966	0.0726966	91
470	22	0.0388842	0.0388842	91
470	22	0.0918815	0.0918815	91
470	-11	0.0162787	0.0162707	91
470	22	0.110782	0.110782	91
470	11	0.87026	0.87026	91
470	11	0.629981	0.629981	91
470	-12	0.243968	0.243968	91
470	11	0.0939241	0.0939227	91
470	-11	0.29704	0.29704	91
470	11	0.0982051	0.0982038	91
471	22	0.155042	0.155042	91
471	22	0.398446	0.398446	91
471	-11	0.117192	0.117191	91
471	11	0.00995617	0.00994312	91
471	11	0.013394	0.0133842	91
471	-11	0.137943	0.137942	91
474	11	0.216089	0.216089	91
474	11	0.0129923	0.0129823	91
476	22	0.733433	0.733433	91
476	-13	0.366687	0.351144	91
476	11	0.0300672	0.0300628	91
476	-11	0.28039	0.28039	91
478	22	0.0701342	0.0701342	91
478	22	0.0760167	0.0760167	91
481	22	0.234402	0.234402	91
481	22	0.163261	0.163261	91
481	-11	0.302498	0.302497	91
481	22	0.180248	0.180248	91
481	22	0.110252	0.110252	91
481	22	0.142644	0.142644	91
481	11	0.0345232	0.0345194	91
481	-11	0.0644446	0.0644426	91
481	11	0.200053	0.200052	91
481	-11	0.0495821	0.0495795	91
481	22	0.0144267	0.0144267	91
481	11	0.0145411	0.0145321	91
481	-11	0.438101	0.438101	91
481	-11	0.0134264	0.0134167	91
481	-11	0.0950329	0.0950316	91
481	11	0.109852	0.109851	91
481	-11	0.0110203	0.0110085	91
482	11	0.331132	0.331132	91
482	-11	0.058332	0.0583297	91
482	11	0.0459557	0.0459529	91
482	11	0.131651	0.13165	91
482	-11	0.366483	0.366483	91
482	22	0.759461	0.759461	91
482	11	0.035628	0.0356243	91
482	-11	0.0101802	0.0101674	91
486	-11	0.00258808	0.00253742	91
487	-11	0.17605	0.176049	91
488	-11	0.00399145	0.00395862	91
488	11	0.0473901	0.0473873	91
488	-11	0.22793	0.227929	91
489	11	0.456757	0.456756	91
489	22	0.0822784	0.0822784	91
489	22	0.114246	0.114246	91
489	11	1.71954	1.71954	91
489	-11	0.781661	0.781661	91
489	11	0.0934933	0.0934919	91
489	-11	0.149824	0.149823	91
489	11	0.141599	0.141598	91
489	11	0.230251	0.23025	91
489	-11	0.0835433	0.0835417	91
489	-11	0.231412	0.231411	91
489	-13	0.651832	0.64328	91
490	22	0.426253	0.426253	91
490	-11	0.00186259	0.00179172	91
491	22	0.114607	0.114607	91
491	22	0.216618	0.216618	91
491	22	0.299546	0.299546	91
491	11	0.0206687	0.0206624	91
491	22	0.0984895	0.0984895	91
492	22	0.0135754	0.0135754	91
492	-11	0.0581744	0.0581722	91
492	-11	0.0177701	0.0177627	91
492	11	0.267636	0.267636	91
492	-11	0.0661337	0.0661317	91
493	11	0.0051812	0.00515596	91
494	-11	0.0245786	0.0245733	91
494	22	0.15979	0.15979	91
495	11	0.201714	0.201714	91
497	-14	0.765727	0.765727	91
497	22	0.0620544	0.0620544	91
497	12	0.416565	0.416565	91
497	-11	0.0228463	0.0228406	91
497	22	0.189812	0.189812	91
497	11	0.0380467	0.0380433	91
497	22	0.359615	0.359615	91
497	11	0.0512727	0.0512702	91
497	-11	0.0558049	0.0558025	91
498	13	1.48504	1.48128	91
498	22	0.104707	0.104707	91
498	-14	0.556913	0.556913	91
498	22	0.086071	0.086071	91
498	22	0.12216	0.12216	91
498	-11	0.0235466	0.0235411	91
498	-14	0.300317	0.300317	91
499	22	0.0782902	0.0782902	91
499	22	0.351073	0.351073	91
499	11	0.0134002	0.0133905	91
500	22	0.0405379	0.0405379	91
500	-13	0.194507	0.163308	91
500	-12	0.220042	0.220042	91
502	-13	0.253168	0.230131	91
502	22	0.329895	0.329895	91
502	22	0.102675	0.102675	91
502	22	0.480175	0.480175	91
502	11	0.036915	0.0369115	91
502	-11	0.0108441	0.0108321	91
504	22	0.619149	0.619149	91
505	11	0.157484	0.157483	91
505	-11	0.00495965	0.00493332	91
506	11	0.279088	0.279088	91
506	-12	2.39747	2.39747	91
506	22	0.0747287	0.0747287	91
506	22	0.167116	0.167116	91
506	22	0.103042	0.103042	91
506	22	0.0714924	0.0714924	91
506	11	0.10265	0.102649	91
506	22	0.240086	0.240086	91
506	22	0.0241255	0.0241255	91
506	22	0.202002	0.202002	91
506	-11	0.0671308	0.0671288	91
506	11	0.483201	0.4832	91
506	-11	0.138517	0.138516	91
507	11	0.122719	0.122718	91
507	-11	0.483062	0.483061	91
507	22	0.0506009	0.0506009	91
507	11	0.185528	0.185527	91
507	11	0.031237	0.0312328	91
507	11	0.0245072	0.0245019	91
507	-11	0.00455588	0.00452725	91
508	22	0.251047	0.251047	91
508	22	0.119878	0.119878	91
508	11	0.0152258	0.0152173	91
508	-11	0.549261	0.549261	91
508	11	0.0965828	0.0965815	91
508	-11	0.0460707	0.0460679	91
508	13	0.24118	0.21704	91
509	11	0.0100918	0.0100789	91
509	-11	0.0392311	0.0392277	91
509	11	0.0367886	0.036785	91
509	22	0.0774675	0.0774675	91
509	11	0.281234	0.281234	91
509	-11	0.133905	0.133904	91
509	11	0.00857751	0.00856235	91
509	11	0.0415168	0.0415136	91
510	22	0.345396	0.345396	91
510	-11	0.0810684	0.0810668	91
510	12	0.380818	0.380818	91
510	11	0.0490647	0.049062	91
510	-11	0.039615	0.0396117	91
510	22	0.199264	0.199264	91
511	22	0.547624	0.547624	62
511	22	0.0968526	0.0968526	91
511	-11	0.286524	0.286524	91
511	11	0.031848	0.031844	91
511	11	0.00676728	0.00674796	91
511	-11	0.0328077	0.0328037	91
511	-11	0.00192911	0.00186071	91
511	-11	0.181657	0.181657	91
512	22	0.0617201	0.0617201	91
512	22	0.752479	0.752479	91
512	22	0.0304357	0.0304357	91
512	22	0.0947721	0.0947721	91
512	11	0.00349343	0.00345606	91
512	-11	0.0435566	0.0435536	91
513	11	0.144247	0.144246	91
513	-11	0.100103	0.100101	91
513	11	0.252044	0.252044	91
513	-11	0.0529118	0.0529093	91
516	22	0.180786	0.180786	91
516	11	0.0466036	0.0466008	91
516	-11	0.0789838	0.0789822	91
520	22	0.106861	0.106861	91
520	22	0.0465528	0.0465528	91
520	22	0.0711762	0.0711762	91
520	-11	0.00956638	0.00955285	91
521	11	0.0204933	0.0204869	91
521	-11	0.0709063	0.0709045	91
522	22	0.0475354	0.0475354	91
522	22	0.069608	0.069608	91
522	22	0.0665397	0.0665397	91
522	11	0.217433	0.217433	91
522	11	0.0860103	0.0860088	91
522	-11	0.331925	0.331925	91
523	-13	0.806815	0.799899	91
523	22	0.068728	0.068728	91
523	-11	0.0118756	0.0118646	91
525	22	0.027237	0.027237	91
526	22	0.251227	0.251227	91
526	22	0.16044	0.16044	91
526	22	0.0031827	0.0031827	91
526	22	0.106528	0.106528	91
526	11	0.00262513	0.00257494	91
528	11	0.155294	0.155293	91
528	-11	0.0220623	0.0220564	91
528	11	0.0636506	0.0636486	91
530	22	0.0283317	0.0283317	91
530	11	0.100929	0.100928	91
530	11	0.054418	0.0544156	91
530	-11	0.0420571	0.042054	91
531	22	1.8146	1.8146	-51
531	11	0.148219	0.148218	91
531	-11	0.206739	0.206738	91
531	22	0.126746	0.126746	91
531	-11	0.723426	0.723426	91
531	11	0.0250144	0.0250092	91
531	-11	0.00333661	0.00329745	91
531	22	0.13705	0.13705	91
531	22	0.128105	0.128105	91
531	22	0.099683	0.099683	91
531	11	0.0926623	0.0926609	91
531	11	0.0341252	0.0341214	91
531	-11	0.0254848	0.0254797	91
531	-14	0.921279	0.921279	91
531	-11	0.00692919	0.00691034	91
531	-11	0.0450044	0.0450015	91
532	13	1.08114	1.07597	91
532	11	0.1634	0.163399	91
532	22	0.0644415	0.0644415	91
534	11	0.0419866	0.0419835	91
534	-11	0.0159056	0.0158974	91
537	11	0.305302	0.305301	91
537	-11	0.0937038	0.0937024	91
538	11	0.0618286	0.0618264	91
538	-11	0.0111235	0.0111118	91
538	22	0.40423	0.40423	91
539	11	0.0239648	0.0239593	91
539	11	0.0214573	0.0214513	91
540	-11	0.221352	0.221351	91
541	22	0.27832	0.27832	91
541	22	0.22259	0.22259	91
541	22	0.892131	0.892131	91
541	-13	0.382663	0.367804	91
541	11	0.00636569	0.00634519	91
541	13	0.782666	0.775503	91
541	-11	0.00800195	0.00798562	91
541	-11	0.017957	0.0179498	91
541	11	0.0242631	0.0242577	91
541	11	0.0218794	0.0218735	91
541	-11	0.018068	0.0180608	91
542	-12	0.301253	0.301253	91
542	-11	0.216651	0.216651	91
542	22	0.274698	0.274698	91
542	22	0.0303578	0.0303578	91
542	11	0.207403	0.207402	91
542	-11	0.0591894	0.0591872	91
542	11	0.130223	0.130222	91
542	-11	0.10201	0.102009	91
542	22	0.0926753	0.0926753	91
547	11	0.165212	0.165211	91
548	22	0.0241994	0.0241994	91
548	11	0.0255041	0.0254989	91
548	-11	0.338864	0.338864	91
548	-14	0.761141	0.761141	91
548	14	0.43845	0.43845	91
548	-11	0.109284	0.109283	91
550	22	0.423838	0.423838	91
550	22	0.0571004	0.0571004	91
550	22	0.147897	0.147897	91
550	-11	0.0653742	0.0653723	91
550	22	0.0733208	0.0733208	91
550	12	0.380082	0.380082	91
551	11	0.136943	0.136942	91
551	22	0.126434	0.126434	91
551	-11	0.023807	0.0238015	91
551	-11	0.030592	0.0305877	91
551	-13	1.0565	1.05121	91
552	11	0.258394	0.258393	91
553	11	0.210209	0.210209	91
553	-12	0.638524	0.638524	91
553	22	0.1283	0.1283	91
553	22	0.190161	0.190161	91
553	11	0.00372835	0.00369331	91
554	11	0.00367376	0.00363806	91
554	-11	0.26193	0.26193	91
554	22	0.0715377	0.0715377	91
554	22	0.129667	0.129667	91
554	22	0.248176	0.248176	91
554	11	0.0079027	0.0078862	91
554	-11	0.0360198	0.0360162	91
554	11	0.293516	0.293515	91
557	-11	0.0316313	0.0316272	91
558	11	0.419378	0.419377	91
558	-11	0.0623655	0.0623634	91
558	22	0.15836	0.15836	91
558	-11	0.364891	0.364891	91
558	-11	0.0174894	0.017482	91
558	11	0.0823989	0.0823974	91
558	-11	0.00568409	0.00566108	91
559	22	0.387217	0.387217	91
559	11	0.506041	0.50604	91
560	22	0.151418	0.151418	91
563	12	0.100603	0.100603	91
563	22	0.270178	0.270178	91
563	22	0.0217663	0.0217663	91
563	-11	0.0316784	0.0316743	91
563	11	0.00565375	0.00563068	91
564	22	0.114669	0.114669	91
565	22	0.552917	0.552917	-51
565	22	0.556925	0.556925	62
565	22	0.136759	0.136759	91
565	11	0.0402804	0.0402771	91
565	-11	0.111383	0.111382	91
566	13	0.950917	0.945032	91
566	11	0.580654	0.580654	91
566	22	0.0684945	0.0684945	91
566	-11	0.00801756	0.0080014	91
568	22	0.0918596	0.0918596	91
568	11	0.0719336	0.0719318	91
568	-11	0.0292447	0.0292402	91
568	11	0.0514536	0.0514511	91
568	-11	0.294768	0.294767	91
568	-14	0.111906	0.111906	91
568	11	0.0697465	0.0697447	91
568	-11	0.183409	0.183409	91
569	22	0.0655318	0.0655318	91
571	-11	0.0177631	0.0177558	91
574	-11	0.375243	0.375243	91
574	11	0.290533	0.290533	91
574	22	0.0943589	0.0943589	91
574	11	0.0470069	0.0470041	91
574	-11	0.33663	0.33663	91
574	11	0.203592	0.203592	91
574	-11	0.227708	0.227707	91
574	11	0.122399	0.122398	91
574	-11	0.120826	0.120825	91
574	-11	0.0048278	0.00480071	91
575	11	0.403926	0.403925	91
575	11	0.0414265	0.0414234	91
575	-11	0.173216	0.173215	91
575	22	0.0496051	0.0496051	91
575	22	0.16064	0.16064	91
575	22	0.147938	0.147938	91
575	11	0.0725366	0.0725349	91
575	-11	0.10505	0.105049	91
575	-13	0.324519	0.306849	91
575	14	0.315228	0.315228	91
575	13	0.406927	0.393058	91
575	11	0.372372	0.372371	91
575	-11	0.158469	0.158468	91
576	11	0.327795	0.327795	91
576	-11	0.440265	0.440265	91
576	11	0.378107	0.378106	91
577	11	1.74682	1.74682	91
577	-11	0.0122108	0.0122001	91
578	22	1.83296	1.83296	-43
578	22	1.82585	1.82585	-44
578	22	1.82419	1.82419	-44
578	22	1.84022	1.84022	62
578	11	0.0145412	0.0145322	91
578	-11	0.10403	0.104029	91
578	-11	0.0408411	0.0408379	91
579	22	0.0661677	0.0661677	91
579	-11	0.167897	0.167897	91
579	22	0.0333925	0.0333925	91
580	11	0.0623393	0.0623372	91
580	-11	0.257463	0.257463	91
580	11	0.128376	0.128375	91
580	-11	0.00941415	0.00940031	91
580	22	0.155813	0.155813	91
580	-11	0.027051	0.0270462	91
581	22	0.166748	0.166748	91
581	22	0.179696	0.179696	91
581	-11	0.0960662	0.0960649	91
581	11	0.477462	0.477462	91
581	11	0.0291598	0.0291553	91
581	-11	0.14283	0.142829	91
582	22	2.72411	2.72411	91
582	11	0.223138	0.223138	91
583	-14	0.780827	0.780827	91
583	22	0.0475822	0.0475822	91
583	-11	0.0104448	0.0104323	91
583	11	0.00245687	0.0024033	91
583	12	0.404318	0.404318	91
585	22	0.0875773	0.0875773	91
585	-11	0.205711	0.205711	91
585	-12	0.357452	0.357452	91
585	22	0.204839	0.204839	91
585	22	0.164994	0.164994	91
587	22	0.199251	0.199251	91
589	-14	0.737798	0.737798	91
589	22	0.0678963	0.0678963	91
589	22	0.107918	0.107918	91
589	11	0.02048	0.0204737	91
589	-11	0.0690028	0.0690009	91
589	-13	0.326186	0.308706	91
589	14	0.582806	0.582806	91
590	11	0.0824616	0.08246	91
590	-11	0.216744	0.216743	91
590	11	0.00536936	0.00534503	91
591	22	0.164225	0.164225	91
591	22	0.0938074	0.0938074	91
591	22	0.139006	0.139006	91
592	11	0.402148	0.402148	91
592	-11	0.0082	0.00818406	91
592	22	0.350643	0.350643	91
592	-11	0.144362	0.144361	91
592	22	0.0888763	0.0888763	91
592	-11	0.0624385	0.0624365	91
592	-11	0.0627718	0.0627697	91
592	-11	0.00480946	0.00478237	91
594	11	0.0503426	0.05034	91
594	-11	0.0285959	0.0285913	91
594	22	0.166456	0.166456	91
596	-16	0.365763	0.365763	91
596	22	0.0133088	0.0133088	91
596	22	0.0707151	0.0707151	91
596	22	0.597465	0.597465	91
596	11	1.39597	1.39597	91
596	-11	0.27877	0.27877	91
596	-12	1.21687	1.21687	91
596	-11	0.0292541	0.0292496	91
597	11	0.732004	0.732004	91
597	22	0.0815685	0.0815685	91
597	11	0.0747989	0.0747971	91
597	13	0.457105	0.444728	91
598	-12	0.864084	0.864084	91
598	22	0.0931821	0.0931821	91
598	11	0.57692	0.57692	91
598	-11	0.0283931	0.0283885	91
598	22	0.0279984	0.0279984	91
598	22	0.167019	0.167019	91
598	11	0.592224	0.592223	91
598	-11	0.0444819	0.0444789	91
599	22	1.35426	1.35426	91
599	22	0.0503191	0.0503191	91
599	14	0.266414	0.266414	91
599	22	0.0743158	0.0743158	91
599	22	0.0849303	0.0849303	91
599	22	0.610935	0.610935	91
599	11	0.317243	0.317243	91
599	-11	1.59137	1.59137	91
599	11	0.198036	0.198036	91
599	-11	0.171046	0.171045	91
599	11	0.277012	0.277012	91
599	-11	0.190799	0.190799	91
599	11	0.433457	0.433457	91
599	-11	0.797199	0.797199	91
600	12	0.122721	0.122721	91
600	22	0.0947512	0.0947512	91
600	22	0.387905	0.387905	91
600	11	0.0238636	0.0238581	91
600	-14	1.23153	1.23153	91
600	11	0.0633967	0.0633947	91
600	-11	0.0109595	0.0109477	91
602	11	0.0142305	0.0142214	91
602	22	0.192493	0.192493	91
602	-11	0.919219	0.919219	91
602	22	0.326611	0.326611	91
606	14	0.588724	0.588724	91
607	11	0.0984827	0.0984813	91
607	-11	0.11669	0.116689	91
609	22	0.0891138	0.0891138	91
609	22	0.00337963	0.00337963	91
609	11	0.0638845	0.0638824	91
611	14	0.588361	0.588361	91
612	22	0.127075	0.127075	91
612	-11	0.0726799	0.0726781	91
612	-13	0.427641	0.414383	91
612	22	0.207472	0.207472	91
612	-12	0.439468	0.439468	91
612	11	0.00895774	0.00894322	91
612	11	0.0596475	0.0596453	91
613	22	0.160563	0.160563	91
614	22	0.641831	0.641831	91
614	22	0.0961604	0.0961604	91
614	22	0.249764	0.249764	91
614	13	0.801537	0.794563	91
615	22	0.315539	0.315539	91
615	11	0.0595953	0.0595931	91
615	-11	0.074659	0.0746572	91
617	-11	0.274363	0.274363	91
617	11	0.0245664	0.0245611	91
617	-11	0.0259821	0.0259771	91
617	11	0.0921177	0.0921162	91
618	-11	0.0219481	0.0219422	91
619	22	0.0471695	0.0471695	91
619	22	0.0183677	0.0183677	91
619	22	0.0471115	0.0471115	91
619	22	0.131298	0.131298	91
619	22	0.0458896	0.0458896	91
619	22	0.149289	0.149289	91
619	22	0.0572441	0.0572441	91
619	16	1.26966	1.26966	91
620	22	0.239313	0.239313	91
620	-11	0.0301836	0.0301792	91
620	11	0.0273786	0.0273739	91
620	-11	0.14592	0.145919	91
620	11	0.0852613	0.0852598	91
623	22	0.00779069	0.00779069	91
623	22	0.180555	0.180555	91
623	-11	0.0890753	0.0890739	91
623	11	0.235423	0.235423	91
623	-11	0.284803	0.284802	91
623	11	0.337115	0.337115	91
623	-11	0.0505926	0.0505901	91
624	22	0.00629542	0.00629542	91
624	11	0.00110188	0.000976796	91
628	-11	0.861585	0.861585	91
629	22	0.157969	0.157969	91
631	22	0.0605858	0.0605858	91
631	22	0.112259	0.112259	91
634	22	0.0442641	0.0442641	91
634	22	0.0570198	0.0570198	91
634	-11	0.0214903	0.0214843	91
634	11	0.0677443	0.0677424	91
634	-11	0.0548883	0.0548859	91
634	11	0.0461104	0.0461076	91
635	11	0.464651	0.464651	91
635	-11	0.00325643	0.00321614	91
635	11	0.291366	0.291366	91
635	-11	0.0441149	0.0441119	91
635	-11	0.0467355	0.0467327	91
638	22	0.04411	0.04411	91
638	22	0.074924	0.074924	91
638	22	0.159026	0.159026	91
638	22	0.107684	0.107684	91
638	22	0.0145423	0.0145423	91
638	22	0.0750515	0.0750515	91
638	-11	0.256705	0.256704	91
638	-11	0.0131537	0.0131438	91
638	11	0.0181437	0.0181365	91
639	22	0.130465	0.130465	91
640	-11	0.342727	0.342726	91
640	22	0.0981141	0.0981141	91
640	11	0.629576	0.629576	91
640	-11	0.0175243	0.0175169	91
641	22	0.0197805	0.0197805	91
641	22	0.0417022	0.0417022	91
641	-11	0.324293	0.324292	91
641	11	0.115353	0.115352	91
641	-11	0.304995	0.304994	91
642	22	0.0709667	0.0709667	91
642	22	0.114475	0.114475	91
642	-11	0.463274	0.463273	91
644	12	0.741693	0.741693	91
644	11	0.0662722	0.0662703	91
644	-11	0.0773706	0.0773689	91
644	22	0.0842231	0.0842231	91
644	-13	1.88828	1.88533	91
644	14	0.576957	0.576957	91
644	22	0.0998356	0.0998356	91
644	11	0.0806203	0.0806187	91
644	11	0.0923449	0.0923435	91
644	-11	0.170744	0.170743	91
646	22	0.0536419	0.0536419	91
649	22	0.300885	0.300885	91
649	22	0.033212	0.033212	91
649	22	0.146366	0.146366	91
649	22	0.0424086	0.0424086	91
649	11	0.0213917	0.0213856	91
649	-11	0.103157	0.103155	91
649	11	0.998022	0.998022	91
649	-11	0.200833	0.200833	91
649	11	0.032248	0.032244	91
649	-11	0.0841565	0.084155	91
649	11	0.00134277	0.00124276	91
649	22	0.0650479	0.0650479	91
650	22	0.30719	0.30719	91
650	11	1.80662	1.80662	91
650	-11	0.233466	0.233466	91
650	-11	0.0604162	0.060414	91
650	11	0.0281992	0.0281946	91
650	-11	0.116175	0.116174	91
651	22	0.0530702	0.0530702	91
651	11	0.0527501	0.0527477	91
651	-11	0.0143655	0.0143565	91
651	-11	0.282196	0.282195	91
654	22	1.48051	1.48051	91
654	22	0.380178	0.380178	91
654	12	0.848907	0.848907	91
654	11	0.279697	0.279697	91
654	-11	0.0469916	0.0469888	91
654	-11	0.0800683	0.0800667	91
654	-14	0.687491	0.687491	91
659	22	0.438646	0.438646	62
659	11	0.0217497	0.0217437	91
659	-11	0.0658666	0.0658646	91
659	22	0.406535	0.406535	91
659	-11	0.550214	0.550213	91
659	22	0.116242	0.116242	91
659	-11	0.00736066	0.00734298	91
659	-11	0.0524856	0.0524831	91
659	-11	0.0290937	0.0290892	91
659	-11	0.0227642	0.0227585	91
659	-13	0.454561	0.442191	91
660	22	0.318064	0.318064	91
660	22	0.18819	0.18819	91
660	22	0.0720111	0.0720111	91
660	11	0.0653874	0.0653854	91
660	-11	0.497519	0.497519	91
663	16	0.24816	0.24816	91
667	11	0.0372881	0.0372846	91
667	-11	0.0936722	0.0936709	91
667	11	0.0163433	0.0163354	91
667	-11	0.00626065	0.00623992	91
667	11	0.0123807	0.0123701	91
667	-11	0.0927428	0.0927414	91
667	13	0.621182	0.612139	91
667	11	0.0570753	0.057073	91
667	-11	0.0105258	0.0105135	91
668	11	0.00142604	0.00133135	91
669	-11	0.0147866	0.0147778	91
669	22	0.131921	0.131921	91
670	11	0.0908058	0.0908044	91
670	22	0.0677958	0.0677958	91
673	-11	0.0464391	0.0464364	91
673	22	0.0354891	0.0354891	91
673	-11	0.0830339	0.0830323	91
673	11	0.0154392	0.0154307	91
675	22	0.490434	0.490434	-43
675	22	0.477492	0.477492	62
675	22	0.10503	0.10503	91
675	11	0.0573852	0.057383	91
675	-14	0.593075	0.593075	91
677	22	0.161092	0.161092	91
677	11	0.411303	0.411302	91
677	22	0.07947	0.07947	91
679	-11	0.0294299	0.0294255	91
679	11	1.43048	1.43048	91
680	22	0.0350344	0.0350344	91
680	22	0.0802391	0.0802391	91
680	22	0.0252918	0.0252918	91
680	22	0.308162	0.308162	91
680	11	0.162927	0.162926	91
680	-11	0.328438	0.328438	91
680	11	0.0578044	0.0578022	91
680	-11	0.0196657	0.019659	91
680	11	0.23083	0.23083	91
680	-11	0.319964	0.319963	91
681	11	0.0400104	0.0400072	91
681	22	0.0474322	0.0474322	91
681	22	0.888533	0.888533	91
681	22	0.209747	0.209747	91
681	12	0.442157	0.442157	91
681	12	0.575691	0.575691	91
681	11	0.0721524	0.0721506	91
683	22	0.0884305	0.0884305	91
685	22	0.0842801	0.0842801	91
685	11	0.0372293	0.0372258	91
685	-12	1.09706	1.09706	91
687	-11	0.0420347	0.0420317	91
687	-11	2.38426	2.38426	91
690	13	1.17193	1.16716	91
690	11	0.0582009	0.0581987	91
690	-11	0.185258	0.185258	91
690	22	0.125945	0.125945	91
691	11	0.998756	0.998756	91
693	22	0.495425	0.495425	91
693	-11	0.0692343	0.0692324	91
693	-11	0.0525988	0.0525963	91
693	-13	0.430989	0.417918	91
693	14	1.51824	1.51824	91
693	-11	0.00238209	0.00232664	91
694	22	0.332736	0.332736	91
694	22	0.100922	0.100922	91
694	11	0.185979	0.185978	91
694	-11	0.116435	0.116433	91
694	11	0.172654	0.172653	91
695	22	0.245853	0.245853	91
695	11	0.0193104	0.0193036	91
695	-11	0.213159	0.213158	91
695	11	0.0153846	0.0153762	91
695	-11	0.0760322	0.0760305	91
699	11	0.37028	0.37028	91
699	-11	0.0659582	0.0659562	91
699	14	0.758221	0.758221	91
699	11	0.0453115	0.0453086	91
703	22	0.270582	0.270582	91
703	11	0.0175005	0.017493	91
704	22	1.2151	1.2151	91
704	11	0.129823	0.129822	91
704	-11	0.164403	0.164403	91
704	11	0.0282614	0.0282568	91
704	-11	0.755095	0.755094	91
706	22	0.185855	0.185855	91
706	22	0.144437	0.144437	91
706	22	0.262417	0.262417	91
707	22	0.0468538	0.0468538	91
708	11	0.00725742	0.00723956	91
712	22	2.41187	2.41187	-51
712	22	2.37892	2.37892	62
712	13	0.867431	0.860972	91
712	22	0.903449	0.903449	91
713	22	0.315413	0.315413	91
713	-11	0.116234	0.116233	91
713	22	0.0569461	0.0569461	91
713	11	0.0282398	0.0282352	91
713	-11	0.468349	0.468348	91
713	22	0.0121264	0.0121264	91
713	11	0.0403524	0.0403492	91
713	11	0.677602	0.677602	91
713	11	0.102125	0.102124	91
713	-11	0.0963465	0.0963451	91
714	13	2.51478	2.51256	92
714	22	0.025757	0.025757	91
714	22	0.331606	0.331606	91
714	11	0.113062	0.113061	91
714	-11	0.0551975	0.0551952	91
714	-11	0.140918	0.140917	91
715	22	1.39896	1.39896	-43
715	22	1.39708	1.39708	62
716	-12	0.308599	0.308599	91
716	22	0.108486	0.108486	91
716	22	0.109946	0.109946	91
716	-11	0.0292982	0.0292937	91
716	11	0.0355686	0.0355649	91
716	22	0.0173668	0.0173668	91
716	11	0.167436	0.167435	91
716	-11	0.104856	0.104854	91
716	11	0.190189	0.190188	91
718	22	0.0547119	0.0547119	91
720	-13	0.477642	0.465813	91
720	-11	0.0888689	0.0888674	91
720	11	0.000663063	0.000423058	91
722	11	0.0496209	0.0496182	91
723	22	1.01637	1.01637	91
723	22	0.177041	0.177041	91
723	-11	0.23914	0.23914	91
723	11	0.0465031	0.0465003	91
723	-11	0.0177354	0.0177281	91
723	11	0.0666314	0.0666294	91
723	-11	0.0494554	0.0494528	91
724	22	0.036496	0.036496	91
724	22	0.0749471	0.0749471	91
724	-11	0.00999234	0.00997938	91
724	11	0.0474567	0.0474539	91
724	-11	0.0304514	0.0304471	91
726	12	0.124849	0.124849	91
726	-11	1.34752	1.34752	91
726	22	0.113423	0.113423	91
726	11	0.29159	0.291589	91
726	11	0.381747	0.381747	91
726	11	0.396571	0.396571	91
726	22	0.148016	0.148016	91
726	-11	0.539289	0.539289	91
727	-11	0.033918	0.0339142	91
728	11	0.146033	0.146032	91
729	22	0.067418	0.067418	91
729	22	0.694991	0.694991	91
729	-11	0.0757482	0.0757465	91
729	22	0.74923	0.74923	91
729	11	0.00596856	0.00594665	91
729	11	0.0285549	0.0285503	91
729	-11	0.429329	0.429328	91
729	11	0.0290549	0.0290504	91
729	-11	0.0282652	0.0282606	91
729	-14	3.39855	3.39855	91
732	22	0.0724827	0.0724827	91
732	11	0.0133859	0.0133761	91
732	-11	0.0318993	0.0318953	91
732	22	0.0541628	0.0541628	91
732	11	0.0405409	0.0405377	91
732	-11	0.00879241	0.00877764	91
732	22	0.111092	0.111092	91
732	22	0.253832	0.253832	91
734	22	0.143559	0.143559	91
734	11	0.0890768	0.0890753	91
735	-12	0.325382	0.325382	91
736	22	0.153625	0.153625	91
736	11	0.881941	0.881941	91
736	22	0.0425145	0.0425145	91
736	13	1.37503	1.37096	91
736	-14	0.534942	0.534942	91
738	22	0.11777	0.11777	91
741	22	0.271147	0.271147	91
741	11	0.0574172	0.0574149	91
741	-11	0.10566	0.105659	91
741	-11	0.0158792	0.015871	91
741	-11	0.00525999	0.00523512	91
746	22	0.1077	0.1077	91
746	22	0.0444387	0.0444387	91
747	22	0.612962	0.612962	-43
747	22	0.64594	0.64594	62
747	22	0.839831	0.839831	91
747	22	0.0124649	0.0124649	91
747	-11	0.119053	0.119052	91
747	-11	0.00901873	0.00900425	91
747	12	2.64059	2.64059	91
747	-11	0.0457659	0.045763	91
748	22	0.220646	0.220646	91
748	22	0.252989	0.252989	91
748	11	0.235684	0.235684	91
748	-11	0.0452028	0.0451999	91
749	22	0.121059	0.121059	91
750	11	0.0597594	0.0597572	91
750	-11	0.0370771	0.0370736	91
750	22	0.0888399	0.0888399	91
750	22	0.0615022	0.0615022	91
750	-14	0.0647034	0.0647034	91
750	22	0.0595039	0.0595039	91
750	11	0.0738183	0.0738165	91
750	-11	0.0658896	0.0658876	91
750	11	0.654965	0.654965	91
750	-11	0.0637707	0.0637686	91
751	22	0.04585	0.04585	91
754	22	0.30886	0.30886	91
754	22	0.136901	0.136901	91
754	22	0.0188509	0.0188509	91
755	11	0.30614	0.30614	91
756	11	0.68884	0.68884	91
756	-11	0.601303	0.601303	91
757	-11	0.0419383	0.0419352	91
759	22	0.0599306	0.0599306	91
759	22	0.224514	0.224514	91
759	11	0.0748946	0.0748928	91
759	22	0.174462	0.174462	91
761	14	0.759325	0.759325	91
761	22	0.197891	0.197891	91
761	11	0.0394712	0.0394679	91
761	-11	0.347418	0.347417	91
761	11	1.22484	1.22484	91
761	-11	1.08818	1.08818	91
761	22	0.0481687	0.0481687	91
761	11	0.153621	0.15362	91
761	-11	0.217196	0.217195	91
761	-11	0.105092	0.105091	91
762	22	0.0609138	0.0609138	91
766	11	0.525931	0.525931	91
766	-11	0.0809022	0.0809006	91
767	22	0.217734	0.217734	91
767	11	0.0878062	0.0878047	91
767	-11	0.0855091	0.0855075	91
768	22	0.0977046	0.0977046	91
768	22	0.208504	0.208504	91
770	22	0.105052	0.105052	91
770	-11	0.0741064	0.0741047	91
770	11	0.262527	0.262526	91
770	-11	0.0700382	0.0700364	91
771	22	0.0998019	0.0998019	91
771	11	0.151809	0.151808	91
773	11	0.0291973	0.0291928	91
773	-11	0.120316	0.120315	91
774	11	0.162	0.162	91
775	22	0.376429	0.376429	91
775	22	0.158409	0.158409	91
775	11	0.13794	0.137939	91
775	-11	0.202291	0.202291	91
775	-11	0.0412215	0.0412184	91
775	-11	0.00763538	0.00761829	91
775	-11	0.00124909	0.00114077	91
775	-14	0.288893	0.288893	91
777	11	0.0746253	0.0746236	91
777	-11	0.297481	0.29748	91
778	11	0.348332	0.348332	91
778	-11	0.293439	0.293439	91
784	22	0.145236	0.145236	91
784	14	0.736895	0.736895	91
784	11	0.12174	0.121739	91
784	-11	0.320381	0.320381	91
784	12	0.512324	0.512324	91
784	22	0.0730674	0.0730674	91
784	-11	0.0115768	0.0115655	91
784	11	0.192443	0.192442	91
784	-11	0.0649189	0.0649169	91
786	11	0.257862	0.257861	91
786	-11	0.177355	0.177354	91
787	22	0.0729619	0.0729619	91
787	11	0.064527	0.064525	91
787	-11	0.0896171	0.0896157	91
787	-16	0.106387	0.106387	91
787	22	0.606707	0.606707	91
787	11	0.117277	0.117276	91
787	-16	2.91319	2.91319	91
788	22	0.0607049	0.0607049	91
788	22	0.0107857	0.0107857	91
788	22	0.0614239	0.0614239	91
790	22	0.579253	0.579253	91
790	-12	0.350186	0.350186	91
790	22	0.140459	0.140459	91
790	22	0.0925306	0.0925306	91
793	22	0.0388897	0.0388897	91
793	-11	0.007975	0.00795868	91
793	-11	0.1874	0.187399	91
793	-13	0.575021	0.56527	91
795	11	0.809278	0.809278	91
795	-11	1.46031	1.46031	91
796	22	0.164858	0.164858	91
796	11	0.723731	0.723731	91
798	11	0.0303863	0.030382	91
798	-11	0.0575876	0.0575853	91
799	22	0.616405	0.616405	91
799	22	0.126757	0.126757	91
799	11	0.135748	0.135747	91
799	-14	0.578531	0.578531	91
801	22	0.215183	0.215183	91
801	-16	0.487454	0.487454	91
802	13	0.194068	0.162919	91
802	22	0.0251831	0.0251831	91
802	22	0.0763133	0.0763133	91
802	22	0.0596329	0.0596329	91
802	22	0.0417073	0.0417073	91
802	-11	0.207878	0.207877	91
802	-11	0.00290044	0.00285508	91
804	22	0.0526748	0.0526748	91
804	22	0.112362	0.112362	91
804	11	0.0817701	0.0817685	91
804	-11	0.0282834	0.0282788	91
804	-11	0.110236	0.110234	91
804	11	0.30307	0.303069	91
804	-11	0.24737	0.247369	91
805	22	0.101983	0.101983	91
806	22	1.23839	1.23839	91
806	11	0.0948299	0.0948286	91
811	11	0.0363726	0.0363691	91
811	22	0.0476979	0.0476979	91
811	11	0.249414	0.249413	91
811	-11	0.0121972	0.0121865	91
811	22	0.229848	0.229848	91
811	22	0.0568544	0.0568544	91
811	22	0.072869	0.072869	91
815	22	0.0801969	0.0801969	91
816	-11	1.03806	1.03806	91
816	22	0.0125964	0.0125964	91
816	22	0.0541553	0.0541553	91
816	22	0.0405515	0.0405515	91
816	-13	0.721218	0.713454	91
816	11	0.0895942	0.0895928	91
816	11	0.0183341	0.018327	91
818	11	0.0400855	0.0400822	91
820	22	0.142049	0.142049	91
820	11	0.0586077	0.0586055	91
820	11	0.217243	0.217242	91
820	-11	0.0337081	0.0337043	91
820	12	0.124933	0.124933	91
820	11	0.0155613	0.0155529	91
820	-11	0.175352	0.175351	91
821	22	0.0809562	0.0809562	91
821	-11	0.778693	0.778692	91
821	11	0.0113501	0.0113387	91
821	11	0.0440366	0.0440336	91
821	-11	0.113363	0.113362	91
822	22	0.0315042	0.0315042	91
822	22	0.0989508	0.0989508	91
822	22	0.0895014	0.0895014	91
822	11	0.206358	0.206358	91
823	22	0.106805	0.106805	91
824	22	0.458215	0.458215	91
824	22	0.0967952	0.0967952	91
824	11	0.0481098	0.0481071	91
824	-11	0.112972	0.112971	91
824	22	0.0952317	0.0952317	91
824	11	0.249217	0.249216	91
824	-11	0.146826	0.146825	91
824	11	0.111231	0.11123	91
824	-11	0.0459312	0.0459284	91
826	22	0.700148	0.700148	91
827	11	0.355418	0.355417	91
827	-11	0.0704877	0.0704859	91
827	-13	1.47459	1.4708	91
827	11	0.0368301	0.0368265	91
827	-11	0.00591679	0.00589469	91
827	11	0.0518962	0.0518937	91
828	22	0.06307	0.06307	91
828	11	0.807279	0.807279	91
828	-11	0.196947	0.196946	91
828	11	0.00846195	0.00844651	91
828	-11	0.134897	0.134896	91
829	22	0.0839925	0.0839925	91
829	-11	0.140249	0.140248	91
829	-11	0.0612252	0.0612231	91
830	22	0.348233	0.348233	91
830	22	0.0751432	0.0751432	91
830	-11	0.0320253	0.0320212	91
831	11	0.11838	0.118378	91
831	-11	0.182475	0.182475	91
831	11	0.0671616	0.0671596	91
831	-11	0.0163994	0.0163915	91
831	12	0.492871	0.492871	91
831	11	0.0192821	0.0192754	91
833	22	0.0447074	0.0447074	91
833	11	0.024324	0.0243187	91
835	22	0.15651	0.15651	91
835	22	0.115514	0.115514	91
835	11	0.0370325	0.0370289	91
835	-11	0.0392732	0.0392699	91
836	12	0.713078	0.713078	91
836	22	0.0132083	0.0132083	91
836	22	0.0207822	0.0207822	91
836	11	0.366928	0.366927	91
836	-11	0.155085	0.155084	91
838	22	0.397297	0.397297	91
838	22	0.133335	0.133335	91
838	22	0.299347	0.299347	91
838	22	0.033964	0.033964	91
838	22	0.0696819	0.0696819	91
838	-13	0.179505	0.145128	91
840	-12	0.611955	0.611955	91
840	-11	0.193736	0.193735	91
840	22	0.128372	0.128372	91
840	22	0.209669	0.209669	91
840	11	0.00197714	0.00191007	91
840	11	0.00360798	0.00357189	91
840	-11	0.126455	0.126454	91
841	22	0.263327	0.263327	91
842	11	0.504427	0.504426	91
842	-11	0.179329	0.179328	91
842	11	0.151722	0.151721	91
842	-11	0.339918	0.339918	91
844	11	0.258401	0.258401	91
844	-11	0.131243	0.131242	91
844	11	0.0925385	0.0925371	91
844	-11	0.156703	0.156702	91
845	22	0.244168	0.244168	91
845	22	0.171347	0.171347	91
845	11	0.177124	0.177123	91
845	-11	0.0329069	0.0329029	91
847	-13	0.368725	0.353359	91
847	11	0.390579	0.390579	91
847	11	0.0419244	0.0419213	91
847	11	0.0321359	0.0321319	91
847	-11	0.00230066	0.00224333	91
847	-11	0.0717595	0.0717577	91
848	22	0.193848	0.193848	91
848	12	1.04876	1.04876	91
850	-11	1.49002	1.49002	91
853	11	0.159901	0.1599	91
853	-11	0.115021	0.11502	91
854	22	0.854252	0.854252	91
854	22	0.062032	0.062032	91
854	11	0.0190917	0.0190849	91
854	11	0.23613	0.236129	91
854	-11	0.187796	0.187796	91
857	22	0.419984	0.419984	91
857	22	0.262898	0.262898	91
857	11	0.342302	0.342302	91
857	11	0.0289512	0.0289467	91
857	-11	0.0125549	0.0125446	91
857	-11	0.024633	0.0246277	91
860	22	0.154239	0.154239	91
860	22	0.0747684	0.0747684	91
860	13	0.603447	0.594133	91
860	22	0.0854811	0.0854811	91
860	22	0.32805	0.32805	91
860	22	0.118444	0.118444	91
860	22	0.0483314	0.0483314	91
860	11	0.287777	0.287777	91
860	-11	0.0725825	0.0725807	91
860	11	0.0808818	0.0808802	91
860	-11	0.0735326	0.0735308	91
860	-11	0.0158703	0.0158621	91
861	22	0.122918	0.122918	91
861	22	0.231917	0.231917	91
861	22	0.133135	0.133135	91
861	11	0.2772	0.2772	91
861	-11	1.61487	1.61487	91
861	-11	0.0912394	0.091238	91
861	-16	1.05984	1.05984	91
862	22	0.0563144	0.0563144	91
862	22	0.0937571	0.0937571	91
863	22	0.00785726	0.00785726	91
863	-12	1.90859	1.90859	91
863	-11	0.36904	0.369039	91
863	22	0.0831929	0.0831929	91
863	11	0.694064	0.694064	91
863	11	0.279171	0.279171	91
863	11	0.087758	0.0877565	91
863	11	0.297164	0.297163	91
863	-11	0.335555	0.335555	91
863	11	0.0851605	0.0851589	91
863	11	0.276592	0.276592	91
863	22	0.0411193	0.0411193	91
863	22	0.255264	0.255264	91
865	-13	0.804267	0.79732	91
865	22	0.0602195	0.0602195	91
865	22	0.0729181	0.0729181	91
865	11	0.232044	0.232044	91
865	-11	0.181832	0.181832	91
865	22	0.070127	0.070127	91
865	11	0.0225113	0.0225055	91
865	-11	0.0748135	0.0748118	91
868	22	0.0931851	0.0931851	91
869	22	0.0818245	0.0818245	91
870	22	0.462748	0.462748	91
870	11	0.0668371	0.0668351	91
870	-11	0.0353292	0.0353255	91
870	-11	0.0760699	0.0760682	91
870	12	1.51223	1.51223	91
871	14	0.468183	0.468183	91
874	22	0.0665182	0.0665182	91
876	11	0.0137304	0.013721	91
877	-11	0.034969	0.0349653	91
880	11	0.237204	0.237203	91
880	-11	0.0434851	0.0434821	91
881	-11	0.21954	0.21954	91
881	-11	0.0326274	0.0326234	91
882	22	0.175459	0.175459	91
882	11	0.156786	0.156785	91
882	-11	0.0412047	0.0412015	91
882	11	0.0597226	0.0597204	91
882	-11	0.0382338	0.0382304	91
883	22	0.129862	0.129862	91
883	22	0.0906138	0.0906138	91
883	11	0.731995	0.731995	91
883	22	0.183372	0.183372	91
883	22	0.0667887	0.0667887	91
883	-11	0.0863297	0.0863281	91
883	-11	0.0185162	0.0185091	91
884	11	0.05473	0.0547276	91
884	-11	0.377468	0.377468	91
884	22	0.16655	0.16655	91
884	11	0.0326166	0.0326127	91
884	11	0.0066826	0.00666304	91
884	-11	0.0719493	0.0719475	91
885	12	1.60832	1.60832	91
885	22	0.220046	0.220046	91
886	22	0.783847	0.783847	-43
886	22	0.790978	0.790978	-44
886	22	0.757386	0.757386	62
886	11	0.128987	0.128986	91
886	-11	1.26882	1.26882	91
886	22	0.0973719	0.0973719	91
886	22	0.0777455	0.0777455	91
886	11	0.0597592	0.059757	91
887	22	0.644004	0.644004	91
889	22	0.464772	0.464772	62
889	22	0.0817148	0.0817148	91
889	11	0.183396	0.183395	91
889	-11	0.0969747	0.0969734	91
892	22	0.304213	0.304213	91
892	11	0.15666	0.156659	91
892	22	0.149209	0.149209	91
892	-11	0.070107	0.0701051	91
897	22	0.0653942	0.0653942	91
898	11	0.0131196	0.0131097	91
898	-11	0.0131383	0.0131284	91
898	-16	0.81125	0.81125	91
899	11	0.0555528	0.0555505	91
899	-11	0.0669027	0.0669008	91
900	22	1.22071	1.22071	91
901	22	0.095521	0.095521	91
901	22	0.0298874	0.0298874	91
903	22	0.0444871	0.0444871	91
903	11	0.134915	0.134914	91
903	-11	0.00483592	0.00480896	91
904	14	0.314611	0.314611	91
904	22	0.304531	0.304531	91
904	-11	1.57859	1.57859	91
904	11	0.129558	0.129557	91
904	-11	0.388657	0.388657	91
905	11	0.0351238	0.0351201	91
905	-11	0.287178	0.287178	91
909	22	0.121695	0.121695	91
909	22	0.174505	0.174505	91
909	22	0.0651503	0.0651503	91
909	22	0.210152	0.210152	91
909	11	0.0902088	0.0902073	91
909	22	0.0412078	0.0412078	91
910	22	0.206176	0.206176	91
910	11	0.0449508	0.0449479	91
910	-11	0.628539	0.628539	91
911	11	0.074789	0.0747873	91
911	-11	0.119644	0.119643	91
914	11	0.17312	0.173119	91
914	-11	0.0821566	0.082155	91
914	22	0.385926	0.385926	91
914	11	0.281047	0.281047	91
914	-11	0.0201438	0.0201373	91
914	-13	0.386784	0.372073	91
914	22	0.0715923	0.0715923	91
914	11	1.28326	1.28326	91
914	11	0.325314	0.325313	91
914	-11	0.192569	0.192568	91
914	-11	0.00152091	0.0014326	91
914	11	0.223358	0.223357	91
914	-16	0.332076	0.332076	91
914	11	0.653233	0.653232	91
914	-14	0.693245	0.693245	91
915	11	0.0420863	0.0420832	91
915	11	0.0187958	0.0187889	91
915	-14	1.33738	1.33738	91
916	11	0.00443982	0.00441032	91
916	11	0.0957244	0.095723	91
916	-11	0.0474446	0.0474419	91
918	22	0.222557	0.222557	91
918	11	0.0395883	0.039585	91
919	-11	0.0327215	0.0327175	91
919	12	0.468149	0.468149	91
920	22	0.080543	0.080543	91
920	11	0.00705843	0.00703998	91
922	11	0.277466	0.277465	91
923	22	0.491284	0.491284	91
923	11	0.0421444	0.0421413	91
923	-11	0.0366929	0.0366894	91
923	-11	0.149324	0.149323	91
925	-14	0.454008	0.454008	91
925	11	0.18536	0.185359	91
925	-11	0.0542003	0.0541979	91
925	11	0.0925951	0.0925937	91
925	-11	0.0600433	0.0600411	91
925	11	0.0266819	0.0266771	91
927	22	0.0830787	0.0830787	91
927	-11	0.0381661	0.0381627	91
927	-13	0.906738	0.900575	91
928	22	0.54284	0.54284	-43
928	22	0.0851374	0.0851374	91
928	22	0.0877574	0.0877574	91
929	22	0.0517168	0.0517168	91
929	11	0.0736682	0.0736665	91
929	-11	1.44641	1.44641	91
929	-12	0.297062	0.297062	91
929	11	0.0773849	0.0773832	91
929	-11	0.271072	0.271071	91
929	11	0.00455704	0.00452854	91
929	-11	0.025598	0.0255929	91
929	11	0.218457	0.218456	91
929	-11	0.00891773	0.00890321	91
929	-11	0.0967425	0.0967411	91
929	-11	0.0273578	0.027353	91
930	-12	0.260778	0.260778	91
930	22	0.284756	0.284756	91
930	22	0.0964412	0.0964412	91
930	11	1.24661	1.24661	91
930	22	0.515763	0.515763	91
930	11	0.0285263	0.0285218	91
930	-11	0.0536363	0.0536339	91
931	22	0.0589147	0.0589147	91
931	22	0.0735453	0.0735453	91
931	11	0.0615131	0.061511	91
931	11	0.0368003	0.0367967	91
931	11	0.177035	0.177035	91
931	-11	0.0176597	0.0176523	91
931	11	0.0504518	0.0504492	91
933	22	0.0272803	0.0272803	91
933	-11	0.233435	0.233434	91
933	-11	0.60727	0.60727	91
933	-11	0.0323517	0.0323477	91
933	11	0.0102432	0.0102306	91
935	11	0.380809	0.380809	91
935	-11	0.101895	0.101893	91
935	-11	0.00300597	0.00296265	91
935	22	0.0558577	0.0558577	91
935	22	0.0269806	0.0269806	91
935	11	0.0225363	0.0225305	91
935	-11	0.157301	0.1573	91
935	-11	0.0625067	0.0625046	91
935	-11	0.0558045	0.0558022	91
935	-11	0.135598	0.135597	91
936	22	0.78567	0.78567	-43
936	22	0.785695	0.785695	-44
936	22	0.786992	0.786992	62
936	22	1.94236	1.94236	91
936	11	0.0223904	0.0223846	91
936	-11	0.617924	0.617924	91
936	11	0.0274259	0.0274212	91
936	-11	0.158053	0.158052	91
936	22	0.108254	0.108254	91
936	22	0.0276619	0.0276619	91
936	22	0.145965	0.145965	91
936	22	0.2708	0.2708	91
936	-11	0.0295609	0.0295565	91
936	14	0.235367	0.235367	91
936	11	0.376415	0.376415	91
936	-11	0.261388	0.261387	91
936	22	2.10032	2.10032	91
937	14	3.01224	3.01224	91
937	22	0.072818	0.072818	91
940	11	0.983522	0.983522	91
940	22	0.124231	0.124231	91
940	22	0.0862031	0.0862031	91
940	11	0.0957373	0.0957359	91
940	-11	0.142392	0.142391	91
940	22	0.119681	0.119681	91
940	22	0.0571212	0.0571212	91
940	11	0.0694178	0.0694159	91
940	-11	0.0325875	0.0325835	91
940	11	0.049776	0.0497734	91
941	11	0.189469	0.189468	91
941	22	0.184396	0.184396	91
944	22	0.050755	0.050755	91
944	-11	0.00425484	0.00422411	91
945	-13	7.89176	7.89105	91
945	11	0.0989916	0.0989902	91
947	22	0.16451	0.16451	91
947	-11	0.016653	0.0166451	91
947	22	0.110312	0.110312	91
947	22	0.0563402	0.0563402	91
947	-11	0.0399173	0.0399141	91
948	11	0.0381702	0.0381668	91
948	-11	0.00379252	0.00375796	91
950	11	0.0135186	0.013509	91
951	-11	0.00861587	0.00860071	91
951	11	0.00662082	0.00660107	91
953	22	0.0956958	0.0956958	91
953	22	0.0335094	0.0335094	91
953	-11	0.129561	0.12956	91
954	-11	0.107599	0.107598	91
954	-11	0.0566498	0.0566475	91
954	-11	0.010664	0.0106518	91
955	22	0.0793516	0.0793516	91
955	22	0.0185936	0.0185936	91
955	-13	0.938922	0.933005	91
955	-11	0.253895	0.253894	91
957	-11	0.0160014	0.0159932	91
957	22	0.100611	0.100611	91
957	22	0.329057	0.329057	91
957	22	0.104624	0.104624	91
957	22	0.098135	0.098135	91
957	-11	0.0130354	0.0130254	91
957	-14	0.477963	0.477963	91
957	11	0.0230319	0.0230262	91
960	11	0.254285	0.254285	91
960	-11	0.0955331	0.0955317	91
960	-11	0.216037	0.216037	91
960	11	0.0812265	0.0812249	91
963	-11	0.0088609	0.00884624	91
965	22	1.3561	1.3561	62
965	22	0.133335	0.133335	91
965	11	0.254648	0.254647	91
965	-11	0.138262	0.138261	91
965	22	0.326101	0.326101	91
965	22	0.099218	0.099218	91
966	-14	0.395386	0.395386	91
966	22	0.240017	0.240017	91
966	22	0.139286	0.139286	91
967	-14	0.14617	0.14617	91
967	22	0.0801567	0.0801567	91
967	22	0.318461	0.318461	91
967	11	0.0872601	0.0872586	91
967	-11	0.182601	0.182601	91
967	11	0.956766	0.956765	91
968	11	0.0101023	0.0100894	91
968	11	0.238176	0.238176	91
969	22	0.200781	0.200781	91
970	22	0.198305	0.198305	91
971	-11	0.0155946	0.0155863	91
975	22	0.587327	0.587327	91
975	-11	0.143879	0.143879	91
975	22	0.0599409	0.0599409	91
975	11	0.128861	0.12886	91
975	-11	0.219345	0.219345	91
975	11	0.180377	0.180376	91
975	-11	0.0387902	0.0387868	91
975	11	0.136459	0.136458	91
975	-11	0.0234529	0.0234473	91
975	11	0.00637619	0.0063557	91
975	11	0.0980129	0.0980116	91
975	-11	0.158513	0.158512	91
975	11	0.0415184	0.0415153	91
977	22	0.0548476	0.0548476	91
977	11	0.389859	0.389859	91
977	-11	0.35047	0.35047	91
977	11	0.0136655	0.013656	91
977	-11	0.0748284	0.0748267	91
979	22	0.249727	0.249727	91
979	22	1.94349	1.94349	91
979	22	0.092053	0.092053	91
979	11	0.00426261	0.00423213	91
979	-11	0.0424937	0.0424906	91
979	14	1.73724	1.73724	91
981	11	0.626531	0.626531	91
981	-11	1.67782	1.67782	91
981	11	0.00454593	0.00451723	91
981	-11	0.302615	0.302615	91
982	11	0.0157545	0.0157462	91
984	22	0.51201	0.51201	91
984	-13	0.398882	0.3847	91
984	11	1.01305	1.01305	91
984	11	0.778136	0.778136	91
984	-11	0.0964304	0.0964291	91
984	-11	0.14368	0.143679	91
984	11	0.330925	0.330925	91
984	-11	0.204511	0.20451	91
984	-14	0.175716	0.175716	91
984	12	0.519106	0.519106	91
984	11	0.0185595	0.0185525	91
984	-11	0.473475	0.473475	91
985	22	0.183476	0.183476	91
987	11	0.397751	0.397751	91
987	22	0.00325641	0.00325641	91
987	-11	0.052552	0.0525495	91
987	-11	0.0779701	0.0779684	91
987	11	0.754325	0.754325	91
987	11	0.0375033	0.0374998	91
991	-11	0.00727539	0.00725749	91
991	11	0.0111798	0.0111681	91
991	-11	0.113747	0.113746	91
991	22	0.170282	0.170282	91
991	22	0.0274826	0.0274826	91
991	22	0.0575507	0.0575507	91
992	-12	1.44628	1.44628	91
992	11	0.0113793	0.0113678	91
994	-13	0.558169	0.548102	91
995	22	0.140045	0.140045	91
995	22	0.0724792	0.0724792	91
995	22	0.0346266	0.0346266	91
995	11	0.364211	0.36421	91
995	-11	0.227295	0.227294	91
995	11	0.317225	0.317224	91
995	11	0.287713	0.287713	91
995	-11	0.0298898	0.0298854	91
997	11	0.0917514	0.09175	91
998	11	0.108914	0.108913	91
998	-11	0.221543	0.221543	91
