CollEn	 Particle	 Cent	 dEtdEta	 dETdEta_err	 dNdEta	 dNdEta_err	 npart	 nparterr
7.7	pi-	0	38.7256	2.76497	87.0847	6.89813	337	2
7.7	pi-	1	31.8109	2.98096	73.2861	9.5493	290	6
7.7	pi-	2	23.9891	1.64861	54.061	3.9563	226	8
7.7	pi-	3	16.3428	1.14533	37.3312	2.84206	160	10
7.7	pi-	4	10.8827	0.824294	25.3334	2.25333	110	11
7.7	pi-	5	6.93869	0.610937	16.6815	1.92184	72	10
7.7	pi-	6	4.32798	0.366132	10.8499	1.16245	45	9
7.7	pi-	7	2.37486	0.207373	6.08805	0.681012	26	7
7.7	pi-	8	1.16986	0.0907463	3.04464	0.270895	14	4
7.7	pi+	0	36.6464	2.7237	80.0234	6.86269	337	2
7.7	pi+	1	29.7453	2.12507	65.7668	5.17204	290	6
7.7	pi+	2	22.5485	1.52233	49.5957	3.48106	226	8
7.7	pi+	3	15.3874	1.08123	34.4246	2.63881	160	10
7.7	pi+	4	10.163	0.733856	23.1825	1.87685	110	11
7.7	pi+	5	6.49301	0.463921	15.3559	1.21026	72	10
7.7	pi+	6	4.03943	0.316019	9.98694	0.926046	45	9
7.7	pi+	7	2.19313	0.16097	5.50727	0.452229	26	7
7.7	pi+	8	1.12688	0.0955702	3.0241	0.314831	14	4
7.7	ka-	0	4.09289	0.257453	5.03967	0.312086	337	2
7.7	ka-	1	3.36113	0.210741	4.15773	0.255062	290	6
7.7	ka-	2	2.43894	0.149731	3.04522	0.183154	226	8
7.7	ka-	3	1.61787	0.10018	2.05995	0.124828	160	10
7.7	ka-	4	1.02284	0.0660566	1.30846	0.0830119	110	11
7.7	ka-	5	0.601563	0.0484438	0.789977	0.0665601	72	10
7.7	ka-	6	0.325688	0.0233011	0.434533	0.030064	45	9
7.7	ka-	7	0.140694	0.0146993	0.192143	0.0210864	26	7
7.7	ka-	8	0.056507	0.00882991	0.0782363	0.0106444	14	4
7.7	ka+	0	11.9412	0.738654	14.1235	0.849191	337	2
7.7	ka+	1	9.67993	0.59234	11.585	0.689549	290	6
7.7	ka+	2	6.91246	0.414751	8.34783	0.484711	226	8
7.7	ka+	3	4.57581	0.277109	5.56853	0.327666	160	10
7.7	ka+	4	2.80309	0.17078	3.47314	0.206706	110	11
7.7	ka+	5	1.62688	0.104607	2.05873	0.130847	72	10
7.7	ka+	6	0.87139	0.0553724	1.125	0.0689276	45	9
7.7	ka+	7	0.390137	0.0267567	0.513068	0.0342277	26	7
7.7	ka+	8	0.153468	0.0129843	0.205892	0.0167815	14	4
7.7	proton	0	12.6892	1.10507	30.9628	2.61532	337	2
7.7	proton	1	10.5246	0.916607	25.9243	2.17912	290	6
7.7	proton	2	7.3371	0.631118	18.9382	1.57246	226	8
7.7	proton	3	4.67783	0.403001	12.4577	1.03554	160	10
7.7	proton	4	2.94611	0.253353	8.2244	0.689383	110	11
7.7	proton	5	1.5776	0.134873	4.72917	0.395729	72	10
7.7	proton	6	0.827811	0.0711494	2.59366	0.218724	45	9
7.7	proton	7	0.372115	0.0324516	1.28406	0.110395	26	7
7.7	proton	8	0.146283	0.0140011	0.556883	0.0523643	14	4
7.7	pbar	0	0.428078	0.0419372	0.193039	0.0209322	337	2
7.7	pbar	1	0.346226	0.038196	0.156924	0.0197794	290	6
7.7	pbar	2	0.27642	0.0278922	0.126226	0.0141545	226	8
7.7	pbar	3	0.204309	0.0231083	0.0936113	0.0118803	160	10
7.7	pbar	4	0.145884	0.0182926	0.0671972	0.0107424	110	11
7.7	pbar	5	0.0996564	0.0110399	0.0463636	0.00540525	72	10
7.7	pbar	6	0.0543794	0.0327028	0.0258158	0.0289609	45	9
7.7	pbar	7	0.0287575	0.0047085	0.0137845	0.00251115	26	7
7.7	pbar	8	0.013633	0.00440232	0.00671392	0.00243233	14	4
7.7	pi0	0	37.7572	2.8231	84.4797	7.3515	337	2
7.7	pi0	1	30.7942	2.32793	70.0845	6.27139	290	6
7.7	pi0	2	23.3081	1.58475	52.3764	3.75059	226	8
7.7	pi0	3	15.8954	1.11509	36.2803	2.77923	160	10
7.7	pi0	4	10.5923	0.631377	24.7905	1.31661	110	11
7.7	pi0	5	6.73108	0.517095	16.2363	1.48153	72	10
7.7	pi0	6	4.18262	0.331101	10.5164	1.01413	45	9
7.7	pi0	7	2.31574	0.125203	6.02289	0.265739	26	7
7.7	pi0	8	1.18013	0.0598438	3.21523	0.125867	14	4
7.7	eta	0	4.2211	5.85102	4.64807	6.37674	337	2
7.7	eta	1	3.3896	4.66799	3.75648	5.10214	290	6
7.7	eta	2	2.59044	3.57299	2.86775	3.90449	226	8
7.7	eta	3	1.72708	2.4055	1.92672	2.66359	160	10
7.7	eta	4	1.11803	1.54692	1.2595	1.72366	110	11
7.7	eta	5	0.675627	0.947098	0.774439	1.08168	72	10
7.7	eta	6	0.39789	0.554262	0.465416	0.643565	45	9
7.7	eta	7	0.21283	0.291246	0.252277	0.340167	26	7
7.7	eta	8	0.0987675	0.134392	0.118902	0.159254	14	4
11.5	pi-	0	50.0725	3.2215	109.108	6.87013	338	2
11.5	pi-	1	39.1754	2.6396	85.4151	5.90487	291	6
11.5	pi-	2	29.7153	1.99079	65.1687	4.44625	226	8
11.5	pi-	3	20.0658	1.31739	44.2186	2.90797	160	9
11.5	pi-	4	13.5582	0.904544	30.4716	2.08725	110	10
11.5	pi-	5	8.50535	0.567667	19.4096	1.33072	73	10
11.5	pi-	6	5.13216	0.353196	12.1006	0.885169	45	9
11.5	pi-	7	2.9416	0.234658	7.16481	0.68683	26	7
11.5	pi-	8	1.54349	0.113296	3.88965	0.317382	14	4
11.5	pi+	0	48.3995	3.18705	103.339	6.83265	338	2
11.5	pi+	1	37.705	2.54903	80.6661	5.61372	291	6
11.5	pi+	2	28.615	1.94284	62.155	4.36652	226	8
11.5	pi+	3	19.2258	1.25902	41.7256	2.72121	160	9
11.5	pi+	4	12.9453	0.866854	28.5974	1.94878	110	10
11.5	pi+	5	8.14615	0.527976	18.3672	1.1763	73	10
11.5	pi+	6	4.88895	0.317478	11.4333	0.736713	45	9
11.5	pi+	7	2.7842	0.183275	6.73853	0.446959	26	7
11.5	pi+	8	1.47362	0.0973388	3.71292	0.247332	14	4
11.5	ka-	0	6.78773	0.412491	8.1983	0.487554	338	2
11.5	ka-	1	5.61884	0.343505	6.79913	0.406734	291	6
11.5	ka-	2	4.04676	0.242672	4.9457	0.288852	226	8
11.5	ka-	3	2.63227	0.159784	3.24002	0.192556	160	9
11.5	ka-	4	1.65163	0.100631	2.0417	0.121305	110	10
11.5	ka-	5	1.01136	0.063953	1.28631	0.0800544	73	10
11.5	ka-	6	0.524859	0.0390709	0.672195	0.0517364	45	9
11.5	ka-	7	0.251928	0.0168748	0.331899	0.0218426	26	7
11.5	ka-	8	0.112367	0.00961611	0.151243	0.0129424	14	4
11.5	ka+	0	14.5496	0.879019	17.0415	0.995722	338	2
11.5	ka+	1	11.7086	0.709393	13.8586	0.815729	291	6
11.5	ka+	2	8.3752	0.503174	9.99507	0.582419	226	8
11.5	ka+	3	5.3867	0.326659	6.47746	0.382716	160	9
11.5	ka+	4	3.38819	0.210404	4.06858	0.247718	110	10
11.5	ka+	5	2.0144	0.124762	2.49585	0.151492	73	10
11.5	ka+	6	1.01746	0.0643637	1.26964	0.0779901	45	9
11.5	ka+	7	0.493292	0.0317101	0.629821	0.0394027	26	7
11.5	ka+	8	0.225269	0.0156371	0.293521	0.0196193	14	4
11.5	proton	0	10.3359	0.89692	25.4671	2.13746	338	2
11.5	proton	1	8.08615	0.708798	19.8137	1.68777	291	6
11.5	proton	2	5.84756	0.526176	14.6526	1.28736	226	8
11.5	proton	3	3.74811	0.336132	9.79511	0.865457	160	9
11.5	proton	4	2.30698	0.201151	6.27119	0.547708	110	10
11.5	proton	5	1.26679	0.108461	3.71984	0.311142	73	10
11.5	proton	6	0.654839	0.0565311	2.03985	0.176998	45	9
11.5	proton	7	0.293287	0.025323	0.994177	0.0841612	26	7
11.5	proton	8	0.128159	0.0115336	0.459408	0.0404057	14	4
11.5	pbar	0	1.89567	0.162819	0.829315	0.0708548	338	2
11.5	pbar	1	1.50662	0.13112	0.661226	0.0572676	291	6
11.5	pbar	2	1.20069	0.101708	0.529847	0.0446632	226	8
11.5	pbar	3	0.840225	0.0707336	0.374386	0.0313643	160	9
11.5	pbar	4	0.583239	0.0493372	0.262854	0.0221704	110	10
11.5	pbar	5	0.373256	0.0317503	0.170845	0.0145055	73	10
11.5	pbar	6	0.230475	0.0205687	0.106571	0.00954662	45	9
11.5	pbar	7	0.123477	0.0110046	0.0582692	0.00529748	26	7
11.5	pbar	8	0.0607261	0.00891701	0.0288031	0.00569088	14	4
11.5	pi0	0	49.3449	3.22743	107.431	7.01782	338	2
11.5	pi0	1	38.4977	2.60262	83.8629	5.84896	291	6
11.5	pi0	2	29.1682	1.96904	64.104	4.46875	226	8
11.5	pi0	3	19.6754	1.28978	43.4011	2.84512	160	9
11.5	pi0	4	13.2694	0.873807	29.82	1.98408	110	10
11.5	pi0	5	8.3433	0.544108	19.1051	1.24473	73	10
11.5	pi0	6	5.19669	0.287809	12.8386	0.583029	45	9
11.5	pi0	7	2.87346	0.194855	7.05968	0.500062	26	7
11.5	pi0	8	1.52804	0.0822886	3.92236	0.171812	14	4
11.5	eta	0	4.55931	6.31933	4.96533	6.80776	270.4	1.6
11.5	eta	1	4.43879	6.16899	4.83085	6.65295	291	6
11.5	eta	2	3.32688	4.60553	3.63736	4.9795	226	8
11.5	eta	3	2.23704	3.10471	2.45061	3.36544	160	9
11.5	eta	4	1.4693	2.04705	1.62768	2.25031	110	10
11.5	eta	5	0.903369	1.38333	1.00801	1.60135	73	10
11.5	eta	6	0.519986	0.804707	0.589089	0.949118	45	9
11.5	eta	7	0.284193	0.388934	0.329407	0.443608	26	7
11.5	eta	8	0.142465	0.193849	0.166869	0.223185	14	4
19.6	pi-	0	65.4838	4.19197	138.703	8.5728	338	2
19.6	pi-	1	53.0723	3.88739	113.526	9.08266	289	6
19.6	pi-	2	40.347	2.86386	85.937	6.48338	225	9
19.6	pi-	3	27.1337	1.95233	58.3948	4.53736	158	10
19.6	pi-	4	17.9924	1.27905	39.1575	2.95917	108	11
19.6	pi-	5	11.1894	0.716951	24.6685	1.53171	71	10
19.6	pi-	6	6.7815	0.430592	15.3275	0.936056	44	9
19.6	pi-	7	3.74232	0.23478	8.72415	0.519873	26	7
19.6	pi-	8	1.96829	0.124038	4.73857	0.284958	14	5
19.6	pi+	0	64.1819	4.43928	134.376	9.70082	338	2
19.6	pi+	1	51.8322	3.44757	109.418	7.31059	289	6
19.6	pi+	2	39.3888	2.60818	82.9922	5.49254	225	9
19.6	pi+	3	26.4522	1.88966	56.3448	4.32132	158	10
19.6	pi+	4	17.5075	1.24625	37.8394	2.87955	108	11
19.6	pi+	5	10.9056	0.698321	23.9413	1.48312	71	10
19.6	pi+	6	6.6034	0.417304	14.8809	0.895535	44	9
19.6	pi+	7	3.64275	0.229362	8.44623	0.506656	26	7
19.6	pi+	8	1.92037	0.120932	4.61215	0.276669	14	5
19.6	ka-	0	10.8646	0.66596	12.7991	0.766045	338	2
19.6	ka-	1	8.89082	0.540614	10.5254	0.62243	289	6
19.6	ka-	2	6.55131	0.393566	7.80601	0.454479	225	9
19.6	ka-	3	4.44564	0.272975	5.3587	0.322226	158	10
19.6	ka-	4	2.82207	0.172793	3.45075	0.206608	108	11
19.6	ka-	5	1.70032	0.104112	2.11844	0.127134	71	10
19.6	ka-	6	0.949242	0.0585553	1.20173	0.0726399	44	9
19.6	ka-	7	0.467579	0.0284609	0.602876	0.0356672	26	7
19.6	ka-	8	0.216585	0.0138524	0.284466	0.0176935	14	5
19.6	ka+	0	17.3758	1.05604	20.2145	1.19062	338	2
19.6	ka+	1	14.3059	0.880875	16.6884	1.00229	289	6
19.6	ka+	2	10.4347	0.630673	12.2405	0.715151	225	9
19.6	ka+	3	7.0143	0.432805	8.33637	0.503406	158	10
19.6	ka+	4	4.28708	0.262227	5.21346	0.312647	108	11
19.6	ka+	5	2.55722	0.155965	3.15027	0.188285	71	10
19.6	ka+	6	1.42974	0.0986884	1.78113	0.126857	44	9
19.6	ka+	7	0.695466	0.0435162	0.884086	0.0545135	26	7
19.6	ka+	8	0.32764	0.0206769	0.422133	0.0259985	14	5
19.6	proton	0	8.49466	0.743021	20.0245	1.67495	338	2
19.6	proton	1	6.84437	0.601154	16.2324	1.37361	289	6
19.6	proton	2	5.09057	0.449816	12.2334	1.04259	225	9
19.6	proton	3	3.11321	0.269551	7.97253	0.670982	158	10
19.6	proton	4	1.82013	0.157092	4.88802	0.408071	108	11
19.6	proton	5	1.09338	0.095575	3.01283	0.25649	71	10
19.6	proton	6	0.548175	0.046899	1.64324	0.13667	44	9
19.6	proton	7	0.271996	0.0233503	0.847408	0.0712056	26	7
19.6	proton	8	0.115014	0.0100155	0.387563	0.0333203	14	5
19.6	pbar	0	5.63904	0.4755	2.43827	0.204957	338	2
19.6	pbar	1	4.4984	0.382452	1.95666	0.166492	289	6
19.6	pbar	2	3.56041	0.298941	1.55433	0.130272	225	9
19.6	pbar	3	2.52651	0.214941	1.1101	0.0950603	158	10
19.6	pbar	4	1.71333	0.146825	0.761858	0.0658011	108	11
19.6	pbar	5	1.11518	0.0978335	0.499924	0.0444998	71	10
19.6	pbar	6	0.674842	0.0592167	0.306535	0.0270057	44	9
19.6	pbar	7	0.367125	0.0299475	0.169294	0.0137077	26	7
19.6	pbar	8	0.179079	0.0162499	0.0836745	0.00764555	14	5
19.6	pi0	0	64.9522	4.1483	137.961	8.4864	338	2
19.6	pi0	1	52.5123	3.49862	112.477	7.56089	289	6
19.6	pi0	2	39.9189	2.63151	85.2456	5.58591	225	9
19.6	pi0	3	26.8225	1.91858	57.8827	4.45363	158	10
19.6	pi0	4	17.7704	1.26519	38.8496	2.96097	108	11
19.6	pi0	5	11.0704	0.705549	24.5766	1.50488	71	10
19.6	pi0	6	7.0449	0.393419	17.0522	0.780437	44	9
19.6	pi0	7	3.70459	0.231466	8.70778	0.514055	26	7
19.6	pi0	8	1.94979	0.122298	4.74562	0.283709	14	5
19.6	eta	0	7.74868	10.848	8.31075	11.5682	338	2
19.6	eta	1	6.20554	8.62706	6.66363	9.18059	289	6
19.6	eta	2	4.72812	6.57511	5.07671	6.99769	225	9
19.6	eta	3	3.14019	4.36557	3.38921	4.66554	158	10
19.6	eta	4	2.0453	2.83019	2.22247	3.04095	108	11
19.6	eta	5	1.24987	1.88864	1.36905	2.13449	71	10
19.6	eta	6	0.587738	0.822016	0.650385	0.903206	35.2	7.2
19.6	eta	7	0.390724	0.538895	0.437387	0.595774	26	7
19.6	eta	8	0.197157	0.270504	0.2249	0.303642	14	5
27	pi-	0	72.2018	4.51306	150.222	8.78532	343	2
27	pi-	1	60.0072	4.22614	126.469	9.38798	299	6
27	pi-	2	44.7911	3.24533	93.4589	7.31986	234	9
27	pi-	3	30.1365	2.12471	62.846	4.64565	166	11
27	pi-	4	19.791	1.41691	41.7633	3.19866	114	11
27	pi-	5	12.3031	0.865357	26.3351	1.93913	75	10
27	pi-	6	7.3836	0.518306	16.3021	1.1934	47	9
27	pi-	7	4.07276	0.266962	9.20791	0.600206	27	8
27	pi-	8	2.02996	0.127552	4.7656	0.284124	14	6
27	pi+	0	70.6228	4.52474	145.221	8.93578	343	2
27	pi+	1	58.9208	3.92158	122.721	8.19235	299	6
27	pi+	2	44.2082	2.92541	91.7114	6.03884	234	9
27	pi+	3	29.9153	2.1747	62.6881	4.94177	166	11
27	pi+	4	19.7476	1.41783	41.8777	3.22968	114	11
27	pi+	5	12.1768	0.776982	26.0429	1.58987	75	10
27	pi+	6	7.20409	0.644789	15.698	1.73545	47	9
27	pi+	7	4.02132	0.359434	9.07663	0.986326	27	8
27	pi+	8	1.96197	0.148368	4.54573	0.374421	14	6
27	ka-	0	13.1632	0.80393	15.3905	0.916617	343	2
27	ka-	1	10.8564	0.709901	12.7288	0.840675	299	6
27	ka-	2	8.30039	0.506103	9.78757	0.581914	234	9
27	ka-	3	5.60862	0.345658	6.65906	0.401822	166	11
27	ka-	4	3.50733	0.21591	4.18816	0.252566	114	11
27	ka-	5	2.12336	0.144383	2.58092	0.180822	75	10
27	ka-	6	1.169	0.0899854	1.43607	0.119773	47	9
27	ka-	7	0.579247	0.0388367	0.723275	0.04961	27	8
27	ka-	8	0.259956	0.0182816	0.329269	0.0238178	14	6
27	ka+	0	18.6194	1.14833	21.3369	1.28565	343	2
27	ka+	1	15.3308	0.945433	17.6577	1.06406	299	6
27	ka+	2	11.4852	0.733164	13.2664	0.845172	234	9
27	ka+	3	7.61135	0.463993	8.84577	0.522962	166	11
27	ka+	4	4.79477	0.297357	5.63904	0.342401	114	11
27	ka+	5	2.92075	0.20077	3.50482	0.249	75	10
27	ka+	6	1.59784	0.106082	1.93731	0.131105	47	9
27	ka+	7	0.800749	0.0499253	0.990662	0.0608986	27	8
27	ka+	8	0.353417	0.0225982	0.444236	0.0280551	14	6
27	proton	0	7.86343	0.691235	18.1381	1.54018	343	2
27	proton	1	6.40887	0.563241	15.0053	1.2827	299	6
27	proton	2	4.7641	0.43032	11.3641	0.991116	234	9
27	proton	3	3.05995	0.267627	7.53114	0.638317	166	11
27	proton	4	1.87528	0.163642	4.82953	0.407623	114	11
27	proton	5	1.07378	0.0932505	2.91307	0.246972	75	10
27	proton	6	0.559816	0.0481728	1.61154	0.135417	47	9
27	proton	7	0.269224	0.0230925	0.829381	0.0700959	27	8
27	proton	8	0.103814	0.00891602	0.349019	0.030337	14	6
27	pbar	0	8.34766	0.708798	3.59174	0.304629	343	2
27	pbar	1	6.93229	0.603074	2.99152	0.264972	299	6
27	pbar	2	5.42285	0.463376	2.35049	0.201852	234	9
27	pbar	3	3.8476	0.321311	1.6803	0.139904	166	11
27	pbar	4	2.60109	0.229613	1.14768	0.103757	114	11
27	pbar	5	1.68983	0.146949	0.752715	0.0665491	75	10
27	pbar	6	0.949727	0.0794333	0.428356	0.0357669	47	9
27	pbar	7	0.524755	0.04566	0.240124	0.0210318	27	8
27	pbar	8	0.229125	0.0190646	0.106311	0.00883711	14	6
27	pi0	0	71.3513	4.39294	148.348	8.28934	343	2
27	pi0	1	59.5467	4.33375	125.77	9.96058	299	6
27	pi0	2	44.5436	3.21747	93.3702	7.28357	234	9
27	pi0	3	30.1584	2.18674	63.7689	5.00753	166	11
27	pi0	4	19.7903	1.42789	42.1856	3.29724	114	11
27	pi0	5	12.2625	0.860628	26.4662	1.94909	75	10
27	pi0	6	7.31387	0.662601	16.2033	1.82279	47	9
27	pi0	7	4.0585	0.364354	9.26434	1.01744	27	8
27	pi0	8	2.00243	0.129848	4.72427	0.30044	14	6
27	eta	0	8.71138	12.2108	9.25386	12.9087	343	2
27	eta	1	7.17371	9.92354	7.64433	10.447	299	6
27	eta	2	5.40666	7.64712	5.74531	8.09898	234	9
27	eta	3	3.62225	5.05733	3.86172	5.35247	166	11
27	eta	4	2.35328	3.28365	2.52061	3.49076	114	11
27	eta	5	1.43635	1.99416	1.5481	2.12784	75	10
27	eta	6	0.832053	1.15411	0.904743	1.24188	47	9
27	eta	7	0.446505	0.613623	0.490728	0.664582	27	8
27	eta	8	0.212352	0.293417	0.236226	0.322378	14	6
39	pi-	0	76.1586	4.9248	155.22	9.7281	342	2
39	pi-	1	62.9322	4.57416	128.361	10.1163	294	6
39	pi-	2	48.7571	3.57164	100.216	8.01407	230	9
39	pi-	3	33.0805	2.43456	68.3816	5.50826	162	10
39	pi-	4	21.4021	1.66466	44.0423	3.88386	111	11
39	pi-	5	13.4931	0.980559	28.0145	2.18742	74	10
39	pi-	6	8.36731	0.534026	17.9903	1.09544	46	9
39	pi-	7	4.58962	0.29036	10.1128	0.605235	26	7
39	pi-	8	2.53179	0.159122	5.71762	0.337949	14	5
39	pi+	0	75.3935	4.91782	151.895	9.63683	342	2
39	pi+	1	62.0913	4.48962	125.183	9.75897	294	6
39	pi+	2	48.0081	3.50835	97.7334	7.77604	230	9
39	pi+	3	32.5467	2.39503	66.7945	5.38052	162	10
39	pi+	4	21.2136	1.67249	43.8019	3.99488	111	11
39	pi+	5	13.3747	0.863793	27.9026	1.73667	74	10
39	pi+	6	8.21591	0.549066	17.5889	1.17038	46	9
39	pi+	7	4.51441	0.282624	9.92325	0.582058	26	7
39	pi+	8	2.4891	0.15709	5.59894	0.333116	14	5
39	ka-	0	15.1536	0.988525	17.2961	1.13232	342	2
39	ka-	1	12.9496	0.846102	14.917	0.980932	294	6
39	ka-	2	9.51677	0.628563	10.9792	0.732987	230	9
39	ka-	3	6.33449	0.39295	7.36508	0.44546	162	10
39	ka-	4	4.08918	0.255056	4.78971	0.292815	111	11
39	ka-	5	2.48937	0.16936	2.97692	0.208457	74	10
39	ka-	6	1.43979	0.100545	1.74828	0.127209	46	9
39	ka-	7	0.718179	0.0491569	0.873017	0.0617097	26	7
39	ka-	8	0.362291	0.022637	0.445336	0.0273552	14	5
39	ka+	0	19.4228	1.20125	22.0942	1.33417	342	2
39	ka+	1	16.8117	1.11123	19.1627	1.27848	294	6
39	ka+	2	12.2869	0.824155	14.0265	0.95551	230	9
39	ka+	3	8.18546	0.53843	9.42255	0.626071	162	10
39	ka+	4	4.14789	0.258226	4.80939	0.291914	88.8	8.8
39	ka+	5	3.15515	0.194744	3.71757	0.224003	74	10
39	ka+	6	1.79981	0.123963	2.15919	0.15431	46	9
39	ka+	7	0.896002	0.0699619	1.07129	0.0910245	26	7
39	ka+	8	0.455024	0.0287837	0.550145	0.0341869	14	5
39	proton	0	7.01179	0.62226	15.4694	1.31928	342	2
39	proton	1	5.79443	0.509212	13.1237	1.10281	294	6
39	proton	2	4.30013	0.390387	9.90558	0.866114	230	9
39	proton	3	2.87212	0.265714	6.71646	0.60119	162	10
39	proton	4	1.75914	0.154173	4.40097	0.373925	111	11
39	proton	5	1.02259	0.0896172	2.61673	0.224769	74	10
39	proton	6	0.552548	0.0489482	1.50518	0.131601	46	9
39	proton	7	0.257375	0.0224842	0.753846	0.0655613	26	7
39	proton	8	0.114205	0.00980341	0.355447	0.0304006	14	5
39	pbar	0	11.8034	1.01605	5.05656	0.438088	342	2
39	pbar	1	10.0802	0.842781	4.34324	0.361547	294	6
39	pbar	2	7.45614	0.642197	3.21777	0.278971	230	9
39	pbar	3	5.15008	0.424567	2.24338	0.183713	162	10
39	pbar	4	3.57326	0.299184	1.56809	0.131045	111	11
39	pbar	5	2.23752	0.195398	0.990693	0.0883143	74	10
39	pbar	6	1.33855	0.109337	0.600444	0.048771	46	9
39	pbar	7	0.717342	0.107287	0.325651	0.0521209	26	7
39	pbar	8	0.346878	0.0287591	0.159124	0.0131679	14	5
39	pi0	0	75.8981	4.9029	155.046	9.67802	342	2
39	pi0	1	62.3729	4.39801	126.896	9.36341	294	6
39	pi0	2	48.1895	3.39924	98.6891	7.28725	230	9
39	pi0	3	32.7667	2.1918	67.7951	4.553	162	10
39	pi0	4	21.4096	1.71569	44.661	4.19149	111	11
39	pi0	5	13.5075	0.867025	28.47	1.74825	74	10
39	pi0	6	8.30902	0.530413	17.9905	1.09443	46	9
39	pi0	7	4.5637	0.298454	10.1447	0.647791	26	7
39	pi0	8	2.51173	0.151358	5.70856	0.309047	14	5
39	eta	0	9.45996	13.3447	9.85925	13.8592	342	2
39	eta	1	7.84877	11.0118	8.19948	11.453	294	6
39	eta	2	6.02254	8.40039	6.30719	8.73221	230	9
39	eta	3	4.05514	5.67441	4.25833	5.92104	162	10
39	eta	4	2.62573	3.66811	2.7669	3.83836	111	11
39	eta	5	1.63548	2.31022	1.73357	2.4458	74	10
39	eta	6	0.977873	1.42428	1.04533	1.54663	46	9
39	eta	7	0.522636	0.726875	0.563145	0.776174	26	7
39	eta	8	0.281474	0.388786	0.305572	0.416367	14	5
62.4	pi-	0	80.4016	2.61868	203.331	5.66467	347	3
62.4	pi-	1	65.2597	2.29787	165.986	4.99052	294	4
62.4	pi-	2	49.6602	1.04898	127.552	3.01903	230	5
62.4	pi-	3	34.5061	1.61372	87.2888	3.44178	164	5
62.4	pi-	4	23.2742	0.551513	59.1191	1.59274	114	5
62.4	pi-	5	991.865	3.22176	6640.13	19.4005	76	5
62.4	pi-	6	901.808	2.89909	6079.31	17.3276	48	5
62.4	pi-	7	5.06474	0.381783	13.171	1.0756	28	3
62.4	pi-	8	2.59348	0.062258	7.02683	0.179832	15	2
62.4	pi+	0	78.9855	1.40454	199.9	3.3599	347	3
62.4	pi+	1	64.6548	2.51783	163.882	5.25985	294	4
62.4	pi+	2	49.0637	0.849726	126.197	2.12903	230	5
62.4	pi+	3	33.8475	0.718572	85.6174	1.69861	164	5
62.4	pi+	4	23.0909	0.577821	59.8353	1.6229	114	5
62.4	pi+	5	573.306	2.05935	3789.04	11.8413	76	5
62.4	pi+	6	9.21372	0.433386	23.9022	1.03049	48	5
62.4	pi+	7	5.16695	0.243599	13.8473	0.81136	28	3
62.4	pi+	8	2.55358	0.0617911	6.81401	0.190554	15	2
62.4	ka-	0	13.0623	0.95663	17.0542	1.23829	347	3
62.4	ka-	1	11.212	1.2321	14.526	1.54563	294	4
62.4	ka-	2	9.38639	22.9979	11.1235	23.1849	230	5
62.4	ka-	3	6.05493	0.511867	7.65465	0.652759	164	5
62.4	ka-	4	3.77874	0.378186	4.92879	0.473337	114	5
62.4	ka-	5	2.50678	0.519137	3.26249	0.589401	76	5
62.4	ka-	6	1.54125	0.263997	1.9398	0.313154	48	5
62.4	ka-	7	0.788734	1.93918	1.02978	1.983	28	3
62.4	ka-	8	0.364623	0.127357	0.479207	0.142038	15	2
62.4	ka+	0	15.0996	1.38782	19.6912	1.75275	347	3
62.4	ka+	1	12.8654	1.4826	16.6737	1.85492	294	4
62.4	ka+	2	9.46368	1.08039	12.3269	1.37658	230	5
62.4	ka+	3	6.5458	0.64684	8.55863	0.816719	164	5
62.4	ka+	4	4.33174	0.512602	5.70408	0.630942	114	5
62.4	ka+	5	2.80111	0.337536	3.72253	0.424217	76	5
62.4	ka+	6	1.58242	0.171802	2.09455	0.217569	48	5
62.4	ka+	7	0.86116	0.220603	1.14364	0.249734	28	3
62.4	ka+	8	0.378652	0.0427446	0.515088	0.0569397	15	2
62.4	proton	0	6.39951	6.59097	14.2035	6.78386	347	3
62.4	proton	1	5.088	3.01374	11.552	3.17149	294	4
62.4	proton	2	3.74815	3.41506	8.784	3.56598	230	5
62.4	proton	3	1.91665	0.225909	4.70668	0.296111	131.2	4
62.4	proton	4	1.56487	0.183528	3.97175	0.242863	114	5
62.4	proton	5	0.918388	0.646341	2.49269	0.681147	76	5
62.4	proton	6	0.523659	0.571905	1.48184	0.593189	48	5
62.4	proton	7	0.256294	0.207196	0.77108	0.220265	28	3
62.4	proton	8	0.111859	0.269382	0.341166	0.277248	15	2
62.4	pbar	0	15.8366	0.553444	6.84385	0.344664	347	3
62.4	pbar	1	13.1678	0.405695	5.72622	0.230665	294	4
62.4	pbar	2	10.089	0.293507	4.41625	0.162578	230	5
62.4	pbar	3	7.01879	0.196008	3.10982	0.103934	164	5
62.4	pbar	4	4.76062	0.130582	2.12712	0.0678834	114	5
62.4	pbar	5	3.19685	0.0845594	1.46192	0.0428794	76	5
62.4	pbar	6	1.86288	0.0518581	0.848774	0.0263947	48	5
62.4	pbar	7	1.04408	0.0318029	0.478514	0.0163998	28	3
62.4	pbar	8	0.477043	0.015501	0.220422	0.00801187	15	2
62.4	pi0	0	81.9364	1.4068	202.044	3.27379	347	3
62.4	pi0	1	66.812	1.15765	165.408	2.68843	294	4
62.4	pi0	2	50.7155	0.819949	126.734	2.0213	230	5
62.4	pi0	3	35.3385	0.623839	88.4317	1.455	164	5
62.4	pi0	4	23.8454	0.433271	60.0781	1.01871	114	5
62.4	pi0	5	15.2932	0.378004	39.0756	0.829104	76	5
62.4	pi0	6	9.48559	0.169262	24.3232	0.423693	48	5
62.4	pi0	7	5.23699	0.296742	13.6371	0.818685	28	3
62.4	pi0	8	2.62758	0.0440496	6.97318	0.111448	15	2
62.4	eta	0	7.5455	20.2752	8.97476	23.5109	347	3
62.4	eta	1	5.90847	10.3187	7.13139	12.4575	294	4
62.4	eta	2	0	0	0	0	0	0
62.4	eta	3	0	0	0	0	0	0
62.4	eta	4	0	0	0	0	0	0
62.4	eta	5	0	0	0	0	0	0
62.4	eta	6	0	0	0	0	0	0
62.4	eta	7	0	0	0	0	0	0
62.4	eta	8	0.20224	0.500154	0.257452	0.603002	15	2
130	pi-	0	94.6494	2.47031	233.338	6.85903	344	3
130	pi-	1	79.3976	1.75911	189.693	3.99424	289	5
130	pi-	2	64.0635	1.6838	165.101	4.32995	237	7
130	pi-	3	48.8649	1.01819	119.523	2.34501	187	8
130	pi-	4	35.4006	1.65388	91.3949	3.88519	141	8
130	pi-	5	24.7049	0.600547	63.3259	1.41048	100	9
130	pi-	6	14.7722	0.726783	39.3218	1.58979	61	8
130	pi-	7	661.127	3.07707	4465.1	19.1777	23	5
130	pi-	8	0	0	0	0	0	0
130	pi+	0	94.8229	1.91419	239.278	5.21032	344	3
130	pi+	1	78.0391	3.11426	198.87	7.56514	289	5
130	pi+	2	63.7279	1.82636	163.43	4.81432	237	7
130	pi+	3	48.9109	1.07038	123.167	2.53157	187	8
130	pi+	4	36.2928	0.905542	92.1844	2.12088	141	8
130	pi+	5	29.7439	0.636551	90.7569	1.47051	100	9
130	pi+	6	849.548	4.15544	5666.16	23.8794	61	8
130	pi+	7	275.383	1.93268	1829.58	9.00343	23	5
130	pi+	8	0	0	0	0	0	0
130	ka-	0	17.2924	1.58684	22.6352	1.99546	344	3
130	ka-	1	13.8427	208.49	18.1775	271.692	289	5
130	ka-	2	11.3391	1.53229	14.7077	1.88969	237	7
130	ka-	3	8.76955	1.13139	11.3752	1.40238	187	8
130	ka-	4	6.18883	0.955518	8.25193	1.21438	141	8
130	ka-	5	4.27363	0.78793	5.71847	1.00846	100	9
130	ka-	6	2.56174	0.383902	3.4188	0.483249	61	8
130	ka-	7	0.983785	0.155697	1.32407	0.194294	23	5
130	ka-	8	0	0	0	0	0	0
130	ka+	0	18.5203	1.90312	24.4084	2.40924	344	3
130	ka+	1	15.1169	1.47662	19.7012	1.85045	289	5
130	ka+	2	24.4723	3.35691	18.907	3.72272	237	7
130	ka+	3	9.56905	1.28548	12.4602	1.56893	187	8
130	ka+	4	7.23196	1.03727	9.33913	1.2574	141	8
130	ka+	5	5.02108	0.683917	6.53242	0.838056	100	9
130	ka+	6	2.99002	516.403	4.02631	727.062	61	8
130	ka+	7	1.13983	1.72788	1.4151	1.76434	23	5
130	ka+	8	0	0	0	0	0	0
130	proton	0	3.72471	0.385587	9.13574	0.52718	344	3
130	proton	1	3.12189	0.176279	7.57155	0.285942	289	5
130	proton	2	2.07916	0.154068	5.9354	0.291285	237	7
130	proton	3	1.83111	0.160374	4.91502	0.282499	187	8
130	proton	4	1.36059	0.0498519	4.10229	0.141409	141	8
130	proton	5	0.87891	0.0305703	2.86258	0.0940559	100	9
130	proton	6	0.53082	0.0173545	1.80538	0.0523434	61	8
130	proton	7	0.177137	0.0744851	0.681274	0.226438	23	5
130	proton	8	0	0	0	0	0	0
130	pbar	0	16.5597	0.221335	7.28271	0.157737	344	3
130	pbar	1	13.7359	0.275083	6.03435	0.208133	289	5
130	pbar	2	10.759	0.362352	4.8191	0.251335	237	7
130	pbar	3	9.52965	12.0559	4.11915	11.9657	187	8
130	pbar	4	6.67348	0.215888	3.01686	0.14175	141	8
130	pbar	5	4.72016	0.198071	2.16033	0.133213	100	9
130	pbar	6	2.94097	0.275363	1.35867	0.200181	61	8
130	pbar	7	1.16484	0.0916113	0.543849	0.0619013	23	5
130	pbar	8	0	0	0	0	0	0
130	pi0	0	95.2495	1.928	242.366	5.21016	344	3
130	pi0	1	79.975	2.1241	200.132	4.99772	289	5
130	pi0	2	63.9695	2.01773	165.963	5.56151	237	7
130	pi0	3	49.0522	1.04638	124.811	2.51565	187	8
130	pi0	4	36.0593	0.874985	92.5164	2.07595	141	8
130	pi0	5	24.9345	0.588895	64.5413	1.41893	100	9
130	pi0	6	14.8329	0.703393	39.0331	1.46672	61	8
130	pi0	7	5.58727	0.282859	15.2808	0.601155	23	5
130	pi0	8	0	0	0	0	0	0
130	eta	0	8.69704	28.7703	10.5141	32.961	344	3
130	eta	1	7.11255	18.3013	8.60683	21.308	289	5
130	eta	2	5.69936	10.9226	6.96052	13.091	237	7
130	eta	3	4.28198	8.22314	5.22532	9.88816	187	8
130	eta	4	3.01095	4.89349	3.74098	6.03737	141	8
130	eta	5	2.0266	3.77632	2.53941	4.63152	100	9
130	eta	6	1.16064	1.82814	1.47377	2.29697	61	8
130	eta	7	0.434968	0.665249	0.555709	0.842624	23	5
130	eta	8	0	0	0	0	0	0
200	pi-	0	116.057	2.36164	276.207	5.49671	350	3
200	pi-	1	94.9722	1.89106	223.383	4.25839	299	4
200	pi-	2	1897.58	1.26608	12363	2.79445	234	5
200	pi-	3	51.1221	1.00648	117.757	2.12884	168	5
200	pi-	4	542.359	0.620616	3441.58	1.37712	117	5
200	pi-	5	22.3514	0.439304	53.8684	1.04498	78	5
200	pi-	6	13.3088	0.434362	32.3751	0.802724	49	5
200	pi-	7	884.07	3.71517	5963.23	22.4093	29	4
200	pi-	8	4.05598	0.238537	10.386	0.837901	16	3
200	pi+	0	1573.91	7.76864	9908.15	39.2946	350	3
200	pi+	1	138.74	1.75532	486.193	3.80508	299	4
200	pi+	2	70.6241	1.38495	166.784	3.0608	234	5
200	pi+	3	50.707	1.00081	116.501	2.10668	168	5
200	pi+	4	34.1151	0.648911	79.1995	1.45577	117	5
200	pi+	5	22.3139	0.446321	52.3285	1.04499	78	5
200	pi+	6	13.8355	0.403062	33.6358	0.818595	49	5
200	pi+	7	7.96701	0.475429	20.3768	1.43089	29	4
200	pi+	8	4.08089	0.233902	10.4746	0.820863	16	3
200	ka-	0	16.9903	1.70259	22.0486	2.09998	350	3
200	ka-	1	13.795	1.68038	18.0109	2.03474	299	4
200	ka-	2	11.0368	1.1651	14.3923	1.428	234	5
200	ka-	3	7.65516	0.699594	10.0022	0.872133	168	5
200	ka-	4	5.11858	0.494753	6.82482	0.61726	117	5
200	ka-	5	3.32434	0.780864	4.46596	1.00111	78	5
200	ka-	6	2.03936	0.17279	2.75171	0.221102	49	5
200	ka-	7	1.10719	0.100827	1.53642	0.132053	29	4
200	ka-	8	0.574136	0.0519482	0.793484	0.0699108	16	3
200	ka+	0	17.2175	1.63245	22.5105	2.03509	350	3
200	ka+	1	14.0593	1.49319	18.3869	1.82818	299	4
200	ka+	2	11.4597	2.21316	14.9679	2.78834	234	5
200	ka+	3	7.99193	0.84473	10.4192	1.0338	168	5
200	ka+	4	5.02761	0.389976	6.75782	0.501692	117	5
200	ka+	5	3.41866	0.320351	4.60981	0.409752	78	5
200	ka+	6	2.0927	0.176018	2.84348	0.228156	49	5
200	ka+	7	1.14472	0.0918948	1.58464	0.120892	29	4
200	ka+	8	0.575543	0.0527715	0.794942	0.069179	16	3
200	proton	0	5.72648	0.243311	13.7845	0.492009	350	3
200	proton	1	4.84544	0.196156	11.7825	0.403435	299	4
200	proton	2	3.59243	0.177969	8.88384	0.341389	234	5
200	proton	3	2.41417	0.108919	6.31338	0.224575	168	5
200	proton	4	1.53998	0.0646628	4.19916	0.143279	117	5
200	proton	5	1.0075	0.0455928	2.83153	0.100791	78	5
200	proton	6	0.596196	0.0262219	1.76266	0.0635156	49	5
200	proton	7	0.31514	0.0141125	0.985723	0.0352869	29	4
200	proton	8	0.150438	0.00626546	0.496252	0.0187214	16	3
200	pbar	0	25.808	0.786948	11.1262	0.450723	350	3
200	pbar	1	20.8897	0.619449	9.08035	0.348329	299	4
200	pbar	2	16.074	0.52449	7.01771	0.3255	234	5
200	pbar	3	11.2365	0.301546	4.96258	0.165052	168	5
200	pbar	4	7.66842	0.211207	3.41211	0.114041	117	5
200	pbar	5	5.03381	0.138656	2.26607	0.0725375	78	5
200	pbar	6	3.18707	0.0942374	1.44335	0.0504529	49	5
200	pbar	7	1.81007	0.0563592	0.828913	0.0285206	29	4
200	pbar	8	0.927414	0.036695	0.427414	0.0189177	16	3
200	pi0	0	116.094	2.27588	283.709	5.50564	350	3
200	pi0	1	94.403	1.79607	223.679	4.12739	299	4
200	pi0	2	71.117	1.35193	169.713	3.06638	234	5
200	pi0	3	51.0593	1.05396	121.717	2.37217	168	5
200	pi0	4	34.1998	0.612157	82.2895	1.38603	117	5
200	pi0	5	21.9971	0.441634	53.6351	1.06143	78	5
200	pi0	6	13.7293	0.478426	34.9327	1.21572	49	5
200	pi0	7	7.98186	0.466764	20.6193	1.42703	29	4
200	pi0	8	4.08223	0.183717	10.7105	0.62869	16	3
200	eta	0	11.4973	23.4859	13.5475	27.5915	350	3
200	eta	1	9.08976	14.7175	10.759	17.6906	299	4
200	eta	2	6.83969	11.9445	8.09585	14.2453	234	5
200	eta	3	4.70905	7.65813	5.71539	9.32464	168	5
200	eta	4	3.16914	5.30584	3.82837	6.40177	117	5
200	eta	5	2.00065	3.11941	2.4388	3.80498	78	5
200	eta	6	1.23405	2.58089	1.50883	3.07146	49	5
200	eta	7	0.704337	1.29813	0.866579	1.57245	29	4
200	eta	8	0.360432	0.490289	0.439714	0.616106	16	3

