CollEn	particle	centrality	mass	dETdEta_TOT	dETdEta_TOT_err	dETdEtaExtrap	dETdEtaExtrap_err	Npart	Npart_err
62.4	pi-	0	0.13957	85.5919	1.60273	24.7252	0.410318	347	3
62.4	pi-	1	0.13957	69.5926	2.79932	20.226	1.37486	294	4
62.4	pi-	2	0.13957	52.1743	0.841587	14.7284	0.164451	230	5
62.4	pi-	3	0.13957	36.2929	0.589035	10.2895	0.117795	164	5
62.4	pi-	4	0.13957	24.2517	0.389312	6.92025	0.0766473	114	5
62.4	pi-	5	0.13957	15.8272	0.2503	4.60315	0.0489272	76	5
62.4	pi-	6	0.13957	9.96499	0.172906	3.09237	0.0450268	48	5
62.4	pi-	7	0.13957	5.55879	0.358851	1.80698	0.223614	28	3
62.4	pi-	8	0.13957	2.88248	0.0512554	1.00124	0.0174044	15	2
62.4	pi+	0	0.13957	84.0353	3.55649	24.2714	1.78132	347	3
62.4	pi+	1	0.13957	68.8511	6.75106	19.849	4.06335	294	4
62.4	pi+	2	0.13957	51.5503	0.826388	14.5981	0.158935	230	5
62.4	pi+	3	0.13957	35.9752	0.70659	10.5428	0.219803	164	5
62.4	pi+	4	0.13957	23.8991	0.382347	6.80301	0.0742774	114	5
62.4	pi+	5	0.13957	15.57	0.246873	4.48502	0.047926	76	5
62.4	pi+	6	0.13957	9.72441	0.13955	2.9327	0.0194311	48	5
62.4	pi+	7	0.13957	5.62855	0.249081	1.8515	0.14362	28	3
62.4	pi+	8	0.13957	2.86413	0.0820155	1.0061	0.0407005	15	2
62.4	pi0	0	0.13497	86.3473	3.19145	26.032	1.48731	347	3
62.4	pi0	1	0.13497	70.371	3.06453	21.1866	1.53534	294	4
62.4	pi0	2	0.13497	53.4454	1.54858	16.2463	0.642632	230	5
62.4	pi0	3	0.13497	36.9048	0.583438	11.1869	0.115629	164	5
62.4	pi0	4	0.13497	24.6798	0.387886	7.46597	0.076308	114	5
62.4	pi0	5	0.13497	15.9575	0.258996	4.80302	0.0558985	76	5
62.4	pi0	6	0.13497	9.9848	0.140436	3.15265	0.0194562	48	5
62.4	pi0	7	0.13497	5.66528	0.151878	1.90087	0.0637254	28	3
62.4	pi0	8	0.13497	2.9178	0.068665	1.04817	0.0271101	15	2
62.4	ka+	0	0.49368	16.5106	2.72763	4.82855	1.16429	347	3
62.4	ka+	1	0.49368	13.499	2.18682	3.79211	1.09565	294	4
62.4	ka+	2	0.49368	9.97882	1.98572	2.7902	1.04364	230	5
62.4	ka+	3	0.49368	6.982	1.19786	2.05332	0.664409	164	5
62.4	ka+	4	0.49368	4.63673	1.1462	1.36919	0.616477	114	5
62.4	ka+	5	0.49368	2.95179	0.199174	0.860439	0.0190616	76	5
62.4	ka+	6	0.49368	1.58948	0.157817	0.381715	0.0377152	48	5
62.4	ka+	7	0.49368	0.875562	0.0613675	0.238674	0.006146	28	3
62.4	ka+	8	0.49368	0.380321	0.0258995	0.0977299	0.00201772	15	2
62.4	ka-	0	0.49368	13.533	1.04504	3.37724	0.223049	347	3
62.4	ka-	1	0.49368	12.0055	3.22603	3.57039	1.58481	294	4
62.4	ka-	2	0.49368	9.09016	1.34227	2.84284	0.65349	230	5
62.4	ka-	3	0.49368	6.25714	1.41121	1.89578	0.713405	164	5
62.4	ka-	4	0.49368	3.97043	0.483589	1.12561	0.20757	114	5
62.4	ka-	5	0.49368	2.54052	0.194285	0.710493	0.0267984	76	5
62.4	ka-	6	0.49368	1.47508	0.102153	0.407299	0.00991184	48	5
62.4	ka-	7	0.49368	0.784068	0.0758462	0.2197	0.0178674	28	3
62.4	ka-	8	0.49368	0.350851	0.0223775	0.0941551	0.000608626	15	2
62.4	pba	0	0.93827	15.059	0.443184	1.86062	0.0849002	347	3
62.4	pba	1	0.93827	12.6668	0.444662	1.56071	0.147023	294	4
62.4	pba	2	0.93827	9.73713	0.315259	1.13478	0.0962998	230	5
62.4	pba	3	0.93827	6.93029	0.204706	0.818657	0.0478338	164	5
62.4	pba	4	0.93827	4.73179	0.144453	0.535512	0.0483576	114	5
62.4	pba	5	0.93827	3.06535	0.0853042	0.338417	0.0195231	76	5
62.4	pba	6	0.93827	1.86482	0.0727194	0.20516	0.0422113	48	5
62.4	pba	7	0.93827	1.04661	0.0362128	0.117093	0.0139041	28	3
62.4	pba	8	0.93827	0.484914	0.0259714	0.0641003	0.0126055	15	2
62.4	pro	0	0.93827	5.50663	1.25251	1.24971	0.679369	347	3
62.4	pro	1	0.93827	4.42001	0.570562	0.957392	0.277682	294	4
62.4	pro	2	0.93827	3.27786	0.816925	0.644737	0.449047	230	5
62.4	pro	3	0.93827	2.08928	0.170851	0.33504	0.0736977	164	5
62.4	pro	4	0.93827	1.37368	0.0393309	0.199491	0.00323179	114	5
62.4	pro	5	0.93827	0.829579	0.0798463	0.101316	0.0391728	76	5
62.4	pro	6	0.93827	0.471023	0.0645869	0.0476004	0.0354918	48	5
62.4	pro	7	0.93827	0.234265	0.00690695	0.0198524	0.000297518	28	3
62.4	pro	8	0.93827	0.0990353	0.0031557	0.00776842	0.000152533	15	2
62.4	eta	0	0.54786	6.63822	10.7675	1.4088	3.07036	347	3
62.4	eta	1	0.54786	5.54315	30.4779	1.27559	24.4499	294	4
62.4	eta	2	0.54786	4.14518	5.47919	0.926237	0.829317	230	5
62.4	eta	3	0.54786	2.83738	3.80621	0.61351	0.620361	164	5
62.4	eta	4	0.54786	1.89604	3.16501	0.413729	0.775353	114	5
62.4	eta	5	0.54786	1.19902	1.77849	0.245246	0.436408	76	5
62.4	eta	6	0.54786	0.711336	1.00442	0.129387	0.185198	48	5
62.4	eta	7	0.54786	0.393958	0.557253	0.0763644	0.11718	28	3
62.4	eta	8	0.54786	0.188774	0.270013	0.0328211	0.0579402	15	2
200	pi+	0	0.13957	123.147	3.14988	33.125	0.763706	350	3
200	pi+	1	0.13957	98.1589	3.37191	26.3348	1.31387	299	4
200	pi+	2	0.13957	74.2232	1.37306	20.068	0.22788	234	5
200	pi+	3	0.13957	53.3101	1.54821	13.7351	0.537395	168	5
200	pi+	4	0.13957	35.5272	1.00727	9.19785	0.38089	117	5
200	pi+	5	0.13957	22.988	0.371441	5.85573	0.027319	78	5
200	pi+	6	0.13957	14.4546	0.283747	3.86494	0.0530886	49	5
200	pi+	7	0.13957	8.54195	0.392761	2.41949	0.193639	29	4
200	pi+	8	0.13957	4.48715	0.210304	1.3681	0.104769	16	3
200	pi-	0	0.13957	125.191	4.69012	33.8529	1.86638	350	3
200	pi-	1	0.13957	99.6004	1.89363	26.7796	0.300862	299	4
200	pi-	2	0.13957	75.3594	1.38402	20.583	0.235845	234	5
200	pi-	3	0.13957	53.6915	1.49021	13.8067	0.494684	168	5
200	pi-	4	0.13957	35.7153	1.76084	9.27879	0.815643	117	5
200	pi-	5	0.13957	23.2997	0.415462	6.12143	0.0615958	78	5
200	pi-	6	0.13957	14.4713	0.305976	3.85966	0.0674005	49	5
200	pi-	7	0.13957	8.55009	0.369469	2.42291	0.180204	29	4
200	pi-	8	0.13957	4.4894	0.200467	1.3771	0.107418	16	3
200	pi0	0	0.13497	124.632	2.25276	33.952	0.265374	350	3
200	pi0	1	0.13497	99.3873	1.75762	27.0649	0.20682	299	4
200	pi0	2	0.13497	74.7189	1.39235	20.253	0.23658	234	5
200	pi0	3	0.13497	53.5459	1.57243	13.8161	0.545114	168	5
200	pi0	4	0.13497	35.6987	0.778504	9.31576	0.183741	117	5
200	pi0	5	0.13497	23.2563	0.41791	6.101	0.0622049	78	5
200	pi0	6	0.13497	14.5115	0.307561	3.91082	0.06799	49	5
200	pi0	7	0.13497	8.5795	0.371491	2.45468	0.178174	29	4
200	pi0	8	0.13497	4.51141	0.206045	1.39574	0.103246	16	3
200	ka+	0	0.49368	17.5147	1.65329	5.07968	0.416577	350	3
200	ka+	1	0.49368	14.1359	1.22226	3.95358	0.269931	299	4
200	ka+	2	0.49368	11.7229	0.959674	2.81106	0.178144	234	5
200	ka+	3	0.49368	8.00585	0.909054	1.81522	0.360008	168	5
200	ka+	4	0.49368	5.51132	0.485845	1.32515	0.100286	117	5
200	ka+	5	0.49368	3.54664	0.455945	0.851589	0.143788	78	5
200	ka+	6	0.49368	2.09476	0.148467	0.406484	0.0181797	49	5
200	ka+	7	0.49368	1.17078	0.0816708	0.243368	0.0114767	29	4
200	ka+	8	0.49368	0.586132	0.0800987	0.125246	0.0393747	16	3
200	ka-	0	0.49368	17.318	2.12958	5.21864	0.771028	350	3
200	ka-	1	0.49368	14.338	2.2078	4.4173	1.08155	299	4
200	ka-	2	0.49368	11.1504	0.97798	2.58489	0.2103	234	5
200	ka-	3	0.49368	7.71012	0.87373	1.7558	0.337377	168	5
200	ka-	4	0.49368	5.34788	0.589722	1.2882	0.157865	117	5
200	ka-	5	0.49368	3.48524	0.399021	0.884795	0.173264	78	5
200	ka-	6	0.49368	2.04798	0.175721	0.421205	0.0390415	49	5
200	ka-	7	0.49368	1.14367	0.0935618	0.245611	0.0194421	29	4
200	ka-	8	0.49368	0.576116	0.0410223	0.127067	0.00495195	16	3
200	pro	0	0.93827	6.36323	0.678261	2.08723	0.30107	350	3
200	pro	1	0.93827	4.94918	0.306104	1.45089	0.107287	299	4
200	pro	2	0.93827	3.51204	0.160509	0.885325	0.0451124	234	5
200	pro	3	0.93827	2.37753	0.144978	0.529267	0.052053	168	5
200	pro	4	0.93827	1.50557	0.0563038	0.284327	0.0113069	117	5
200	pro	5	0.93827	0.982664	0.280789	0.169144	0.160444	78	5
200	pro	6	0.93827	0.597552	0.0263673	0.100781	0.00600395	49	5
200	pro	7	0.93827	0.329508	0.0291795	0.0596491	0.0107423	29	4
200	pro	8	0.93827	0.148557	0.00830751	0.0159018	0.00192513	16	3
200	pba	0	0.93827	24.8707	0.802906	3.69942	0.201063	350	3
200	pba	1	0.93827	20.2975	0.607356	2.88384	0.13547	299	4
200	pba	2	0.93827	15.628	0.383368	2.14149	0.0361081	234	5
200	pba	3	0.93827	11.1077	0.309276	1.47311	0.0748991	168	5
200	pba	4	0.93827	7.55149	0.206921	0.941944	0.0502776	117	5
200	pba	5	0.93827	5.03204	0.189427	0.621	0.101821	78	5
200	pba	6	0.93827	3.19264	0.0878718	0.385637	0.0135981	49	5
200	pba	7	0.93827	1.82025	0.0802222	0.221807	0.045566	29	4
200	pba	8	0.93827	0.930033	0.0541088	0.111012	0.0373255	16	3
200	eta	0	0.54786	10.4718	41.8653	1.96254	29.2015	350	3
200	eta	1	0.54786	8.2427	12.3045	1.47536	2.588	299	4
200	eta	2	0.54786	6.30605	9.87117	1.2092	2.56319	234	5
200	eta	3	0.54786	4.61055	7.78501	0.765278	2.37806	168	5
200	eta	4	0.54786	3.03422	5.87621	0.500877	2.35458	117	5
200	eta	5	0.54786	1.94057	2.68428	0.300561	0.382895	78	5
200	eta	6	0.54786	1.187	1.71009	0.181084	0.304661	49	5
200	eta	7	0.54786	0.676127	1.09296	0.101423	0.32349	29	4
200	eta	8	0.54786	0.338391	0.469062	0.0499576	0.0731218	16	3
130	pi+	0	0.13957	101.99	1.51676	30.4081	0.162738	344	3
130	pi+	1	0.13957	83.9202	1.97571	25.3611	0.300614	289	5
130	pi+	2	0.13957	68.8163	1.32223	20.8942	0.192841	237	7
130	pi+	3	0.13957	51.6232	1.07835	15.6813	0.205306	187	8
130	pi+	4	0.13957	38.1854	2.02998	11.6753	0.765228	141	8
130	pi+	5	0.13957	26.4382	2.18887	8.0998	1.06673	100	9
130	pi+	6	0.13957	15.4559	0.390157	4.75197	0.0887876	61	8
130	pi+	7	0.13957	6.14194	0.5358	2.11155	0.312763	23	5
130	pi-	0	0.13957	101.978	1.49961	30.025	0.153752	344	3
130	pi-	1	0.13957	84.1548	3.04843	25.4252	1.07287	289	5
130	pi-	2	0.13957	68.9406	1.39333	20.9215	0.244724	237	7
130	pi-	3	0.13957	51.0332	1.0683	15.0189	0.197443	187	8
130	pi-	4	0.13957	38.3573	0.836188	11.7884	0.151805	141	8
130	pi-	5	0.13957	25.9218	0.739491	7.79409	0.25072	100	9
130	pi-	6	0.13957	15.6853	0.375909	4.87931	0.0747473	61	8
130	pi-	7	0.13957	6.07517	0.25432	2.03263	0.0955615	23	5
130	pi0	0	0.13497	102.5	2.5641	30.7323	0.861371	344	3
130	pi0	1	0.13497	84.3322	3.42636	25.6878	1.26587	289	5
130	pi0	2	0.13497	69.0947	1.93281	21.1241	0.600479	237	7
130	pi0	3	0.13497	51.8865	1.2111	15.9085	0.293307	187	8
130	pi0	4	0.13497	38.388	0.926951	11.8485	0.208091	141	8
130	pi0	5	0.13497	26.2267	1.45246	7.99358	0.682554	100	9
130	pi0	6	0.13497	15.5467	0.389844	4.7917	0.0830456	61	8
130	pi0	7	0.13497	6.08278	0.220729	2.04632	0.0764288	23	5
130	ka+	0	0.49368	18.8055	2.22938	3.33306	0.809065	344	3
130	ka+	1	0.49368	15.2194	1.75257	2.76663	0.525261	289	5
130	ka+	2	0.49368	12.401	1.9721	2.40877	0.775679	237	7
130	ka+	3	0.49368	10.0033	1.36613	2.18331	0.283479	187	8
130	ka+	4	0.49368	7.24442	0.822508	1.33196	0.0993159	141	8
130	ka+	5	0.49368	4.9649	0.586548	0.845582	0.105998	100	9
130	ka+	6	0.49368	2.98699	0.426716	0.480661	0.0661886	61	8
130	ka+	7	0.49368	1.02609	0.135793	0.174769	0.0191396	23	5
130	ka-	0	0.49368	17.7125	3.10483	3.38457	1.59615	344	3
130	ka-	1	0.49368	14.4039	1.33376	2.94012	0.142239	289	5
130	ka-	2	0.49368	11.571	1.91472	2.23845	0.608952	237	7
130	ka-	3	0.49368	8.68458	1.06027	1.45192	0.148378	187	8
130	ka-	4	0.49368	6.27283	0.675365	1.07613	0.0989981	141	8
130	ka-	5	0.49368	4.19776	0.596843	0.586275	0.174937	100	9
130	ka-	6	0.49368	2.51122	0.409314	0.339765	0.156296	61	8
130	ka-	7	0.49368	1.02755	0.345369	0.204162	0.154109	23	5
130	pba	0	0.93827	15.8247	0.16543	3.58753	0.0457959	344	3
130	pba	1	0.93827	12.6772	0.330505	2.65933	0.260422	289	5
130	pba	2	0.93827	10.4168	0.620764	2.10446	0.512371	237	7
130	pba	3	0.93827	8.56738	0.405954	1.82236	0.270849	187	8
130	pba	4	0.93827	6.5318	0.416835	1.27041	0.35153	141	8
130	pba	5	0.93827	4.6962	0.348756	0.893005	0.330497	100	9
130	pba	6	0.93827	2.93074	0.0841735	0.514147	0.0189951	61	8
130	pba	7	0.93827	1.17064	0.0426917	0.201881	0.0149178	23	5
130	pro	0	0.93827	3.50023	0.0806051	1.93394	0.034964	344	3
130	pro	1	0.93827	2.68267	0.615185	1.41093	0.369044	289	5
130	pro	2	0.93827	2.073	0.500195	1.01835	0.283743	237	7
130	pro	3	0.93827	1.53619	0.0551339	0.691693	0.0187932	187	8
130	pro	4	0.93827	1.30128	0.0381766	0.417231	0.0105381	141	8
130	pro	5	0.93827	0.847948	0.0291359	0.227412	0.00902551	100	9
130	pro	6	0.93827	0.534923	0.0234853	0.155215	0.00790236	61	8
130	pro	7	0.93827	0.173632	0.0245453	0.0302783	0.0130155	23	5
130	eta	0	0.54786	8.24652	14.3731	2.04096	5.49655	344	3
130	eta	1	0.54786	6.41215	9.21148	1.36865	2.00868	289	5
130	eta	2	0.54786	5.38293	7.54905	1.2613	1.55789	237	7
130	eta	3	0.54786	3.96557	5.10414	0.884703	0.699683	187	8
130	eta	4	0.54786	2.89788	4.08878	0.634656	0.863645	141	8
130	eta	5	0.54786	1.95746	3.19941	0.410763	1.04397	100	9
130	eta	6	0.54786	1.13424	1.68447	0.229816	0.436838	61	8
130	eta	7	0.54786	0.409189	0.585887	0.073517	0.1253	23	5
