0 0 2.52637 0.00732045 2.52415 0.42823
0 1 2.52691 0.00894556 2.5242 0.420521
0 2 2.52674 0.00844473 2.52343 0.403635
0 3 2.52555 0.00973202 2.52301 0.387918
0 4 2.52557 0.0222995 2.52231 0.451097
0 5 2.52133 0.0129293 2.52145 0.38987
0 6 2.53373 0.0196365 2.51996 0.504769
0 7 2.53813 0.0200391 2.51926 0.40756
0 8 2.55005 0.0261492 2.51815 0.455735
1 0 2.4881 0.0322214 2.49659 0.448603
1 1 2.48785 0.0350603 2.49659 0.511738
1 2 2.47624 0.0342874 2.4962 0.405991
1 3 2.48705 0.0399584 2.49141 0.461597
1 4 2.48753 0.0494943 2.48842 0.578666
1 5 2.48872 0.0490258 2.48566 0.429755
1 6 2.49048 0.0601534 2.48101 0.461365
1 7 2.52685 0.137173 2.46966 0.518492
1 8 2.5561 0.191608 2.46208 0.429337
2 0 2.40141 0.0793976 2.41535 0.428582
2 1 2.40549 0.079609 2.42109 0.42394
2 2 2.402 0.0866453 2.41494 0.479857
2 3 2.38767 0.0950454 2.40921 0.492954
2 4 2.40902 0.103611 2.39121 0.46257
2 5 2.42176 0.101196 2.382 0.413297
2 6 2.43283 0.128064 2.36806 0.488017
2 7 2.47191 0.135077 2.35855 0.426851
2 8 2.49255 0.203011 2.33635 0.390741
3 0 2.35034 0.102176 2.36242 0.395173
3 1 2.35652 0.106282 2.36004 0.397878
3 2 2.35335 0.107341 2.34989 0.40484
3 3 2.35389 0.107781 2.33648 0.36364
3 4 2.35685 0.111389 2.33655 0.371473
3 5 2.38407 0.128756 2.31899 0.4402
3 6 2.38972 0.130581 2.31899 0.409943
3 7 2.44887 0.14066 2.29374 0.357214
3 8 2.48761 0.213492 2.29421 0.414474
4 0 2.31108 0.123832 2.27342 0.365283
4 1 2.31706 0.125981 2.27024 0.372491
4 2 2.31092 0.126992 2.2787 0.38715
4 3 2.3287 0.129414 2.26919 0.382213
4 4 2.34513 0.130258 2.2534 0.352413
4 5 2.34966 0.134283 2.24599 0.338824
4 6 2.40911 0.135634 2.22044 0.294959
4 7 2.40715 0.15002 2.21365 0.404576
4 8 2.44547 0.156843 2.19098 0.410483
5 0 2.33577 0.220937 2.19219 0.396993
5 1 2.35283 0.208823 2.18728 0.305276
5 2 2.28305 0.220357 2.18068 0.275751
5 3 2.37693 0.149347 2.16616 0.270014
5 4 2.38294 0.0760394 2.16401 0.252314
5 5 2.40457 0.104499 2.15597 0.212849
5 6 2.40405 0.0900836 2.14831 0.220684
5 7 2.41411 0.0735944 2.13291 0.206817
5 8 2.44261 1.14451 2.12357 0.326131
6 0 2.60785 0.473846 2.09045 0.325092
6 1 2.61022 0.409407 2.08766 0.30551
6 2 2.61899 0.382049 2.08832 0.366086
6 3 2.63641 0.326249 2.08327 0.27338
6 4 2.63716 0.188734 2.08093 0.297105
6 5 2.62345 0.150277 2.07607 0.239728
6 6 2.5712 0.13428 2.0724 0.262505
6 7 2.5838 0.121549 2.06107 0.197308
6 8 1.60572 0.0671965 2.53165 0.0
7 0 2.44851 0.123026 2.06927 0.37186
7 1 2.441 0.153635 2.07289 0.342757
7 2 2.44514 0.174382 2.06534 0.317986
7 3 2.43378 0.111512 2.06646 0.285576
7 4 2.42672 0.11068 2.05837 0.279767
7 5 2.4318 0.100204 2.05939 0.270405
7 6 2.47122 0.117293 2.05437 0.264363
7 7 2.49034 0.110264 2.04737 0.257562
7 8 2.46432 0.100654 2.0464 0.260894
