Au+Au 62.4 GeV
------------------------
pT[GeV/c] d^2N/(2pi*pt*dpt*dy)[(GeV/c)^-2] error(stat.)
la	0-5%		
0.7	2.788588	0.343929
0.9	2.283759	0.088779
1.09	1.436462	0.041951
1.29	1.018684	0.029654
1.49	0.623587	0.018702
1.69	0.355339	0.011838
1.89	0.210137	0.008125
2.2	0.081148	0.00076
2.7	0.015359	0.000229
3.19	0.003045	0.000089
3.69	0.000596	0.000035
4.29	0.000089	0.00001
------------------------		
la	5-10%		
0.7	2.31268	0.266926
0.9	1.804337	0.077564
1.09	1.239384	0.044005
1.29	0.826463	0.028711
1.49	0.498908	0.018082
1.69	0.297155	0.011787
1.89	0.154377	0.00692
2.2	0.065926	0.000725
2.7	0.012797	0.000226
3.19	0.002491	0.000084
3.69	0.000527	0.000034
4.29	0.000055	0.000008
------------------------		
la 	10-20%		
0.7	1.69931	0.139046
0.9	1.367031	0.046015
1.09	0.916797	0.025046
1.29	0.572943	0.014834
1.49	0.389076	0.011008
1.69	0.214991	0.006533
1.89	0.123115	0.004372
2.2	0.048619	0.000422
2.7	0.009469	0.000133
3.2	0.001952	0.000051
3.69	0.000363	0.000021
4.29	0.000061	0.000005
------------------------		
la	20-30%		
0.7	1.320435	0.10286
0.9	0.859396	0.032038
1.09	0.613656	0.019667
1.29	0.393655	0.012136
1.49	0.236845	0.007692
1.69	0.140309	0.005055
1.89	0.084764	0.003642
2.2	0.030875	0.000304
2.7	0.006012	0.0001
3.19	0.001309	0.000041
3.69	0.000269	0.000017
4.29	0.000033	0.000004
------------------------		
la	30-40%		
0.7	0.876166	0.073297
0.9	0.58515	0.026107
1.09	0.395711	0.015048
1.29	0.243196	0.008917
1.49	0.14824	0.005802
1.69	0.086203	0.003743
1.89	0.047338	0.002382
2.2	0.018296	0.000215
2.7	0.003734	0.000076
3.19	0.000757	0.00003
3.69	0.000174	0.000014
4.29	0.000023	0.000004
------------------------		
la	40-60%		
0.7	0.433041	0.034016
0.9	0.292254	0.013036
1.09	0.188876	0.007105
1.29	0.11297	0.004088
1.49	0.062334	0.002331
1.69	0.035844	0.001517
1.89	0.018663	0.000886
2.2	0.007694	0.000094
2.7	0.001533	0.000033
3.19	0.000325	0.000013
3.69	0.000078	0.000007
4.28	0.000008	0.000002
------------------------		
la	60-80%		
0.7	0.108018	0.013886
0.9	0.080677	0.006614
1.09	0.048848	0.003428
1.29	0.024851	0.00164
1.49	0.012923	0.000875
1.69	0.007461	0.000594
1.89	0.004192	0.000376
2.2	0.00151	0.000041
2.69	0.000294	0.000014
3.19	0.000068	0.000008
3.69	0.000011	0.000004
------------------------
========================
Au+Au 62.4 GeV
------------------------
pT[GeV/c] d^2N/(2pi*pt*dpt*dy)[(GeV/c)^-2] error(stat.)			
ala	0-5%		
0.7	1.485609	0.192552
0.9	1.226796	0.040159
1.1	0.76509	0.020931
1.29	0.542682	0.013825
1.49	0.327942	0.008702
1.69	0.199088	0.005824
1.89	0.109927	0.003643
2.2	0.043712	0.00063
2.7	0.008784	0.000218
3.2	0.001794	0.000079
3.69	0.000333	0.00003
4.29	0.000032	0.000006
------------------------		
ala	5-10%		
0.7	1.171787	0.123175
0.9	0.923498	0.036188
1.1	0.665446	0.020515
1.29	0.422197	0.012531
1.49	0.266558	0.008584
1.69	0.162292	0.00559
1.89	0.092917	0.003606
2.2	0.036021	0.000632
2.7	0.007163	0.000209
3.2	0.001263	0.000069
3.69	0.000285	0.000033
4.29	0.000049	0.000011
------------------------		
ala	10-20%		
0.7	0.880721	0.065941
0.9	0.715293	0.021576
1.1	0.490562	0.011743
1.29	0.319665	0.00734
1.49	0.200102	0.004834
1.69	0.118775	0.003127
1.89	0.066462	0.002011
2.2	0.026561	0.000366
2.7	0.005378	0.000125
3.2	0.001072	0.000045
3.69	0.000225	0.000018
4.29	0.000031	0.000005
------------------------		
ala	20-30%		
0.7	0.573366	0.041221
0.9	0.459985	0.014836
1.1	0.339898	0.009516
1.29	0.216837	0.005886
1.49	0.132446	0.003691
1.69	0.080093	0.002518
1.89	0.044324	0.00157
2.2	0.017304	0.000274
2.7	0.003343	0.000091
3.2	0.000719	0.000037
3.69	0.000139	0.000013
4.29	0.00002	0.000004
------------------------		
ala	30-40%		
0.7	0.462242	0.032194
0.9	0.337407	0.01337
1.09	0.222445	0.007338
1.29	0.141128	0.004572
1.49	0.083686	0.002826
1.69	0.047488	0.001741
1.89	0.027433	0.001158
2.2	0.010313	0.000207
2.7	0.001974	0.000066
3.19	0.000395	0.000025
3.69	0.000093	0.000012
4.28	0.00001	0.000004
------------------------		
ala	40-60%		
0.7	0.264033	0.017911
0.9	0.165983	0.006292
1.09	0.109091	0.003614
1.29	0.067038	0.002189
1.49	0.036349	0.001177
1.69	0.020301	0.000721
1.89	0.010752	0.00044
2.2	0.004353	0.000089
2.69	0.000834	0.00003
3.19	0.000179	0.000012
3.69	0.00004	0.000006
4.28	0.000006	0.000002
------------------------		
ala	60-80%		
0.7	0.09015	0.011087
0.9	0.044152	0.002937
1.09	0.026892	0.00159
1.29	0.015716	0.000913
1.49	0.008336	0.000521
1.69	0.00478	0.000334
1.89	0.002635	0.00022
2.19	0.000887	0.000037
2.69	0.000152	0.000012
3.19	0.000035	0.000006
------------------------
========================
Au+Au 130 GeV
------------------------
pT[GeV/c] d^2N/(2pi*pt*dpt*dy)[(GeV/c)^-2] error(stat.)	
la	0-5%		
0.5	3.73	0.65
0.7	2.53	0.27
0.9	1.99	0.12
1.1	1.567	0.057
1.3	1.019	0.047
1.5	0.661	0.042
1.7	0.428	0.034
1.9	0.249	0.021
2.1	0.133	0.015
2.3	0.083	0.01
------------------------		
la	5-10%		
0.5	3.07	0.56
0.7	1.93	0.21
0.9	1.59	0.1
1.1	1.146	0.047
1.3	0.792	0.039
1.5	0.536	0.036
1.7	0.333	0.028
1.9	0.199	0.018
2.1	0.109	0.013
2.3	0.069	0.0088
------------------------		
la	10-20%		
0.5	2.24	0.39
0.7	1.67	0.18
0.9	1.278	0.076
1.1	0.9	0.032
1.3	0.574	0.026
1.5	0.411	0.026
1.7	0.248	0.02
1.9	0.16	0.014
2.1	0.094	0.011
2.3	0.0528	0.0064
------------------------		
la	20-35%		
0.5	1.49	0.27
0.7	0.97	0.11
0.9	0.734	0.047
1.1	0.513	0.022
1.3	0.359	0.018
1.5	0.226	0.016
1.7	0.142	0.012
1.9	0.0794	0.0073
2.1	0.0435	0.0054
2.3	0.0272	0.0036
------------------------		
la	35-75%		
0.5	0.487	0.089
0.7	0.316	0.036
0.9	0.21	0.014
1.1	0.1347	0.0061
1.3	0.0861	0.0047
1.5	0.0519	0.0037
1.7	0.0286	0.0026
1.9	0.0154	0.0015
2.1	0.0094	0.0013
2.3	0.00431	0.00068
------------------------
========================
Au+Au 130 GeV
------------------------
pT[GeV/c] d^2N/(2pi*pt*dpt*dy)[(GeV/c)^-2] error(stat.)			
ala	0-5%		
0.5	2.19	0.39
0.7	1.79	0.2
0.9	1.395	0.085
1.1	1.097	0.042
1.3	0.748	0.036
1.5	0.488	0.032
1.7	0.311	0.026
1.9	0.196	0.017
2.1	0.109	0.013
2.3	0.0672	0.0083
------------------------		
ala	5-10%		
0.5	1.67	0.31
0.7	1.38	0.15
0.9	1.133	0.073
1.1	0.859	0.037
1.3	0.654	0.034
1.5	0.376	0.026
1.7	0.259	0.022
1.9	0.146	0.013
2.1	0.085	0.011
2.3	0.0517	0.0068
------------------------		
ala	10-20%		
0.5	1.57	0.28
0.7	1.27	0.14
0.9	0.932	0.058
1.1	0.631	0.025
1.3	0.48	0.023
1.5	0.29	0.019
1.7	0.191	0.016
1.9	0.113	0.01
2.1	0.0679	0.008
2.3	0.0413	0.0051
------------------------		
ala	20-35%		
0.5	1.3	0.24
0.7	0.77	0.08
0.9	0.565	0.038
1.1	0.402	0.019
1.3	0.273	0.015
1.5	0.152	0.011
1.7	0.103	0.009
1.9	0.0606	0.0059
2.1	0.0327	0.0042
2.3	0.0184	0.0026
------------------------		
ala	35-75%		
0.5	0.333	0.063
0.7	0.247	0.029
0.9	0.163	0.011
1.1	0.107	0.0053
1.3	0.0705	0.0041
1.5	0.0418	0.0032
1.7	0.022	0.0021
1.9	0.0125	0.0013
2.1	0.0064	0.0009
2.3	0.00483	0.00074
------------------------
========================
Au+Au 200 Gev
------------------------		
pT[GeV/c] d^2N/(2pi*pt*dpt*dy)[(GeV/c)^-2] error(stat.)	
la	0-5%	
0.65	2.83599	0.33435
0.75	2.3964	0.247236
0.9	1.83184	0.160367
1.1	1.44632	0.124649
1.3	1.1152	0.096413
1.5	0.736476	0.0617669
1.7	0.433343	0.0366523
1.9	0.27969	0.0240648
2.1	0.163797	0.0159121
2.3	0.09883	0.00989397
2.5	0.055582	0.00515282
2.7	0.032521	0.00306859
2.9	0.01885	0.00309127
3.175	0.00861539	0.00141612
3.575	0.0030704	0.0004996
4.1	0.0007254	0.0001213
4.75	0.0001294	0.0000226
------------------------		
la	10-20%	
0.65	1.80199	0.177967
0.75	1.50201	0.138122
0.9	1.17181	0.0990205
1.1	0.894054	0.0745711
1.3	0.652226	0.0543879
1.5	0.435295	0.0358408
1.7	0.26549	0.0219856
1.9	0.1461	0.0122123
2.1	0.094547	0.008915
2.3	0.056353	0.00541004
2.5	0.032926	0.00303251
2.7	0.02002	0.00186724
2.9	0.01064	0.00173409
3.175	0.0053000	0.0008643
3.575	0.0019134	0.0003110
4.1	0.0004684	0.0000780
4.75	0.0001087	0.0000188
------------------------		
la	20-40%	
0.65	0.967984	0.0891251
0.75	0.956233	0.0845831
0.9	0.680232	0.0565133
1.1	0.484186	0.0398945
1.3	0.349551	0.0287981
1.5	0.223801	0.0182878
1.7	0.144321	0.0118499
1.9	0.0796466	0.00659499
2.1	0.0501193	0.004681
2.3	0.0278857	0.00263996
2.5	0.016321	0.0015026
2.7	0.0098415	0.000917413
2.9	0.00573908	0.00093474
3.175	0.00274629	0.000447936
3.575	0.0010497	0.0001715
4.1	0.0002763	0.0000465
4.75	0.0000589	0.0000108
------------------------		
la	40-60%	
0.65	0.459629	0.0448784
0.75	0.389864	0.0361806
0.9	0.295241	0.0254226
1.1	0.199909	0.0170767
1.3	0.114799	0.00978099
1.5	0.0812839	0.00684239
1.7	0.0457419	0.00389331
1.9	0.0272165	0.00236065
2.1	0.0167704	0.00165684
2.3	0.0099343	0.00101152
2.5	0.00559898	0.000534813
2.7	0.0034574	0.00034003
2.9	0.00207583	0.000347349
3.175	0.000982	0.000165536
3.575	0.0004134	0.0000705
4.1	0.0001296	0.0000229
4.75	0.0000354	0.0000067
------------------------		
la	60-80%	
0.65	0.168534	0.0208304
0.75	0.143039	0.0161363
0.9	0.082781	0.00787756
1.1	0.0542705	0.00504905
1.3	0.0333924	0.00317665
1.5	0.0199942	0.00183791
1.7	0.0121928	0.00115109
1.9	0.006456	0.000650213
2.1	0.00414492	0.000474507
2.3	0.00219189	0.000270842
2.5	0.00163805	0.000176904
2.7	0.0008338	0.0000992
2.9	0.0006130	0.0001142
3.175	0.0002412	0.0000446
3.575	0.0000724	0.0000151
4.1	0.0000384	0.0000078
4.75	0.0000097	0.0000023
------------------------
========================
Au+Au 200 Gev
------------------------		
pT[GeV/c] d^2N/(2pi*pt*dpt*dy)[(GeV/c)^-2] error(stat.)	
ala	0-5%	
0.65	2.30784	0.286095
0.75	1.766	0.188539
0.9	1.36499	0.120462
1.1	1.08357	0.0938185
1.3	0.848352	0.0735614
1.5	0.555214	0.0465812
1.7	0.3298	0.0279053
1.9	0.213435	0.0183726
2.1	0.126735	0.0123168
2.3	0.0768405	0.007697
2.5	0.0419265	0.00389162
2.7	0.026	0.00245634
2.9	0.0151173	0.00248069
3.175	0.00665018	0.00109393
3.575	0.0023338	0.0003805
4.1	0.0005498	0.0000924
4.75	0.0001000	0.0000178
------------------------		
ala	10-20%	
0.65	1.44548	0.148717
0.75	1.16658	0.108518
0.9	0.856323	0.07283
1.1	0.692687	0.0580459
1.3	0.509114	0.0426063
1.5	0.329548	0.0271531
1.7	0.204497	0.0169474
1.9	0.115229	0.00963922
2.1	0.0724365	0.00683686
2.3	0.0431785	0.00415043
2.5	0.0244941	0.00226161
2.7	0.0162976	0.00152274
2.9	0.00858225	0.00140002
3.175	0.00410936	0.000671093
3.575	0.0015041	0.0002452
4.1	0.0003642	0.0000610
4.75	0.0000699	0.0000126
------------------------		
ala	20-40%	
0.65	0.857878	0.080983
0.75	0.758041	0.0679262
0.9	0.519982	0.0434115
1.1	0.372642	0.0307878
1.3	0.274312	0.0226465
1.5	0.176912	0.0144674
1.7	0.1064	0.0087491
1.9	0.0651557	0.00540105
2.1	0.0395817	0.00370268
2.3	0.0226509	0.00214824
2.5	0.013194	0.00121777
2.7	0.008162	0.000763733
2.9	0.0048427	0.000790124
3.175	0.0022617	0.000369619
3.575	0.00082609	0.000135524
4.1	0.0002479	0.0000419
4.75	0.0000376	0.0000074
------------------------		
ala	40-60%	
0.65	0.374418	0.0380656
0.75	0.32862	0.0313562
0.9	0.231972	0.0201658
1.1	0.159802	0.0137473
1.3	0.0950795	0.00814895
1.5	0.0634916	0.00536586
1.7	0.03534	0.00302291
1.9	0.02136	0.00186414
2.1	0.013277	0.00131964
2.3	0.0073926	0.000760725
2.5	0.00446449	0.000432489
2.7	0.002935	0.00029013
2.9	0.0019006	0.000317999
3.175	0.00085357	0.000144579
3.575	0.0003212	0.0000562
4.1	0.0001027	0.0000185
4.75	0.0000294	0.0000058
------------------------		
ala	60-80%	
0.65	0.150855	0.0202011
0.75	0.118582	0.0139428
0.9	0.0694138	0.0067412
1.1	0.0480208	0.00454884
1.3	0.0287427	0.00276352
1.5	0.015315	0.00141107
1.7	0.009046	0.000865643
1.9	0.005468	0.000555258
2.1	0.0035348	0.000407654
2.3	0.002024	0.000249621
2.5	0.0012	0.00013092
2.7	0.0006240	0.0000769
2.9	0.0003805	0.0000750
3.175	0.0001799	0.0000341
3.575	0.0000759	0.0000154
4.1	0.0000390	0.0000078
4.75	0.0000046	0.0000017




