Particle List (1st event only)
******************************************************
JobID: 20200430	No. Events: 10000	SNN: 11.5

Simulation Parameters:
Version: Pythia8 Angantyr
Type of Cut: pseudorapidity (n)
Cut: 0.1
Calorimeter (r=regular, c=calorimeter): r
Counting method: d

I	particle/jet	status	KF	orig	p_x	p_y	p_z	E	m
=========================================================
0	system	-11	90	0	0	0	0	2265.5	2265.5	-nan
1	197Au	-12	1000791970	0	0	0	1117.79	1132.75	183.473	-nan
2	197Au	-12	1000791970	0	0	0	-1117.79	1132.75	183.473	-1.60397e-05
3	n0	-13	2112	1	0	0	5.67272	5.75	0.93957	-nan
4	n0	-13	2112	2	0	0	-5.67272	5.75	0.93957	-0
5	g	-21	21	11	0	0	1.85527	1.85527	0	-nan
6	g	-21	21	13	0	0	-2.4257	2.4257	0	-0
7	g	-23	21	5	-0.707262	-1.21942	-1.88477	2.35363	0	1.40968
8	g	-23	21	5	0.707262	1.21942	1.31433	1.92735	0	1.40968
9	g	-51	21	7	-0.924782	-1.25369	-1.77857	2.36438	0	1.55787
10	g	-51	21	7	0.21752	0.0342727	0.206289	0.301736	0	0.220203
11	g	-53	21	12	0	-3.33067e-16	2.16776	2.16776	0	3.33067e-16
12	g	-61	21	3	-0.0478384	0.360165	2.04575	2.07776	0	0.363328
13	g	-61	21	4	0.482064	1.96636	-2.33602	3.09127	0	2.02459
14	g	-62	21	9	-0.523196	0.389863	-2.16973	2.26571	0	0.652477
15	g	-62	21	8	0.736347	1.81866	1.6535	2.56589	0	1.96207
16	g	-62	21	10	0.221073	0.117999	0.225961	0.337425	0	0.250594
17	ud_0	-63	2101	3	0.105038	-0.403487	2.69636	2.78923	0.57933	0.42623
18	d	-63	1	3	-0.0571999	0.043322	-0.535796	0.633345	0.33	0.0840671
19	ud_0	-63	2101	4	-0.244643	-1.14743	-0.0309079	1.30883	0.57933	1.30838
20	d	-63	1	4	-0.0131558	-0.75228	-0.0120828	0.821672	0.33	0.821566
21	n0	-13	2112	1	0	0	5.67293	5.75	0.93827	-nan
22	p_diffr+	-15	9902210	21	-0.0578785	0.0109239	4.64754	6.27822	4.22053	0.0795603
23	u	-24	2	22	-0.0587194	0.0140236	-0.761556	0.830203	0.325	0.0656068
24	dd_1	-63	1103	22	0.000840844	-0.00309974	5.4091	5.44801	0.65	0.00323487
25	p+	-13	2212	1	0	0	5.67293	5.75	0.93827	-nan
26	p_diffr+	-15	9902210	25	-0.166386	-0.0775665	4.87102	5.99968	3.49795	0.225954
27	g	-24	21	26	-0.157754	-0.0695501	-0.484929	0.514665	0	0.172405
28	u	-63	2	26	-0.199443	-0.143556	3.07096	3.09787	0.325	0.247099
29	ud_0	-63	2101	26	0.190811	0.13554	2.28499	2.38714	0.65	0.243242
30	n0	-13	2112	1	0	0	5.67293	5.75	0.93827	-nan
31	p+	-13	2212	2	0	0	-5.67293	5.75	0.93827	-0
32	g	-21	21	48	0	0	0.53006	0.53006	0	-nan
33	g	-21	21	49	0	0	-2.35025	2.35025	0	-0
34	g	-23	21	32	0.0719859	-1.10132	-1.12476	1.57581	0	1.10367
35	g	-23	21	32	-0.0719859	1.10132	-0.695433	1.3045	0	1.10367
36	d	-31	1	52	0	0	0.172098	0.172098	0	-nan
37	g	-31	21	53	0	0	-1.2196	1.2196	0	-0
38	d	-33	1	36	-0.191157	0.33639	-0.445422	0.676018	0.33	0.443318
39	g	-33	21	36	0.191157	-0.33639	-0.602079	0.71568	0	0.38691
40	g	-31	21	56	0	0	0.542863	0.542863	0	-nan
41	u	-31	2	57	0	0	-0.199469	0.199469	0	-0
42	g	-33	21	40	-0.242438	0.0356648	0.100198	0.264741	0	0.245048
43	u	-33	2	40	0.242438	-0.0356648	0.243195	0.47759	0.33	0.338986
44	g	-31	21	60	0	0	0.692664	0.692664	0	-nan
45	d	-31	1	61	0	0	-0.185727	0.185727	0	-0
46	g	-33	21	44	0.1678	-0.102106	0.448902	0.489995	0	0.196425
47	d	-33	1	44	-0.1678	0.102106	0.0580354	0.388395	0.33	0.372477
48	g	-61	21	30	0.253646	0.216559	0.374682	0.501618	0	0.333517
49	g	-61	21	31	-0.393979	-1.05241	-2.32165	2.57931	0	1.12374
50	g	-62	21	34	0.0175443	-1.50951	-0.720472	1.67272	0	1.50961
51	g	-62	21	35	-0.157877	0.673661	-1.2265	1.40821	0	0.691913
52	d	-61	1	30	-0.137748	-0.329248	-0.139187	0.383082	0	0.356902
53	g	-61	21	31	-0.67955	0.368911	-1.26521	1.48278	0	0.773229
54	d	-62	1	38	-0.460161	0.145021	-0.220413	0.624709	0.33	0.568222
55	g	-62	21	39	-0.357137	-0.105359	-1.18398	1.24115	0	0.372353
56	g	-61	21	30	-0.0731254	0.424295	0.614198	0.750075	0	0.43055
57	u	-61	2	31	0.195258	0.472187	-0.0304372	0.511871	0	0.510966
58	g	-62	21	42	-0.168244	0.357215	0.0796976	0.402815	0	0.394852
59	u	-62	2	43	0.290376	0.539267	0.504064	0.859132	0.33	0.663364
60	g	-61	21	30	0.507052	-0.487091	0.972374	1.19995	0	0.703107
61	d	-61	1	31	0.551651	-0.26487	0.0760195	0.616647	0	0.611943
62	g	-62	21	46	0.737999	-0.590277	0.904361	1.30803	0	0.945024
63	d	-62	1	47	0.320703	-0.161684	0.144032	0.508564	0.33	0.472022
64	ud_1	-63	2103	30	-0.843316	0.37982	-0.23973	1.22795	0.77133	1.18867
65	u	-63	2	31	0.326621	0.47618	-0.642071	0.924437	0.33	0.618161
66	n0	-13	2112	2	0	0	-5.67293	5.75	0.93827	-0
67	p_diffr+	-15	9902210	66	0.293492	-0.204334	-3.07192	7.07228	6.36023	0.817793
68	g	-24	21	67	0.271	-0.188004	1.78042	1.81071	0	0.329828
69	d	-63	1	67	0.537764	0.67093	-2.74613	2.89589	0.325	0.865314
70	ud_1	-63	2103	67	-0.515272	-0.68726	-2.10621	2.36568	0.65	0.893354
71	n0	-13	2112	1	0	0	5.67293	5.75	0.93827	-nan
72	p+	-13	2212	2	0	0	-5.67293	5.75	0.93827	-0
73	g	-21	21	89	0	0	2.13384	2.13384	0	-nan
74	g	-21	21	90	0	0	-0.638285	0.638285	0	-0
75	g	-23	21	73	-0.0355607	-0.492841	-0.507919	0.708618	0	0.494122
76	g	-23	21	73	0.0355607	0.492841	2.00347	2.06351	0	0.494122
77	u	-31	2	93	0	0	0.446249	0.446249	0	-nan
78	u	-31	2	94	0	0	-1.93785	1.93785	0	-0
79	u	-33	2	77	-0.115171	-0.345041	0.266431	0.558751	0.33	0.45077
80	u	-33	2	77	0.115171	0.345041	-1.75803	1.82534	0.33	0.369849
81	g	-31	21	97	0	0	0.184347	0.184347	0	-nan
82	d	-31	1	98	0	0	-0.571671	0.571671	0	-0
83	g	-33	21	81	0.0213419	0.234497	-0.0851251	0.250381	0	0.235466
84	d	-33	1	81	-0.0213419	-0.234497	-0.302199	0.505637	0.33	0.310778
85	g	-31	21	101	0	0	0.64797	0.64797	0	-nan
86	g	-31	21	102	0	0	-0.184395	0.184395	0	-0
87	g	-33	21	85	-0.303556	-0.0426668	0.0394617	0.30907	0	0.30654
88	g	-33	21	85	0.303556	0.0426668	0.424113	0.523296	0	0.30654
89	g	-61	21	71	1.07025	0.0834667	2.08618	2.34618	0	1.0735
90	g	-61	21	72	-0.212236	-0.324427	-0.485313	0.621149	0	0.387681
91	g	-62	21	75	-0.13989	-0.790787	-0.207979	0.82956	0	0.803065
92	g	-62	21	76	0.997905	0.549827	1.80884	2.13776	0	1.13935
93	u	-61	2	71	-1.06649	-0.217174	-0.205539	1.10762	0	1.08838
94	u	-61	2	72	-0.274452	0.915461	-1.71671	1.96481	0	0.955716
95	u	-62	2	79	-1.087	-0.367226	-0.642044	1.35556	0.33	1.18295
96	u	-62	2	80	-0.25394	1.06551	-1.28021	1.71687	0.33	1.11617
97	g	-61	21	71	-0.0789414	-0.134592	0.0708208	0.171354	0	0.156034
98	d	-61	1	72	0.580453	-0.158567	-0.590546	0.843098	0	0.601722
99	g	-62	21	83	0.0929336	0.148547	-0.0479065	0.181654	0	0.175223
100	d	-62	1	84	0.408578	-0.441706	-0.471819	0.832798	0.33	0.655344
101	g	-61	21	71	0.0507353	0.12165	0.656851	0.669945	0	0.131806
102	g	-61	21	72	-0.0291817	0.0501473	-0.178959	0.188129	0	0.05802
103	g	-62	21	87	-0.309435	0.0274894	0.0800419	0.3208	0	0.310654
104	g	-62	21	88	0.330989	0.144308	0.397851	0.537274	0	0.361079
105	dd_1	-63	1103	71	0.278693	0.407481	0.921494	1.19519	0.57933	0.564407
106	u	-63	2	72	-0.10151	-0.329266	-1.00063	1.10855	0.33	0.360921
107	n0	-13	2112	2	0	0	-5.67293	5.75	0.93827	-0
108	p_diffr+	-15	9902210	107	-0.254246	-0.260832	-4.72077	6.52161	4.48475	0.501702
109	g	-24	21	108	-0.226609	-0.232537	0.733688	0.802324	0	0.324692
110	u	-63	2	108	-0.655808	0.241147	-2.69815	2.80604	0.325	0.703473
111	dd_1	-63	1103	108	0.628171	-0.269442	-2.75631	2.91324	0.65	0.701195
112	n0	-13	2112	1	0	0	5.67293	5.75	0.93827	-nan
113	p_diffr+	-15	9902210	112	0.0369266	-0.153349	5.16313	6.26237	3.54041	0.191224
114	u	-24	2	113	0.0383204	-0.159179	-0.468567	0.593284	0.325	0.195702
115	dd_1	-63	1103	113	-0.00139377	0.00582989	5.6317	5.66909	0.65	0.00603398
116	p+	-13	2212	1	0	0	5.67293	5.75	0.93827	-nan
117	n0	-13	2112	2	0	0	-5.67293	5.75	0.93827	-0
118	ubar	-21	-2	122	0	0	2.75337	2.75337	0	-nan
119	g	-21	21	123	0	0	-2.15834	2.15834	0	-0
120	ubar	-23	-2	118	-1.01235	-1.12034	2.21255	2.69894	0.33	1.52139
121	g	-23	21	118	1.01235	1.12034	-1.61752	2.21278	0	1.50997
122	ubar	-42	-2	141	-1.60982e-15	2.498e-16	2.75337	2.75337	0	1.62909e-15
123	u	-41	2	142	1.33227e-15	-2.22045e-16	-3.12168	3.12168	0	-1.35064e-15
124	ubar	-44	-2	120	-1.10458	-1.10745	1.96191	2.53071	0.33	1.57761
125	g	-44	21	121	0.286087	1.2219	-2.06384	2.41543	0	1.25495
126	u	-43	2	123	0.818488	-0.114454	-0.266374	0.928912	0.33	0.884124
127	ubar	-51	-2	124	-1.60613	-0.540681	1.12235	2.05926	0.33	1.71689
128	g	-51	21	124	0.545691	-0.378262	0.521166	0.844083	0	0.663974
129	g	-52	21	125	0.241952	1.0334	-1.74545	2.0428	0	1.06134
130	ubar	-51	-2	127	-0.353182	-1.28206	0.990616	1.69075	0.33	1.3559
131	g	-51	21	127	-0.800434	0.427708	0.563909	1.06847	0	0.907539
132	g	-52	21	128	0.0931751	-0.064587	0.0889875	0.144124	0	0.113371
133	u	-31	2	148	0	0	0.710142	0.710142	0	-nan
134	g	-31	21	149	0	0	-0.251779	0.251779	0	-0
135	u	-33	2	133	0.351122	-0.0635277	0.303015	0.572748	0.33	0.436571
136	g	-33	21	133	-0.351122	0.0635277	0.155347	0.389172	0	0.356823
137	d	-31	1	152	0	0	0.755727	0.755727	0	-nan
138	g	-31	21	153	0	0	-0.110827	0.110827	0	-0
139	d	-33	1	137	0.0150227	0.159894	0.593726	0.697999	0.33	0.182254
140	g	-33	21	137	-0.0150227	-0.159894	0.0511744	0.168555	0	0.160599
141	ubar	-61	-2	116	0.408723	1.04892	2.65468	2.88351	0	1.12574
142	u	-61	2	117	-0.954531	0.562764	-3.03818	3.23394	0	1.10808
143	ubar	-62	-2	130	-0.223	-0.743749	1.16031	1.43461	0.33	0.797856
144	g	-62	21	129	-0.344956	1.46105	-1.85837	2.38897	0	1.50122
145	u	-62	2	126	0.668577	0.0983183	-0.436837	0.869705	0.33	0.730388
146	g	-62	21	132	0.101393	-0.0193537	0.0708261	0.125186	0	0.103224
147	g	-62	21	131	-0.747822	0.815417	0.680567	1.29897	0	1.10641
148	u	-61	2	116	-0.0823711	-0.34018	0.666891	0.753161	0	0.350011
149	g	-61	21	117	0.420402	-0.387729	-0.03498	0.57297	0	0.571901
150	u	-62	2	135	0.494069	-0.571442	0.71383	1.09046	0.33	0.792578
151	g	-62	21	136	-0.156038	-0.156468	-0.0819192	0.235671	0	0.220975
152	d	-61	1	116	-0.225602	-0.0694136	0.650771	0.692256	0	0.236039
153	g	-61	21	117	0.0187155	-0.447759	0.244253	0.51039	0	0.44815
154	d	-62	1	139	-0.10762	-0.0820553	0.414706	0.546988	0.33	0.169695
155	g	-62	21	140	-0.0992663	-0.435118	0.480318	0.655658	0	0.446297
156	uu_1	-63	2203	116	0.230661	-0.685138	0.115027	1.06339	0.77133	1.05018
157	dd_1	-63	1103	117	0.515414	0.272724	-1.56064	1.76387	0.57933	0.61737
158	n0	-13	2112	2	0	0	-5.67293	5.75	0.93827	-0
159	p_diffr+	-15	9902210	158	-0.331411	0.0458131	-5.37075	5.77652	2.10028	0.359143
160	u	-24	2	159	-0.365338	0.0521352	-0.148256	0.51361	0.325	0.476589
161	dd_1	-63	1103	159	0.0339268	-0.00632211	-5.2225	5.26291	0.65	0.0347771
162	p+	-13	2212	1	0	0	5.67293	5.75	0.93827	-nan
163	n0	-13	2112	2	0	0	-5.67293	5.75	0.93827	-0
164	g	-21	21	168	0	0	0.533919	0.533919	0	-nan
165	g	-21	21	169	0	0	-1.54808	1.54808	0	-0
166	g	-23	21	164	0.845275	-0.250478	-0.252791	0.917133	0	0.881606
167	g	-23	21	164	-0.845275	0.250478	-0.761373	1.16487	0	0.881606
168	g	-42	21	181	-2.22045e-16	1.38778e-16	0.533919	0.533919	0	2.61846e-16
169	g	-41	21	182	1.94289e-16	-9.71445e-17	-2.5364	2.5364	0	-2.17222e-16
170	g	-44	21	166	0.985627	-0.324872	-0.521777	1.16157	0	1.03779
171	g	-44	21	167	-0.614191	0.127991	-1.31478	1.4568	0	0.627385
172	g	-43	21	169	-0.371436	0.196882	-0.165926	0.45195	0	0.420389
173	g	-31	21	186	0	0	0.409471	0.409471	0	-nan
174	u	-31	2	187	0	0	-0.796277	0.796277	0	-0
175	g	-33	21	173	0.224633	-0.453232	-0.035619	0.507098	0	0.505845
176	u	-33	2	173	-0.224633	0.453232	-0.351187	0.69865	0.33	0.5739
177	g	-31	21	190	0	0	0.084778	0.084778	0	-nan
178	g	-31	21	191	0	0	-1.29954	1.29954	0	-0
179	g	-33	21	177	0.306338	-0.0428962	-0.356369	0.471892	0	0.309327
180	g	-33	21	177	-0.306338	0.0428962	-0.858391	0.912425	0	0.309327
181	g	-61	21	162	-0.0694233	-0.166248	0.488093	0.520282	0	0.180161
182	g	-61	21	163	0.157523	0.624745	-2.53047	2.61121	0	0.644298
183	g	-62	21	170	0.996106	-0.218547	-0.542741	1.15523	0	1.0198
184	g	-62	21	171	-0.536352	0.450997	-1.34132	1.51335	0	0.700765
185	g	-62	21	172	-0.371655	0.226047	-0.158315	0.462912	0	0.434999
186	g	-61	21	162	0.0357905	0.100477	0.322671	0.339843	0	0.106661
187	u	-61	2	163	0.763251	-0.309327	-0.800026	1.14816	0	0.82355
188	g	-62	21	175	0.482725	-0.470832	0.127065	0.686186	0	0.674319
189	u	-62	2	176	0.316316	0.261982	-0.60442	0.801819	0.33	0.450656
190	g	-61	21	162	-0.292158	-0.472805	-0.765931	0.946335	0	0.555788
191	g	-61	21	163	0.113308	0.108104	-0.658191	0.676565	0	0.156605
192	g	-62	21	179	0.0900842	-0.390853	-0.410675	0.574051	0	0.4011
193	g	-62	21	180	-0.268934	0.0261524	-1.01345	1.04885	0	0.270203
194	uu_1	-63	2203	162	-0.00252715	-0.208737	2.05392	2.20389	0.77133	0.222846
195	d	-63	1	162	0.328318	0.747312	1.49416	1.73426	0.33	0.831443
196	dd_1	-63	1103	163	-1.33028	-0.563873	1.50265	2.1636	0.57933	1.49961
197	p+	-13	2212	1	0	0	5.67293	5.75	0.93827	-nan
198	p_diffr+	-15	9902210	197	0.2962	0.140351	4.56606	4.90585	1.76381	0.351257
199	u	-24	2	198	0.376065	0.17616	0.283924	0.582656	0.293969	0.480986
200	ud_1	-63	2103	198	-0.0798647	-0.0358089	4.28213	4.32319	0.587938	0.088346
201	p+	-13	2212	1	0	0	5.67293	5.75	0.93827	-nan
202	n0	-13	2112	2	0	0	-5.67293	5.75	0.93827	-0
203	u	-21	2	211	0	0	0.441005	0.441005	0	-nan
204	u	-21	2	212	0	0	-3.68022	3.68022	0	-0
205	u	-23	2	203	0.584855	0.827572	-2.74856	2.94795	0.33	1.01979
206	u	-23	2	203	-0.584855	-0.827572	-0.490656	1.17328	0.33	1.05601
207	g	-31	21	215	0	0	0.758158	0.758158	0	-nan
208	g	-31	21	216	0	0	-0.408363	0.408363	0	-0
209	g	-33	21	207	-0.360737	0.0625416	0.614109	0.714963	0	0.366119
210	g	-33	21	207	0.360737	-0.0625416	-0.264313	0.451558	0	0.366119
211	u	-61	2	201	0.76159	0.938917	-0.28136	1.24127	0	1.20896
212	u	-61	2	202	0.3913	-0.283253	-3.37043	3.40487	0	0.483061
213	u	-62	2	205	1.16603	0.741554	-3.94701	4.19491	0.33	1.38615
214	u	-62	2	206	-0.0131367	-0.0858891	0.29522	0.451225	0.33	0.1274
215	g	-61	21	201	-0.167643	0.319874	0.69595	0.784073	0	0.361142
216	g	-61	21	202	-0.859181	1.02569	-0.0592289	1.33931	0	1.338
217	g	-62	21	209	-0.695414	0.59619	0.878387	1.2691	0	0.915993
218	g	-62	21	210	-0.33141	0.749378	-0.241666	0.854285	0	0.81939
219	ud_1	-63	2103	201	-0.593947	-1.25879	3.17476	3.55125	0.77133	1.42592
220	dd_1	-63	1103	202	0.467881	-0.742441	-0.159698	1.17923	0.77133	1.16018
221	p+	-13	2212	1	0	0	5.67293	5.75	0.93827	-nan
222	p+	-13	2212	2	0	0	-5.67293	5.75	0.93827	-0
223	g	-21	21	227	0	0	0.421862	0.421862	0	-nan
224	u	-21	2	228	0	0	-0.544922	0.544922	0	-0
225	g	-23	21	223	0.227225	-0.112381	0.286755	0.382739	0	0.253497
226	u	-23	2	223	-0.227225	0.112381	-0.409814	0.584045	0.33	0.307242
227	g	-61	21	221	0.555096	0.876334	0.130225	1.04549	0	1.03735
228	u	-61	2	222	0.277111	-0.126174	-0.319479	0.441336	0	0.304484
229	g	-62	21	225	0.740821	0.656412	0.143619	1.00016	0	0.989794
230	u	-62	2	226	0.0913858	0.0937484	-0.332874	0.486667	0.33	0.178126
231	uu_1	-63	2203	221	-0.329099	-0.288546	3.36655	3.48141	0.77133	0.448835
232	d	-63	1	221	-0.225997	-0.587788	1.57846	1.73118	0.33	0.641501
233	ud_0	-63	2101	222	-0.277111	0.126174	-4.75576	4.80058	0.57933	0.306726
234	p+	-13	2212	1	0	0	5.67293	5.75	0.93827	-nan
235	p+	-13	2212	2	0	0	-5.67293	5.75	0.93827	-0
236	p_diffr+	-15	9902210	234	-0.0732143	-0.309564	5.57872	5.83399	1.67697	0.33212
237	p+	14	2212	235	0.0732143	0.309564	-5.57872	5.66601	0.93827	0.269143
238	u	-24	2	236	-0.0894657	-0.378277	0.397606	0.622339	0.279495	0.435055
239	ud_1	-63	2103	236	0.0162513	0.0687136	5.18111	5.21166	0.55899	0.0710189
240	p+	-13	2212	1	0	0	5.67293	5.75	0.93827	-nan
241	p+	-13	2212	2	0	0	-5.67293	5.75	0.93827	-0
242	p+	14	2212	240	-0.0744081	0.487454	4.89617	5.00959	0.93827	0.407964
243	p_diffr+	-15	9902210	241	0.0744081	-0.487454	-4.89617	6.49041	4.23199	0.650368
244	g	-24	21	243	0.072981	-0.478104	0.666158	0.82321	0	0.483642
245	u	-63	2	243	0.12539	0.177111	-1.71853	1.7624	0.325	0.220792
246	ud_0	-63	2101	243	-0.123963	-0.186461	-3.8438	3.9048	0.65	0.227076
247	NucRem	14	1000711849	1	0	0	1043.8	1058	172.789	-nan
248	NucRem	14	1000741859	2	-8.38218e-15	-2.77556e-16	-1049.47	1063.75	173.727	-1.51877e-05
249	uu_1	-74	2203	96	-0.355451	0.736247	-2.28084	2.82542	1.4534	0.953367
250	g	-73	21	184	-0.805286	0.47715	-2.35477	2.5622	0.379143	0.946452
251	ubar	-73	-2	143	-0.322266	-1.17887	1.64063	2.09027	0.428932	1.2487
252	g	-73	21	146	-0.0546449	-0.175821	-0.0110931	0.360857	0.310154	0.360204
253	g	-73	21	92	1.32889	0.694135	2.20669	2.67504	0.196348	1.50332
254	d	-71	1	154	-0.10762	-0.0820553	0.414706	0.546988	0.33	0.169695
255	uu_1	-71	2203	156	0.230661	-0.685138	0.115027	1.06339	0.77133	1.05018
256	p+	81	2212	254	0.136336	-0.778472	0.726772	1.42589	0.93827	0.358926
257	u	-72	2	160	-0.366508	0.0531281	-0.165604	0.519808	0.325	0.474526
258	dd_1	-72	1103	161	0.0218018	0.00396297	-5.40219	5.4412	0.65	0.0223189
259	g	-71	21	188	0.482725	-0.470832	0.127065	0.686186	0	0.674319
260	g	-71	21	192	0.0900842	-0.390853	-0.410675	0.574051	0	0.4011
261	g	-71	21	183	0.996106	-0.218547	-0.542741	1.15523	0	1.0198
262	pi0	-81	111	259	1.77245	-1.19638	-0.907593	2.32698	0.13498	2.14204
263	d	-72	1	195	0.277342	0.776401	1.5145	1.75566	0.33	0.839412
264	g	-72	21	250	-0.880218	0.519909	-2.32486	2.56784	0.379143	1.03362
265	g	-72	21	185	-0.385369	0.233873	-0.152841	0.475989	0	0.450783
266	dd_1	-72	1103	196	-1.39419	-0.527401	1.52816	2.21197	0.57933	1.54453
267	n0	82	2112	63	0.0472906	-0.230577	0.0984536	0.973595	0.93957	0.0313897
268	pi0	-82	111	63	-0.569904	0.448713	-0.194151	0.762921	0.13498	0.736977
269	p+	82	2212	238	-0.129433	-0.719582	3.16092	3.37733	0.93827	0.549648
270	pi0	-82	111	238	0.056219	0.410018	2.41779	2.45667	0.13498	0.41448
271	Delta+	-81	2214	199	0.301764	0.139658	4.65565	4.82175	1.20981	0.343502
272	u	-72	2	257	-0.366991	0.0531883	-0.173384	0.522684	0.325	0.473485
273	dd_1	-72	1103	258	0.0167216	0.00459551	-5.48401	5.52242	0.65	0.017463
274	pi+	83	211	272	-0.34102	0.304825	-0.350725	0.593044	0.13957	0.470617
275	Delta-	-84	1114	272	-0.00924947	-0.247041	-5.30666	5.45206	1.22603	0.253712
276	u	-71	2	150	0.494069	-0.571442	0.71383	1.09046	0.33	0.792578
277	dd_1	-71	1103	157	0.515414	0.272724	-1.56064	1.76387	0.57933	0.61737
278	rho+	-83	213	276	0.780033	-0.468436	0.174381	1.23052	0.809875	1.20853
279	Delta-	-84	1114	276	0.22945	0.169718	-1.02119	1.62381	1.22983	0.437066
280	u	-71	2	189	0.316316	0.261982	-0.60442	0.801819	0.33	0.450656
281	uu_1	-71	2203	194	-0.00252715	-0.208737	2.05392	2.20389	0.77133	0.222846
282	Delta+	-83	2214	280	0.246447	-0.246408	-0.247317	1.27568	1.20197	1.04033
283	pi+	84	211	280	0.0673423	0.299654	1.69682	1.73003	0.13957	0.308132
284	u	-71	2	28	-0.199443	-0.143556	3.07096	3.09787	0.325	0.247099
285	g	-71	21	27	-0.157754	-0.0695501	-0.484929	0.514665	0	0.172405
286	ud_0	-71	2101	29	0.190811	0.13554	2.28499	2.38714	0.65	0.243242
287	pi0	-83	111	284	-0.129416	-0.175762	3.1504	3.16084	0.13498	0.218467
288	Delta++	-84	2224	284	-0.185438	-0.361486	0.634912	1.40044	1.18028	0.754823
289	rho-	-84	-213	284	0.148468	0.459682	1.0857	1.4384	0.810487	0.584723
290	rho+	-83	213	114	-0.0796746	0.338274	0.710367	1.11688	0.788686	0.490819
291	Delta-	-83	1114	114	0.54466	-0.44801	1.51427	2.07037	1.22314	0.874089
292	omega	-84	223	114	-0.428059	-0.0436129	2.9385	3.07512	0.797788	0.445529
293	u	-71	2	214	-0.0131367	-0.0858891	0.29522	0.451225	0.33	0.1274
294	g	-71	21	217	-0.695414	0.59619	0.878387	1.2691	0	0.915993
295	g	-71	21	218	-0.33141	0.749378	-0.241666	0.854285	0	0.81939
296	dd_1	-71	1103	220	0.467881	-0.742441	-0.159698	1.17923	0.77133	1.16018
297	pi+	83	211	293	-0.552953	0.934198	0.339359	1.14592	0.13957	1.09372
298	pi0	-83	111	293	-0.34362	0.480712	0.613496	0.862413	0.13498	0.59827
299	Delta-	-84	1114	293	0.324493	-0.897672	-0.180612	1.74551	1.45019	1.71507
300	d	-71	1	18	-0.0571999	0.043322	-0.535796	0.633345	0.33	0.0840671
301	g	-71	21	16	0.221073	0.117999	0.225961	0.337425	0	0.250594
302	g	-71	21	14	-0.523196	0.389863	-2.16973	2.26571	0	0.652477
303	ud_0	-71	2101	19	-0.244643	-1.14743	-0.0309079	1.30883	0.57933	1.30838
304	pi0	-83	111	300	-0.0676394	0.306078	-0.186283	0.388818	0.13498	0.33425
305	pi-	83	-211	300	0.318313	0.183247	-1.21059	1.27276	0.13957	0.36952
306	Sigma+	84	3222	300	-0.483252	-0.540944	-0.158067	1.40205	1.18937	1.3699
307	K*0	-84	313	300	-0.371388	-0.544632	-0.955534	1.48169	0.920764	0.841392
308	u	-71	2	230	0.0913858	0.0937484	-0.332874	0.486667	0.33	0.178126
309	g	-71	21	229	0.740821	0.656412	0.143619	1.00016	0	0.989794
310	uu_1	-71	2203	231	-0.329099	-0.288546	3.36655	3.48141	0.77133	0.448835
311	rho+	-83	213	308	0.0434808	0.270986	0.892021	1.22837	0.798662	0.361226
312	rho0	-84	113	308	0.342722	-0.371388	-0.0154926	0.790365	0.607494	0.789994
313	n0	84	2112	308	0.288977	0.376069	1.18083	1.5818	0.93957	0.239362
314	rho+	-84	213	308	-0.172072	0.185948	1.11994	1.3677	0.743075	0.301771
315	uu_1	-74	2203	249	-0.355451	0.736247	-2.28084	2.82542	1.4534	0.953367
316	g	-71	21	91	-0.13989	-0.790787	-0.207979	0.82956	0	0.803065
317	g	-71	21	103	-0.309435	0.0274894	0.0800419	0.3208	0	0.310654
318	d	-71	1	100	0.408578	-0.441706	-0.471819	0.832798	0.33	0.655344
319	Delta++	-87	2224	315	-0.237658	-0.19343	-0.625033	1.41508	1.23203	0.622918
320	pi-	84	-211	315	-0.327641	0.235734	-0.67907	0.802206	0.13957	0.409883
321	omega	-84	223	315	0.420207	0.103137	-0.996756	1.3379	0.780533	0.532737
322	rho0	-84	113	315	-0.251107	-0.614198	-0.579735	1.25339	0.891406	0.943886
323	pi0	-83	111	23	0.260142	0.516412	0.276067	0.654818	0.13498	0.590925
324	omega	-83	223	23	-0.131892	-0.769894	0.407759	1.11817	0.688407	0.991236
325	n0	84	2112	23	-0.0217881	-0.15581	2.22078	2.41649	0.93957	0.104367
326	rho0	-84	113	23	-0.16434	0.420217	1.74293	2.08874	1.05897	0.523475
327	u	-71	2	245	0.12539	0.177111	-1.71853	1.7624	0.325	0.220792
328	g	-71	21	244	0.072981	-0.478104	0.666158	0.82321	0	0.483642
329	ud_0	-71	2101	246	-0.123963	-0.186461	-3.8438	3.9048	0.65	0.227076
330	rho+	-83	213	327	-0.139957	0.491062	-1.33886	1.69144	0.898707	0.602736
331	pi-	83	-211	327	0.285941	-0.304688	-2.2223	2.26555	0.13957	0.418644
332	eta	-84	221	327	-0.0693754	-0.813011	-0.11718	0.989783	0.54785	0.979732
333	p+	84	2212	327	-0.00220045	0.139183	-1.21783	1.54364	0.93827	0.0687479
334	d	-71	1	20	-0.0131558	-0.75228	-0.0120828	0.821672	0.33	0.821566
335	g	-71	21	15	0.736347	1.81866	1.6535	2.56589	0	1.96207
336	ud_0	-71	2101	17	0.105038	-0.403487	2.69636	2.78923	0.57933	0.42623
337	pi-	83	-211	334	0.300041	-0.21113	0.219608	0.449787	0.13957	0.38593
338	rho+	-83	213	334	0.230549	0.446945	-0.011931	0.927207	0.778882	0.926946
339	pi0	-83	111	334	-0.215046	0.230576	0.0311786	0.344386	0.13498	0.342715
340	pi0	-84	111	334	0.234331	-0.181459	2.62744	2.64755	0.13498	0.296761
341	n0	84	2112	334	0.278355	0.377961	1.47148	1.80787	0.93957	0.263884
342	u	-71	2	110	-0.655808	0.241147	-2.69815	2.80604	0.325	0.703473
343	g	-71	21	109	-0.226609	-0.232537	0.733688	0.802324	0	0.324692
344	dd_1	-71	1103	111	0.628171	-0.269442	-2.75631	2.91324	0.65	0.701195
345	pi0	-83	111	342	-0.161161	0.406852	-1.19601	1.28069	0.13498	0.44006
346	rho0	-83	113	342	-0.407165	-0.281728	-2.01674	2.3393	1.077	0.557758
347	pi+	84	211	342	-0.305603	0.187975	0.0474371	0.387889	0.13957	0.384542
348	Delta-	-84	1114	342	0.327712	-0.633847	-0.705368	1.60284	1.24996	1.1399
349	pi0	-84	111	342	0.291971	0.0599144	-0.850098	0.910891	0.13498	0.301382
350	u	-71	2	95	-1.087	-0.367226	-0.642044	1.35556	0.33	1.18295
351	g	-71	21	99	0.0929336	0.148547	-0.0479065	0.181654	0	0.175223
352	g	-71	21	253	1.32889	0.694135	2.20669	2.67504	0.196348	1.50332
353	dd_1	-71	1103	105	0.278693	0.407481	0.921494	1.19519	0.57933	0.564407
354	pi0	-83	111	350	-1.15992	-0.280488	-0.455275	1.28436	0.13498	1.19999
355	Delta0	-84	2114	350	0.576064	0.336084	1.1437	1.78211	1.19292	0.897729
356	eta	-84	221	350	1.19737	0.827342	1.74981	2.34098	0.54785	1.49697
357	omega	-83	223	232	-0.335082	-0.169237	0.835604	1.27115	0.881283	0.52091
358	pi0	-83	111	232	0.169131	-0.11967	0.220299	0.331176	0.13498	0.226887
359	pi0	-84	111	232	-0.0889044	0.0395627	-1.27656	1.28736	0.13498	0.0978492
360	K*0	-84	313	232	-0.0449297	0.140569	-1.02523	1.37472	0.903869	0.195863
361	Lambda0	84	3122	232	-0.203324	-0.352839	-1.93141	2.26736	1.11568	0.237603
362	d	-71	1	69	0.537764	0.67093	-2.74613	2.89589	0.325	0.865314
363	g	-71	21	68	0.271	-0.188004	1.78042	1.81071	0	0.329828
364	ud_1	-71	2103	70	-0.515272	-0.68726	-2.10621	2.36568	0.65	0.893354
365	pi-	83	-211	362	0.301965	-0.18264	-1.26599	1.32165	0.13957	0.354887
366	rho+	-84	213	362	0.0943499	0.846896	0.458807	1.454	1.08512	1.28023
367	pi0	-84	111	362	0.321408	-0.360263	-1.31941	1.41144	0.13498	0.485019
368	eta	-84	221	362	-0.309163	-0.190418	0.271693	0.711194	0.54785	0.56943
369	pi-	84	-211	362	0.254367	0.179533	0.175912	0.383874	0.13957	0.334216
370	p+	84	2212	362	-0.369435	-0.497443	-1.39293	1.79012	0.93827	0.346223
371	omega	-83	223	263	-0.0880068	0.427452	0.384464	0.935436	0.732644	0.701913
372	pi-	83	-211	263	0.0270873	-0.0483392	0.0801763	0.17023	0.13957	0.0967842
373	omega	-83	223	263	0.127638	0.591571	-0.0636615	0.993672	0.785546	0.988219
374	K+	83	321	263	0.453489	-0.219585	-0.638032	0.951144	0.49368	0.589475
375	K*-	-84	-323	263	-1.26354	0.247231	-0.00589442	1.54259	0.849646	1.54258
376	Delta+	-84	2214	263	-1.45579	0.204369	0.525836	2.00292	1.25462	1.8859
377	pi-	84	-211	263	-0.183315	-0.199917	0.282079	0.415475	0.13957	0.287975
378	u	-71	2	145	0.668577	0.0983183	-0.436837	0.869705	0.33	0.730388
379	g	-71	21	144	-0.344956	1.46105	-1.85837	2.38897	0	1.50122
380	g	-71	21	252	-0.0546449	-0.175821	-0.0110931	0.360857	0.310154	0.360204
381	g	-71	21	147	-0.747822	0.815417	0.680567	1.29897	0	1.10641
382	ubar	-71	-2	251	-0.322266	-1.17887	1.64063	2.09027	0.428932	1.2487
383	pi0	-83	111	378	-0.384956	0.538287	-1.14544	1.32974	0.13498	0.665209
384	pi0	-83	111	378	0.0111594	0.297518	0.00322952	0.326912	0.13498	0.326893
385	omega	-83	223	378	0.51293	0.231514	-0.209784	0.987267	0.783575	0.925081
386	rho0	-83	113	378	0.205366	0.452777	-0.658742	1.15649	0.810153	0.696687
387	rho0	-84	113	378	-0.884093	-0.0855747	0.982925	1.58364	0.867664	1.06177
388	eta	-84	221	378	0.132252	-0.411628	0.272488	0.749211	0.54785	0.633831
389	pi0	-84	111	378	-0.393771	-0.00279425	0.770222	0.875514	0.13498	0.398546
390	u	-71	2	213	1.16603	0.741554	-3.94701	4.19491	0.33	1.38615
391	ud_1	-71	2103	219	-0.593947	-1.25879	3.17476	3.55125	0.77133	1.42592
392	pi+	83	211	390	0.212905	0.109092	-0.227906	0.358679	0.13957	0.259695
393	pi-	83	-211	390	0.709625	0.7443	-2.46002	2.66997	0.13957	1.02978
394	pi0	-83	111	390	0.143059	0.0006023	-1.02425	1.04297	0.13498	0.144273
395	pi0	-84	111	390	0.015078	-0.619958	0.674479	0.92613	0.13498	0.626835
396	Delta+	-84	2214	390	-0.508587	-0.751275	2.26546	2.74841	1.26428	1.02175
397	g	-71	21	58	-0.168244	0.357215	0.0796976	0.402815	0	0.394852
398	g	-71	21	51	-0.157877	0.673661	-1.2265	1.40821	0	0.691913
399	g	-71	21	55	-0.357137	-0.105359	-1.18398	1.24115	0	0.372353
400	u	-71	2	65	0.326621	0.47618	-0.642071	0.924437	0.33	0.618161
401	d	-71	1	54	-0.460161	0.145021	-0.220413	0.624709	0.33	0.568222
402	g	-71	21	50	0.0175443	-1.50951	-0.720472	1.67272	0	1.50961
403	g	-71	21	62	0.737999	-0.590277	0.904361	1.30803	0	0.945024
404	u	-71	2	59	0.290376	0.539267	0.504064	0.859132	0.33	0.663364
405	omega	-86	223	397	-0.102197	-0.00556155	-1.0818	1.34399	0.790906	0.126589
406	pi+	86	211	397	-0.21618	0.77811	-0.511162	0.965896	0.13957	0.816147
407	pi0	-86	111	397	0.109861	0.10033	-0.299325	0.360487	0.13498	0.160453
408	pi-	86	-211	397	-0.158212	-0.0112528	-0.421861	0.471809	0.13957	0.166043
409	rho+	-83	213	397	0.126336	-0.868784	0.255736	1.1845	0.75293	1.13724
410	pi-	83	-211	397	0.94742	0.428167	0.505005	1.16423	0.13957	1.04723
411	rho0	-84	113	397	-0.411489	0.110809	-0.440525	0.967067	0.748034	0.672383
412	rho0	-84	113	397	-0.193561	-0.0897732	0.098096	0.768404	0.731639	0.698152
413	p+	88	2212	397	0.127142	-0.455847	-0.609475	1.21481	0.93827	0.169605
414	p+	91	2212	271	0.289114	0.232873	4.42403	4.53765	0.93827	0.300979
415	pi0	-91	111	271	0.0126498	-0.0932151	0.231618	0.284105	0.13498	0.106906
416	n0	91	2112	275	-0.0894891	-0.130471	-4.97484	5.06526	0.93957	0.131141
417	pi-	91	-211	275	0.0802396	-0.11657	-0.331824	0.3868	0.13957	0.151739
418	pi+	91	211	278	0.0347889	-0.293595	0.299317	0.443259	0.13957	0.311494
419	pi0	-91	111	278	0.745244	-0.17484	-0.124935	0.787265	0.13498	0.776984
420	n0	91	2112	279	0.0387372	0.170096	-1.00517	1.38694	0.93957	0.0764987
421	pi-	91	-211	279	0.190713	-0.0003784	-0.0160179	0.236871	0.13957	0.23604
422	p+	91	2212	282	0.268916	-0.0595938	-0.326521	1.03094	0.93827	0.0597514
423	pi0	-91	111	282	-0.0224698	-0.186814	0.0792039	0.244739	0.13498	0.22557
424	p+	91	2212	288	-0.174519	-0.276883	0.317236	1.04313	0.93827	0.0752918
425	pi+	91	211	288	-0.0109194	-0.084603	0.317676	0.357316	0.13957	0.0926664
426	pi-	91	-211	289	0.0695381	0.182576	-0.0615295	0.247861	0.13957	0.236414
427	pi0	-91	111	289	0.0789296	0.277106	1.14723	1.19054	0.13498	0.289998
428	pi+	91	211	290	0.0124193	0.374234	0.823208	0.915072	0.13957	0.378873
429	pi0	-91	111	290	-0.0920939	-0.0359599	-0.112841	0.201809	0.13498	0.132991
430	n0	91	2112	291	0.35542	-0.515758	1.03284	1.53032	0.93957	0.306329
431	pi-	91	-211	291	0.18924	0.0677476	0.481433	0.540055	0.13957	0.20807
432	n0	91	2112	299	0.294466	-0.317739	-0.399971	1.10925	0.93957	0.124669
433	pi-	91	-211	299	0.0300268	-0.579933	0.21936	0.636257	0.13957	0.595207
434	K+	91	321	307	0.0502276	-0.223359	-0.671546	0.864353	0.49368	0.278905
435	pi-	91	-211	307	-0.421615	-0.321272	-0.283988	0.617337	0.13957	0.544161
436	pi+	91	211	311	0.236371	-0.176964	0.452771	0.558273	0.13957	0.30496
437	pi0	-91	111	311	-0.192891	0.44795	0.43925	0.670094	0.13498	0.497921
438	pi+	91	211	312	0.239757	0.0943972	-0.0129807	0.29333	0.13957	0.292959
439	pi-	91	-211	312	0.102965	-0.465785	-0.00251191	0.497035	0.13957	0.497028
440	pi+	91	211	314	-0.29157	-0.152498	0.768521	0.847568	0.13957	0.333596
441	pi0	-91	111	314	0.119498	0.338446	0.351421	0.520136	0.13498	0.371655
442	p+	91	2212	319	-0.0739961	0.0265578	-0.575342	1.10343	0.93827	0.02236
443	pi+	91	211	319	-0.163662	-0.219987	-0.0496906	0.311655	0.13957	0.30666
444	pi+	91	211	322	0.120107	0.147373	-0.0400418	0.239223	0.13957	0.234087
445	pi-	91	-211	322	-0.371214	-0.761571	-0.539693	1.01417	0.13957	0.855364
446	pi+	91	211	326	-0.132342	0.435294	1.84941	1.90966	0.13957	0.456188
447	pi-	91	-211	326	-0.0319986	-0.0150776	-0.10648	0.179078	0.13957	0.0564565
448	pi+	91	211	330	0.330375	0.0946071	-0.302036	0.478334	0.13957	0.359288
449	pi0	-91	111	330	-0.470332	0.396455	-1.03683	1.2131	0.13498	0.618977
450	pi+	91	211	338	0.092459	0.265083	-0.367838	0.483324	0.13957	0.293238
451	pi0	-91	111	338	0.13809	0.181862	0.355907	0.443883	0.13498	0.239699
452	pi+	91	211	346	-0.260953	-0.451898	-2.00317	2.07472	0.13957	0.523017
453	pi-	91	-211	346	-0.146212	0.170171	-0.0135701	0.264575	0.13957	0.264092
454	n0	91	2112	348	0.0570946	-0.38298	-0.64523	1.20376	0.93957	0.135946
455	pi-	91	-211	348	0.270617	-0.250866	-0.060138	0.399079	0.13957	0.393882
456	n0	91	2112	355	0.661954	0.317084	1.08053	1.60905	0.93957	0.376184
457	pi0	-91	111	355	-0.0858901	0.0189999	0.0631737	0.173057	0.13498	0.140564
458	K0	-91	311	360	-0.163057	0.153934	-1.05931	1.19166	0.49761	0.246785
459	pi0	-91	111	360	0.118128	-0.0133644	0.0340784	0.183067	0.13498	0.17598
460	pi+	91	211	366	0.0923999	0.893635	0.717698	1.15831	0.13957	0.904993
461	pi0	-91	111	366	0.00194995	-0.0467387	-0.258891	0.29569	0.13498	0.0525772
462	Kbar0	-91	-311	375	-0.389903	0.0815045	0.0591435	0.640141	0.49761	0.6332
463	pi-	91	-211	375	-0.873637	0.165727	-0.0650379	0.90245	0.13957	0.900046
464	p+	91	2212	376	-0.787258	0.142194	0.218357	1.25221	0.93827	0.302859
465	pi0	-91	111	376	-0.668531	0.0621752	0.307479	0.750708	0.13498	0.68254
466	pi+	91	211	386	-0.236586	0.247286	-0.506756	0.62722	0.13957	0.351035
467	pi-	91	-211	386	0.441952	0.205491	-0.151986	0.529271	0.13957	0.505274
468	pi+	91	211	387	-0.920059	-0.119565	0.469227	1.04903	0.13957	0.936117
469	pi-	91	-211	387	0.0359661	0.0339903	0.513698	0.534616	0.13957	0.0512642
470	p+	91	2212	396	-0.115925	-0.554358	1.56053	1.90692	0.93827	0.330455
471	pi0	-91	111	396	-0.392662	-0.196917	0.704933	0.841493	0.13498	0.445035
472	pi+	91	211	409	-0.283119	-0.264299	0.0548589	0.415331	0.13957	0.411227
473	pi0	-91	111	409	0.409456	-0.604484	0.200878	0.769173	0.13498	0.741615
474	pi+	91	211	411	-0.436663	-0.128006	-0.492044	0.684578	0.13957	0.464801
475	pi-	91	-211	411	0.0251738	0.238815	0.051519	0.282489	0.13957	0.276204
476	pi+	91	211	412	-0.140467	0.13439	0.333639	0.410593	0.13957	0.20671
477	pi-	91	-211	412	-0.0530944	-0.224164	-0.235543	0.357811	0.13957	0.250184
478	K_S0	91	310	458	-0.163057	0.153934	-1.05931	1.19166	0.49761	0.246785
479	K_L0	91	130	462	-0.389903	0.0815045	0.0591435	0.640141	0.49761	0.6332
480	gamma	91	22	262	0.619402	-0.45186	-0.389088	0.859782	0	0.766705
481	gamma	91	22	262	1.15305	-0.744519	-0.518506	1.4672	0	1.37252
482	gamma	91	22	268	-0.21801	0.255861	-0.0762517	0.344684	0	0.336144
483	gamma	91	22	268	-0.351894	0.192853	-0.117899	0.418237	0	0.401275
484	gamma	91	22	270	0.0632021	0.396593	2.39974	2.43311	0	0.401597
485	gamma	91	22	270	-0.00698312	0.0134252	0.0180537	0.023557	0	0.0151327
486	gamma	91	22	287	-0.115739	-0.111538	1.39877	1.40798	0	0.160736
487	gamma	91	22	287	-0.0136768	-0.0642241	1.75163	1.75286	0	0.0656642
488	pi+	91	211	292	-0.330837	0.100424	1.19149	1.24847	0.13957	0.347924
489	pi-	91	-211	292	-0.231738	-0.0268427	1.28361	1.31208	0.13957	0.234619
490	pi0	-91	111	292	0.134517	-0.117195	0.463396	0.514572	0.13498	0.184882
491	gamma	91	22	298	-0.0293576	0.128861	0.105156	0.168893	0	0.132163
492	gamma	91	22	298	-0.314263	0.35185	0.50834	0.69352	0	0.471762
493	gamma	91	22	304	0.0128487	0.146295	-0.142496	0.204628	0	0.146858
494	gamma	91	22	304	-0.0804882	0.159783	-0.0437868	0.184191	0	0.17891
495	pi+	91	211	321	0.25865	-0.00139882	-0.146188	0.328257	0.13957	0.285772
496	pi-	91	-211	321	0.0153958	-0.141618	-0.494703	0.533389	0.13957	0.147595
497	pi0	-91	111	321	0.146161	0.246154	-0.355865	0.47625	0.13498	0.298518
498	gamma	91	22	323	0.218991	0.494073	0.278426	0.607936	0	0.540431
499	gamma	91	22	323	0.0411506	0.0223386	-0.00235926	0.0468823	0	0.0468229
500	pi+	91	211	324	0.0649898	-0.154632	0.174794	0.279584	0.13957	0.19358
501	pi-	91	-211	324	-0.275947	-0.257099	0.191923	0.445602	0.13957	0.397139
502	pi0	-91	111	324	0.0790653	-0.358164	0.0410422	0.392984	0.13498	0.390547
503	pi0	-91	111	332	-0.115465	-0.167722	-0.0191496	0.24505	0.13498	0.243973
504	pi0	-91	111	332	0.0691058	-0.537851	-0.112698	0.57007	0.13498	0.558144
505	pi0	-91	111	332	-0.0230163	-0.107437	0.0146676	0.174663	0.13498	0.173127
506	gamma	91	22	339	-0.186366	0.179197	-0.0290698	0.260171	0	0.258542
507	gamma	91	22	339	-0.0286804	0.0513791	0.0602484	0.0842155	0	0.058842
508	gamma	91	22	340	0.0592899	-0.0565869	0.328397	0.33847	0	0.0819595
509	gamma	91	22	340	0.175041	-0.124872	2.29904	2.30907	0	0.215017
510	gamma	91	22	345	-0.0921103	0.216579	-0.826649	0.8595	0	0.235353
511	gamma	91	22	345	-0.0690508	0.190273	-0.369358	0.421185	0	0.202415
512	gamma	91	22	349	0.00345363	-0.00571571	0.00344689	0.00751518	0	0.00667809
513	gamma	91	22	349	0.288517	0.0656301	-0.853545	0.903376	0	0.295888
514	gamma	91	22	354	-0.264056	-0.120803	-0.0928748	0.304868	0	0.290377
515	gamma	91	22	354	-0.895862	-0.159684	-0.3624	0.979491	0	0.909983
516	pi+	91	211	356	0.394185	0.122085	0.470129	0.640927	0.13957	0.422804
517	pi-	91	-211	356	0.353404	0.333411	0.450316	0.676995	0.13957	0.496524
518	pi0	-91	111	356	0.449783	0.371846	0.829367	1.02306	0.13498	0.588734
519	pi+	91	211	357	-0.309648	-0.0299143	0.0933792	0.35352	0.13957	0.338595
520	pi-	91	-211	357	-0.0230049	-0.242637	0.188141	0.338051	0.13957	0.267597
521	pi0	-91	111	357	-0.00242858	0.103314	0.554084	0.579576	0.13498	0.106265
522	gamma	91	22	358	0.122136	-0.140982	0.130637	0.227726	0	0.186529
523	gamma	91	22	358	0.0469957	0.0213113	0.0896616	0.10345	0	0.051602
524	gamma	91	22	359	-0.00158661	0.0710029	-0.6678	0.671565	0	0.0710207
525	gamma	91	22	359	-0.0873178	-0.0314402	-0.608759	0.615792	0	0.0928056
526	gamma	91	22	367	0.315525	-0.286863	-1.15808	1.2341	0	0.426435
527	gamma	91	22	367	0.00588282	-0.0733997	-0.161334	0.177344	0	0.073635
528	gamma	91	22	368	-0.376729	-0.228816	0.377211	0.580146	0	0.440774
529	gamma	91	22	368	0.0675665	0.0383974	-0.105518	0.131048	0	0.0777148
530	pi+	91	211	371	0.0345542	0.32972	0.194566	0.408956	0.13957	0.352702
531	pi-	91	-211	371	-0.0165453	-0.115769	-0.017444	0.182922	0.13957	0.18092
532	pi0	-91	111	371	-0.106016	0.213501	0.207342	0.343558	0.13498	0.259219
533	pi+	91	211	373	0.146658	0.476702	-0.0164949	0.518175	0.13957	0.517892
534	pi-	91	-211	373	-0.139914	0.157756	0.0610384	0.260131	0.13957	0.249873
535	pi0	-91	111	373	0.120893	-0.0428865	-0.108205	0.215366	0.13498	0.164619
536	gamma	91	22	383	-0.14368	0.294438	-0.638308	0.717478	0	0.327624
537	gamma	91	22	383	-0.241275	0.243849	-0.507133	0.612258	0	0.343039
538	gamma	91	22	384	-0.045163	0.105004	-0.0411345	0.121481	0	0.114304
539	gamma	91	22	384	0.0563224	0.192514	0.044364	0.205431	0	0.200584
540	pi+	91	211	385	0.0642878	0.00374923	0.0954475	0.180934	0.13957	0.101195
541	pi-	91	-211	385	0.306972	0.372192	-0.18707	0.535942	0.13957	0.499692
542	pi0	-91	111	385	0.141671	-0.144427	-0.118161	0.270391	0.13498	0.233485
543	gamma	91	22	388	0.343385	-0.22867	0.114028	0.428025	0	0.412557
544	gamma	91	22	388	-0.211133	-0.182959	0.15846	0.321186	0	0.279376
545	gamma	91	22	389	-0.00131412	-0.0172825	0.0104346	0.020231	0	0.0173324
546	gamma	91	22	389	-0.392457	0.0144883	0.759787	0.855283	0	0.392724
547	gamma	91	22	394	0.0588989	-0.0643935	-0.554802	0.561623	0	0.0872674
548	gamma	91	22	394	0.0841598	0.0649958	-0.469452	0.481344	0	0.106336
549	gamma	91	22	395	0.00311395	0.00601544	0.0167057	0.0180267	0	0.00677364
550	gamma	91	22	395	0.0119641	-0.625974	0.657774	0.908104	0	0.626088
551	pi+	91	211	405	0.10135	-0.194091	-0.295937	0.393703	0.13957	0.234168
552	pi-	91	-211	405	-0.25011	0.121082	-0.709963	0.775076	0.13957	0.282496
553	pi0	-91	111	405	0.0465626	0.0674474	-0.0758997	0.175207	0.13498	0.128551
554	gamma	91	22	407	0.0838057	0.00963794	-0.0608292	0.104002	0	0.0843581
555	gamma	91	22	407	0.0260554	0.0906924	-0.238496	0.256485	0	0.094361
556	gamma	91	22	415	-0.0401944	-0.0149494	0.011221	0.0443282	0	0.0428844
557	gamma	91	22	415	0.0528442	-0.0782657	0.220397	0.239777	0	0.0944354
558	gamma	91	22	419	0.453144	-0.0882201	-0.0103816	0.461769	0	0.461652
559	gamma	91	22	419	0.292099	-0.08662	-0.114554	0.325496	0	0.304672
560	gamma	91	22	423	-0.0140588	-0.0501324	-0.0380262	0.064474	0	0.0520663
561	gamma	91	22	423	-0.00841099	-0.136682	0.11723	0.180265	0	0.136941
562	gamma	91	22	427	-0.0342752	0.0954693	0.299776	0.316472	0	0.101436
563	gamma	91	22	427	0.113205	0.181637	0.847456	0.874065	0	0.214026
564	gamma	91	22	429	-0.040923	-0.0815447	-0.0934171	0.130579	0	0.0912372
565	gamma	91	22	429	-0.0511709	0.0455848	-0.0194236	0.07123	0	0.0685305
566	gamma	91	22	437	-0.152003	0.434852	0.381402	0.598054	0	0.460653
567	gamma	91	22	437	-0.0408876	0.0130976	0.057848	0.0720397	0	0.0429341
568	gamma	91	22	441	0.0636467	0.311135	0.318546	0.449808	0	0.317578
569	gamma	91	22	441	0.0558513	0.0273106	0.0328751	0.0703278	0	0.062171
570	gamma	91	22	449	-0.421338	0.3947	-0.916643	1.0833	0	0.577333
571	gamma	91	22	449	-0.048994	0.00175493	-0.120183	0.129798	0	0.0490254
572	gamma	91	22	451	0.122304	0.0761297	0.13038	0.194301	0	0.144063
573	gamma	91	22	451	0.0157858	0.105732	0.225527	0.249581	0	0.106904
574	gamma	91	22	457	0.0114238	0.0329963	0.0659056	0.0745842	0	0.0349179
575	e-	91	11	457	-0.0817864	-0.0101266	-0.00173267	0.0824307	0.000511	0.0824125
576	e+	91	-11	457	-0.0155275	-0.00386981	-0.000999222	0.0160417	0.000511	0.0160106
577	gamma	91	22	459	0.136973	-0.0214716	-0.00521114	0.138744	0	0.138646
578	gamma	91	22	459	-0.0188458	0.00810729	0.0392896	0.0443234	0	0.0205157
579	gamma	91	22	461	0.0212196	-0.0731702	-0.0683192	0.102331	0	0.076185
580	gamma	91	22	461	-0.0192697	0.0264315	-0.190572	0.193359	0	0.03271
581	gamma	91	22	465	-0.0985291	-0.0384999	0.0403795	0.113229	0	0.105784
582	gamma	91	22	465	-0.570002	0.100675	0.267099	0.637479	0	0.578824
583	gamma	91	22	471	-0.256831	-0.191357	0.539055	0.627025	0	0.320281
584	gamma	91	22	471	-0.135831	-0.00555963	0.165878	0.214468	0	0.135945
585	gamma	91	22	473	0.251939	-0.462835	0.108243	0.537965	0	0.526963
586	gamma	91	22	473	0.157516	-0.141649	0.0926343	0.231208	0	0.21184
587	gamma	91	22	490	0.15028	-0.110902	0.322665	0.372821	0	0.186771
588	gamma	91	22	490	-0.0157628	-0.00629229	0.140731	0.141751	0	0.0169723
589	gamma	91	22	497	0.123626	0.0791056	-0.186163	0.237061	0	0.146769
590	gamma	91	22	497	0.0225354	0.167048	-0.169702	0.23919	0	0.168561
591	gamma	91	22	502	-0.0371125	-0.0788852	-0.00346494	0.087248	0	0.0871792
592	gamma	91	22	502	0.116178	-0.279279	0.0445071	0.305736	0	0.30248
593	gamma	91	22	503	-0.00667137	-0.00345796	-0.0456375	0.046252	0	0.00751429
594	gamma	91	22	503	-0.108794	-0.164264	0.0264879	0.198798	0	0.197025
595	gamma	91	22	504	0.077848	-0.144382	-0.016083	0.164819	0	0.164032
596	gamma	91	22	504	-0.00874217	-0.393469	-0.0966152	0.405252	0	0.393566
597	gamma	91	22	505	0.0393498	-0.0181565	-0.0342871	0.05526	0	0.0433366
598	gamma	91	22	505	-0.062366	-0.0892807	0.0489547	0.119403	0	0.108906
599	gamma	91	22	518	0.105718	0.0766263	0.292871	0.320657	0	0.130567
600	gamma	91	22	518	0.344065	0.295219	0.536496	0.702398	0	0.45336
601	gamma	91	22	521	-0.00906552	0.0286243	0.45156	0.452557	0	0.0300256
602	gamma	91	22	521	0.00663694	0.0746897	0.102523	0.127018	0	0.074984
603	gamma	91	22	532	-0.073328	0.227016	0.180912	0.299404	0	0.238565
604	gamma	91	22	532	-0.0326878	-0.0135146	0.0264294	0.0441548	0	0.0353714
605	gamma	91	22	535	0.139665	-0.0671863	-0.0960919	0.182357	0	0.154985
606	gamma	91	22	535	-0.0187719	0.0242997	-0.0121131	0.0330089	0	0.030706
607	gamma	91	22	542	0.0667411	-0.0405004	0.0213898	0.0809455	0	0.0780682
608	gamma	91	22	542	0.0749295	-0.103927	-0.139551	0.189446	0	0.128122
609	gamma	91	22	553	-0.0028647	0.0814682	-0.0904945	0.121797	0	0.0815185
610	gamma	91	22	553	0.0494273	-0.0140208	0.0145948	0.0534102	0	0.0513774
