Particle List (1st event only)
******************************************************
JobID: 20200428	No. Events: 10000	SNN: 130

Simulation Parameters:
Version: Pythia8 Angantyr
Type of Cut: pseudorapidity (n)
Cut: 0.1
Calorimeter (r=regular, c=calorimeter): r
Counting method: d

I	particle/jet	status	KF	orig	p_x	p_y	p_z	E	m
=========================================================
1	system	-11	90	0	0	0	0	25610	25610
2	197Au	-12	1000791970	0	0	0	12803.7	12805	183.473
3	197Au	-12	1000791970	0	0	0	-12803.7	12805	183.473
4	p+	-13	2212	1	0	0	64.9932	65	0.93827
5	n0	-13	2112	2	0	0	-64.9932	65	0.93957
6	g	-21	21	16	0	0	34.3195	34.3195	0
7	g	-21	21	17	0	0	-0.130944	0.130944	0
8	g	-23	21	5	-1.21372	-0.0673775	31.2062	31.2299	0
9	g	-23	21	5	1.21372	0.0673775	2.98235	3.22057	0
10	g	-31	21	21	0	0	0.618027	0.618027	0
11	g	-31	21	22	0	0	-2.10523	2.10523	0
12	g	-33	21	9	0.183954	-1.08187	-0.372206	1.1588	0
13	g	-33	21	9	-0.183954	1.08187	-1.11499	1.56445	0
14	g	-51	21	8	0.737204	-0.416424	1.73431	1.92995	0
15	g	-51	21	8	0.367778	0.477765	4.04386	4.08856	0
16	g	-52	21	7	-1.10498	-0.0613411	28.4104	28.4319	0
17	g	-61	21	3	0.0128156	0.290833	34.0391	34.0404	0
18	g	-61	21	4	0.0187658	1.00052	1.70098	1.9735	0
19	g	-62	21	15	-1.09294	0.259169	28.0248	28.0473	0
20	g	-62	21	13	0.751362	0.333732	1.58693	1.78726	0
21	g	-62	21	14	0.373157	0.698455	6.12841	6.17936	0
22	g	-61	21	3	0.367999	-0.571735	0.425075	0.801868	0
23	g	-61	21	4	-0.607414	-0.789445	-2.16391	2.38216	0
24	g	-62	21	11	0.132164	-1.91205	-0.909877	2.12162	0
25	g	-62	21	12	-0.37158	0.550871	-0.828954	1.0624	0
26	ud_0	-63	2101	3	0.252878	0.0817403	24.8487	24.8568	0.57933
27	u	-63	2	3	-0.633693	0.199162	3.49586	3.57368	0.33
28	ud_0	-63	2101	4	0.0388883	-0.367743	-12.3021	12.3213	0.57933
29	d	-63	1	4	0.49783	0.485644	-50.0012	50.0071	0.33
30	n0	-13	2112	1	0	0	64.9932	65	0.93827
31	p_diffr+	-15	9902210	29	0.0519297	-0.328979	64.9507	65.0432	3.45117
32	g	-24	21	30	0.0490745	-0.310891	0.570533	0.65159	0
33	u	-63	2	30	0.00774682	-0.281872	14.1994	14.206	0.325
34	dd_1	-63	1103	30	-0.00489161	0.263784	50.1807	50.1856	0.65
35	n0	-13	2112	1	0	0	64.9932	65	0.93957
36	p+	-13	2212	2	0	0	-64.9932	65	0.93827
37	u	-21	2	40	0	0	7.11804	7.11804	0
38	g	-21	21	41	0	0	-4.26175	4.26175	0
39	u	-23	2	36	0.710407	-1.30865	6.90213	7.06863	0.33
40	g	-23	21	36	-0.710407	1.30865	-4.04584	4.31116	0
41	u	-42	2	48	-3.88578e-15	2.38698e-15	7.11804	7.11804	0
42	g	-41	21	49	4.10783e-15	-2.55351e-15	-5.26208	5.26208	0
43	u	-44	2	38	0.728107	-1.31992	6.57966	6.75819	0.33
44	g	-44	21	39	0.17795	0.743113	-4.44783	4.51299	0
45	g	-43	21	41	-0.906057	0.576804	-0.275874	1.10894	0
46	s	-51	3	44	-0.114743	0.492182	-0.262167	0.757721	0.5
47	sbar	-51	-3	44	-0.702225	-0.0754837	0.781	1.16567	0.5
48	u	-52	2	42	0.639018	-1.15981	5.78496	5.94375	0.33
49	u	-42	2	57	-3.88578e-16	2.22045e-16	7.11804	7.11804	0
50	g	-41	21	63	4.44089e-16	-2.77556e-16	-6.59963	6.59963	0
51	u	-44	2	47	0.629995	-1.15524	5.62429	5.78559	0.33
52	g	-44	21	43	-0.331208	1.00112	-4.49003	4.61219	0
53	s	-44	3	45	-0.172694	0.521548	-0.251657	0.784325	0.5
54	sbar	-44	-3	46	-0.724082	-0.064408	0.800754	1.19149	0.5
55	g	-43	21	49	0.597989	-0.303023	-1.16494	1.34406	0
56	g	-51	21	51	0.109791	0.586989	-4.0238	4.06787	0
57	g	-51	21	51	-0.441	0.414134	-0.324193	0.686359	0
58	u	-53	2	62	-7.77156e-16	4.44089e-16	7.26008	7.26008	0
59	g	-31	21	70	0	0	9.25566	9.25566	0
60	g	-31	21	71	0	0	-0.229348	0.229348	0
61	g	-33	21	58	0.129858	0.181284	-0.173471	0.282523	0
62	g	-33	21	58	-0.129858	-0.181284	9.19978	9.20248	0
63	u	-61	2	34	-0.580033	-0.312878	7.23857	7.26851	0
64	g	-61	21	35	0.425716	0.135977	-6.57802	6.59319	0
65	u	-62	2	50	0.179056	-1.39963	5.61635	5.80029	0.33
66	g	-62	21	55	0.368082	0.669015	-3.98401	4.05652	0
67	s	-62	3	52	-0.160687	0.520703	-0.24661	0.779595	0.5
68	sbar	-62	-3	53	-0.789123	-0.102475	0.744116	1.19872	0.5
69	g	-62	21	54	0.670547	-0.281567	-1.12758	1.34177	0
70	g	-62	21	56	-0.422192	0.417048	-0.341726	0.684801	0
71	g	-61	21	34	0.278264	0.244607	9.29349	9.30087	0
72	g	-61	21	35	-0.0436611	-0.0625604	-0.22043	0.233259	0
73	g	-62	21	60	0.0870137	0.119522	-0.20607	0.253617	0
74	g	-62	21	61	0.147589	0.0625249	9.27913	9.28051	0
75	dd_1	-63	1103	34	0.121257	0.100249	48.3928	48.3992	0.77133
76	ud_0	-63	2101	35	0.117183	-0.257598	-39.9379	39.9431	0.57933
77	u	-63	2	35	-0.499238	0.184182	-18.2194	18.2302	0.33
78	n0	-13	2112	2	0	0	-64.9932	65	0.93827
79	p_diffr+	-15	9902210	77	-0.0603178	-0.0673174	-64.9823	65.0103	1.90542
80	g	-24	21	78	-0.0533256	-0.0595137	-0.160638	0.179416	0
81	d	-63	1	78	0.235496	0.0859677	-26.0258	26.029	0.317571
82	ud_1	-63	2103	78	-0.242488	-0.0937714	-38.7959	38.8019	0.635141
83	n0	-13	2112	2	0	0	-64.9932	65	0.93827
84	p_diffr+	-15	9902210	82	0.24083	0.0353398	-64.9732	65.0213	2.48785
85	u	-24	2	83	0.259581	0.0380914	-1.92843	1.97315	0.325
86	dd_1	-63	1103	83	-0.0187512	-0.00275159	-63.0448	63.0481	0.65
87	n0	-13	2112	1	0	0	64.9932	65	0.93957
88	n0	-13	2112	2	0	0	-64.9932	65	0.93957
89	g	-21	21	147	0	0	0.314834	0.314834	0
90	d	-21	1	107	0	0	-24.3433	24.3433	0
91	g	-23	21	88	1.54111	0.144541	-1.80256	2.37595	0
92	d	-23	1	88	-1.54111	-0.144541	-22.2259	22.2822	0.33
93	g	-31	21	152	0	0	9.4931	9.4931	0
94	g	-31	21	153	0	0	-5.47789	5.47789	0
95	g	-33	21	92	-0.304369	1.44619	-5.31901	5.5205	0
96	g	-33	21	92	0.304369	-1.44619	9.33422	9.45049	0
97	g	-51	21	94	0.327602	-0.48434	-3.09294	3.14773	0
98	g	-51	21	94	-0.620597	1.87649	-1.87728	2.7259	0
99	g	-52	21	95	0.292995	-1.39215	8.98544	9.09736	0
100	g	-51	21	98	0.27797	-0.200856	6.98126	6.98968	0
101	g	-51	21	98	-0.0112138	-1.11196	1.92481	2.22294	0
102	g	-52	21	97	-0.594358	1.79715	-1.79791	2.61065	0
103	g	-51	21	96	0.158249	0.253786	0.091967	0.312903	0
104	g	-51	21	96	-0.0875067	0.0385354	-3.9619	3.96305	0
105	g	-52	21	101	-0.337499	1.02049	-1.02092	1.48242	0
106	g	-51	21	90	1.18755	0.130423	-0.991999	1.55285	0
107	g	-51	21	90	0.353563	0.0141179	-4.98618	4.99872	0
108	d	-53	1	148	3.26911e-15	0	-28.5189	28.5189	0
109	u	-31	2	162	0	0	3.5829	3.5829	0
110	g	-31	21	163	0	0	-0.17744	0.17744	0
111	u	-33	2	108	-0.447398	-0.532634	2.51611	2.63126	0.33
112	g	-33	21	108	0.447398	0.532634	0.889356	1.12908	0
113	g	-51	21	104	-0.907814	0.435002	-0.559264	1.15158	0
114	g	-51	21	104	0.568418	0.397426	-0.136119	0.706807	0
115	g	-52	21	100	-0.00931725	-0.923894	1.59927	1.84698	0
116	ubar	-31	-2	166	0	0	5.39432	5.39432	0
117	d	-31	1	167	0	0	-2.63488	2.63488	0
118	ubar	-33	-2	115	-0.521031	0.407199	5.31643	5.36755	0.33
119	d	-33	1	115	0.521031	-0.407199	-2.55699	2.66165	0.33
120	dbar	-31	-1	172	0	0	0.213865	0.213865	0
121	g	-31	21	173	0	0	-2.8355	2.8355	0
122	dbar	-33	-1	119	0.559898	-0.199619	-0.494381	0.840623	0.33
123	g	-33	21	119	-0.559898	0.199619	-2.12725	2.20874	0
124	ubar	-51	-2	117	-0.662656	0.459948	1.9283	2.11611	0.33
125	g	-51	21	117	0.155753	-0.0637904	3.3185	3.32277	0
126	d	-52	1	118	0.506903	-0.396158	-2.48737	2.59033	0.33
127	g	-51	21	103	0.550271	-0.0225687	-2.00953	2.08363	0
128	g	-51	21	103	-0.573776	0.163745	-1.91518	2.00598	0
129	g	-52	21	102	0.0942469	0.151145	0.0547719	0.186353	0
130	g	-51	21	114	0.237584	-0.909142	3.98316	4.0925	0
131	g	-51	21	114	-0.150597	-0.0843395	0.0347902	0.176077	0
132	g	-52	21	99	0.181667	-0.131269	4.56258	4.56808	0
133	g	-51	21	124	0.109363	0.249284	3.16087	3.17257	0
134	g	-51	21	124	0.0875774	-0.345295	-0.0467245	0.35928	0
135	d	-52	1	125	0.465716	-0.363937	-2.28301	2.38125	0.33
136	g	-31	21	176	0	0	0.812542	0.812542	0
137	dbar	-31	-1	177	0	0	-0.346759	0.346759	0
138	g	-33	21	135	-0.305688	-0.303052	0.44114	0.616352	0
139	dbar	-33	-1	135	0.305688	0.303052	0.0246427	0.542949	0.33
140	d	-31	1	180	0	0	2.06199	2.06199	0
141	g	-31	21	181	0	0	-0.0773596	0.0773596	0
142	d	-33	1	139	-0.286412	0.0533389	1.58374	1.64378	0.33
143	g	-33	21	139	0.286412	-0.0533389	0.400889	0.495569	0
144	g	-31	21	184	0	0	7.00996	7.00996	0
145	g	-31	21	185	0	0	-0.462536	0.462536	0
146	g	-33	21	143	0.077121	-0.192516	6.9851	6.98818	0
147	g	-33	21	143	-0.077121	0.192516	-0.437672	0.484321	0
148	g	-61	21	86	-0.102623	0.886137	-0.449691	0.998995	0
149	d	-61	1	87	0.878829	-2.25272	-28.7081	28.8098	0
150	g	-62	21	105	1.1339	0.825386	-1.63351	2.15298	0
151	d	-62	1	91	-0.861555	-1.83414	-22.5423	22.6356	0.33
152	g	-62	21	106	0.503863	-0.357824	-4.98203	5.02022	0
153	g	-61	21	86	-2.95822	-0.780879	8.94534	9.4541	0
154	g	-61	21	87	1.18813	2.926	-4.85616	5.7927	0
155	g	-62	21	128	0.0596386	0.168878	0.126669	0.219366	0
156	g	-62	21	131	-1.23999	-0.509996	4.30755	4.51139	0
157	g	-62	21	112	-0.804885	0.895979	-0.587352	1.34	0
158	g	-62	21	129	-0.969605	-1.20112	3.54092	3.86276	0
159	g	-62	21	126	0.964098	1.04475	-1.63997	2.17037	0
160	g	-62	21	113	0.529697	0.565789	0.168215	0.79309	0
161	g	-62	21	127	-0.150728	1.22778	-1.79767	2.18215	0
162	g	-62	21	130	-0.15831	-0.0469434	-0.0291721	0.16768	0
163	u	-61	2	86	-0.0365798	-0.874728	4.23837	4.32784	0
164	g	-61	21	87	-0.233202	-0.291135	0.0193069	0.373518	0
165	u	-62	2	110	-0.568589	-1.40814	3.78713	4.09358	0.33
166	g	-62	21	111	0.298807	0.242281	0.470545	0.607782	0
167	ubar	-61	-2	86	2.12758	0.50139	5.19704	5.63802	0
168	d	-61	1	87	-0.814939	0.929592	-2.34757	2.65318	0
169	ubar	-62	-2	123	0.164611	0.675222	2.15913	2.29211	0.33
170	d	-62	1	134	-0.278949	0.466842	-2.24293	2.3314	0.33
171	g	-62	21	132	1.35854	0.551872	3.04047	3.37559	0
172	g	-62	21	133	0.068435	-0.262953	-0.107188	0.292091	0
173	dbar	-61	-1	86	0.372039	0.0915917	0.00571936	0.38319	0
174	g	-61	21	87	1.19373	-0.69639	-3.86006	4.1	0
175	dbar	-62	-1	121	1.30667	-0.352628	-1.30662	1.90994	0.33
176	g	-62	21	122	0.2591	-0.252171	-2.54772	2.57325	0
177	g	-61	21	86	-0.176144	0.147196	0.582014	0.625647	0
178	dbar	-61	-1	87	-0.900651	-0.640638	0.115858	1.11131	0
179	g	-62	21	137	-0.723105	-0.305392	0.887117	1.18453	0
180	dbar	-62	-1	138	-0.35369	-0.18805	-0.189244	0.552424	0.33
181	d	-61	1	86	0.10039	-0.369655	2.16629	2.1999	0
182	g	-61	21	87	-0.168755	-0.00693629	0.0344076	0.172367	0
183	d	-62	1	141	-0.255809	-0.287862	2.06036	2.12185	0.33
184	g	-62	21	142	0.187443	-0.088729	0.140343	0.250408	0
185	g	-61	21	86	0.343515	-0.104427	6.24908	6.25939	0
186	g	-61	21	87	-0.828009	1.25212	0.679012	1.64756	0
187	g	-62	21	145	0.402374	-0.286432	5.92376	5.94432	0
188	g	-62	21	146	-0.886868	1.43412	1.00433	1.96263	0
189	ud_0	-63	2101	86	-0.209847	0.0205889	20.6253	20.6345	0.57933
190	d	-63	1	86	0.539887	0.482785	2.75236	2.86512	0.33
191	ud_0	-63	2101	87	-0.0305388	-0.334759	-21.0539	21.0645	0.57933
192	dbar	-63	-1	87	-0.128994	-0.274057	-0.51529	0.682767	0.33
193	d	-63	1	87	-0.1556	-0.61108	10.1807	10.2055	0.33
194	NucRem	14	1000781929	2	0	0	-12478.7	12480	180.296
195	NucRem	14	1000781939	1	-7.21645e-16	3.4972e-14	12543.7	12545	181.234
196	g	-73	21	151	0.762963	-0.609995	-7.52976	7.59347	0.0964043
197	d	-73	1	182	-1.4958	-0.797858	6.3679	6.63324	0.758783
198	dbar	-73	-1	191	-0.0693553	-0.105179	-0.388621	0.902133	0.804329
199	g	-73	21	165	1.65735	0.794153	3.51101	3.98338	0.40323
200	dd_1	-73	1103	74	0.268846	0.162774	57.672	57.6797	0.894112
201	g	-73	21	69	-0.335178	0.53657	-0.547796	0.938418	0.424613
202	d	-71	1	80	0.235496	0.0859677	-26.0258	26.029	0.317571
203	g	-71	21	79	-0.0533256	-0.0595137	-0.160638	0.179416	0
204	ud_1	-71	2103	81	-0.242488	-0.0937714	-38.7959	38.8019	0.635141
205	n0	82	2112	201	-0.149991	-0.0468568	-21.8014	21.8222	0.93957
206	omega	-82	223	201	0.0896728	-0.0204606	-43.1809	43.1881	0.782634
207	rho0	-83	113	84	0.273709	0.0481284	-9.17502	9.21516	0.813069
208	n0	84	2112	84	-0.0328794	-0.0127887	-55.7982	55.8061	0.93957
209	u	-71	2	64	0.179056	-1.39963	5.61635	5.80029	0.33
210	sbar	-71	-3	67	-0.789123	-0.102475	0.744116	1.19872	0.5
211	pi0	-83	111	208	0.300513	-1.10387	5.42991	5.55076	0.13498
212	K+	84	321	208	-0.91058	-0.398232	0.93056	1.44824	0.49368
213	u	-71	2	32	0.00774682	-0.281872	14.1994	14.206	0.325
214	g	-71	21	31	0.0490745	-0.310891	0.570533	0.65159	0
215	dd_1	-71	1103	33	-0.00489161	0.263784	50.1807	50.1856	0.65
216	pi+	83	211	212	0.335663	-0.761442	23.0756	23.0911	0.13957
217	K0	-84	311	212	-0.0328223	0.343783	3.86565	3.91281	0.49761
218	Sigma*-	-84	3114	212	-0.250911	0.0886801	38.0094	38.0393	1.48402
219	d	-71	1	192	-0.1556	-0.61108	10.1807	10.2055	0.33
220	dbar	-71	-1	179	-0.35369	-0.18805	-0.189244	0.552424	0.33
221	omega	-83	223	218	0.0671128	-0.431414	5.8511	5.92046	0.791087
222	pi-	83	-211	218	-0.233189	-0.392445	4.37322	4.39919	0.13957
223	pi+	84	211	218	-0.343214	0.0247288	-0.232871	0.438311	0.13957
224	d	-71	1	169	-0.278949	0.466842	-2.24293	2.3314	0.33
225	ubar	-71	-2	168	0.164611	0.675222	2.15913	2.29211	0.33
226	K0	-83	311	223	0.0808389	0.147012	-1.51525	1.60367	0.49761
227	K-	83	-321	223	-0.42897	0.894999	0.568472	1.24576	0.49368
228	pi0	-84	111	223	0.2883	0.133961	1.00022	1.05817	0.13498
229	pi0	-84	111	223	0.0173389	-0.0582839	-0.0100089	0.148383	0.13498
230	eta	-84	221	223	-0.0718453	0.0243754	-0.127232	0.567524	0.54785
231	s	-71	3	66	-0.160687	0.520703	-0.24661	0.779595	0.5
232	g	-71	21	68	0.670547	-0.281567	-1.12758	1.34177	0
233	ud_0	-71	2101	75	0.117183	-0.257598	-39.9379	39.9431	0.57933
234	K*-	-83	-323	230	0.124472	0.359979	-0.860865	1.28863	0.879999
235	pi+	83	211	230	-0.105624	-0.470933	-1.91512	1.97992	0.13957
236	pi-	83	-211	230	0.205745	0.53342	-0.976755	1.14035	0.13957
237	omega	-84	223	230	0.158809	-0.0308495	-7.70023	7.73613	0.726616
238	p+	84	2212	230	-0.0635444	-0.123406	-11.575	11.6138	0.93827
239	omega	-84	223	230	0.307184	-0.286673	-18.2841	18.3057	0.781666
240	d	-71	1	189	0.539887	0.482785	2.75236	2.86512	0.33
241	g	-71	21	149	1.1339	0.825386	-1.63351	2.15298	0
242	g	-71	21	195	0.762963	-0.609995	-7.52976	7.59347	0.0964043
243	dbar	-71	-1	174	1.30667	-0.352628	-1.30662	1.90994	0.33
244	pi0	-83	111	239	0.01977	0.381655	1.80827	1.85313	0.13498
245	pi0	-83	111	239	0.290894	-0.0390994	0.587687	0.670629	0.13498
246	rho-	-83	-213	239	0.314672	-0.215528	-0.600534	1.21766	0.988222
247	pi0	-84	111	239	0.430263	0.649562	-1.11922	1.37038	0.13498
248	pi+	84	211	239	0.298015	-0.0283249	-1.3503	1.39011	0.13957
249	pi-	84	-211	239	0.279873	-0.272771	-0.60448	0.733218	0.13957
250	rho+	-84	213	239	0.974109	0.348623	-1.36328	1.89511	0.813927
251	pi-	84	-211	239	0.23434	-0.149953	-2.37173	2.39206	0.13957
252	rho+	-84	213	239	0.901479	-0.328615	-2.70395	2.99923	0.873714
253	pi+	83	211	26	0.0787779	0.174501	0.283395	0.36939	0.13957
254	omega	-83	223	26	0.125418	0.147598	0.489288	0.941855	0.781136
255	omega	-83	223	26	-0.757305	-0.282307	1.52933	1.89699	0.778808
256	pi-	83	-211	26	0.0833528	-0.336749	0.142069	0.400014	0.13957
257	pi+	83	211	26	-0.349147	0.533718	-1.26987	1.42787	0.13957
258	pi-	83	-211	26	-0.225884	-0.066002	0.304102	0.409069	0.13957
259	pi0	-84	111	26	0.529234	-0.656124	-4.42611	4.50769	0.13498
260	p+	84	2212	26	-0.079251	0.316785	-5.85842	5.94205	0.93827
261	d	-71	1	196	-1.4958	-0.797858	6.3679	6.63324	0.758783
262	g	-71	21	161	-0.15831	-0.0469434	-0.0291721	0.16768	0
263	g	-71	21	157	-0.969605	-1.20112	3.54092	3.86276	0
264	g	-71	21	159	0.529697	0.565789	0.168215	0.79309	0
265	g	-71	21	156	-0.804885	0.895979	-0.587352	1.34	0
266	g	-71	21	158	0.964098	1.04475	-1.63997	2.17037	0
267	g	-71	21	160	-0.150728	1.22778	-1.79767	2.18215	0
268	dbar	-71	-1	197	-0.0693553	-0.105179	-0.388621	0.902133	0.804329
269	pi0	-83	111	260	-1.50258	-0.891546	6.31391	6.55258	0.13498
270	omega	-83	223	260	-0.519974	-0.667138	1.74649	2.10217	0.808349
271	pi-	83	-211	260	0.0494278	0.0992159	0.301679	0.350396	0.13957
272	rho+	-83	213	260	-0.702894	-0.163454	1.32528	1.74562	0.877532
273	pi-	83	-211	260	-0.281742	0.462942	-0.233902	0.606534	0.13957
274	rho0	-83	113	260	0.07125	0.18774	0.238432	0.736501	0.667279
275	p+	84	2212	260	0.758704	0.43164	-1.62068	2.06613	0.93827
276	nbar0	84	-2112	260	-0.196643	0.977216	-0.483749	1.45273	0.93957
277	rho0	-84	113	260	0.169561	1.14659	-1.95321	2.43876	0.888314
278	u	-71	2	164	-0.568589	-1.40814	3.78713	4.09358	0.33
279	ud_0	-71	2101	190	-0.0305388	-0.334759	-21.0539	21.0645	0.57933
280	rho+	-83	213	277	-0.354777	-1.18319	3.23571	3.55195	0.787881
281	eta	-83	221	277	-0.314503	-0.0497166	-1.69608	1.81059	0.54785
282	pi-	83	-211	277	0.0187358	-0.214175	0.0520045	0.261546	0.13957
283	pi+	83	211	277	-0.108002	-0.257037	0.101707	0.327958	0.13957
284	K0	-84	311	277	0.445136	0.172139	-2.99956	3.07779	0.49761
285	Xi-	84	3312	277	-0.308413	-0.0203576	-11.3336	11.4146	1.32171
286	K*+	-84	323	277	0.0226958	-0.190563	-4.62692	4.71368	0.879543
287	d	-71	1	150	-0.861555	-1.83414	-22.5423	22.6356	0.33
288	g	-71	21	171	0.068435	-0.262953	-0.107188	0.292091	0
289	g	-71	21	178	-0.723105	-0.305392	0.887117	1.18453	0
290	g	-71	21	186	0.402374	-0.286432	5.92376	5.94432	0
291	g	-71	21	183	0.187443	-0.088729	0.140343	0.250408	0
292	g	-71	21	198	1.65735	0.794153	3.51101	3.98338	0.40323
293	g	-71	21	187	-0.886868	1.43412	1.00433	1.96263	0
294	ud_0	-71	2101	188	-0.209847	0.0205889	20.6253	20.6345	0.57933
295	K0	-83	311	286	0.088042	-0.285441	-5.53778	5.56811	0.49761
296	Kbar0	-83	-311	286	-0.651229	-0.508385	-6.59841	6.66852	0.49761
297	pi-	83	-211	286	0.00974322	-0.13166	-0.205968	0.281659	0.13957
298	K+	83	321	286	-0.134708	-0.0854071	-0.994868	1.12202	0.49368
299	K*-	-83	-323	286	-0.0960981	-0.0328053	-2.35405	2.50713	0.856642
300	pi0	-83	111	286	0.20414	-1.27265	-4.17687	4.3733	0.13498
301	p+	83	2212	286	-0.411418	0.745367	-0.911324	1.56067	0.93827
302	pbar-	83	-2212	286	-0.185756	-0.681033	-0.851168	1.45022	0.93827
303	eta	-83	221	286	0.196021	0.327915	2.77442	2.85368	0.54785
304	pi0	-84	111	286	0.0470733	-0.398724	0.108288	0.437199	0.13498
305	rho0	-84	113	286	0.213146	0.0482643	0.671885	1.0261	0.744099
306	pi+	84	211	286	0.170638	-0.206847	0.38226	0.487345	0.13957
307	pi-	84	-211	286	0.0543473	-0.199283	1.06556	1.09433	0.13957
308	K+	84	321	286	-0.176006	0.708504	1.45155	1.69814	0.49368
309	Lambda0	84	3122	286	0.703049	0.164502	2.01461	2.41344	1.11568
310	pi-	84	-211	286	-0.163671	1.02378	3.37401	3.53247	0.13957
311	Deltabar+	-84	-1114	286	0.0856545	0.0142164	1.52877	1.97987	1.25508
312	K0	-84	311	286	-0.791922	0.0532807	7.91344	7.9687	0.49761
313	Lambda0	84	3122	286	0.473181	0.187622	9.78804	9.86456	1.11568
314	u	-71	2	76	-0.499238	0.184182	-18.2194	18.2302	0.33
315	g	-71	21	65	0.368082	0.669015	-3.98401	4.05652	0
316	g	-71	21	200	-0.335178	0.53657	-0.547796	0.938418	0.424613
317	dd_1	-71	1103	199	0.268846	0.162774	57.672	57.6797	0.894112
318	pi+	83	211	313	0.335431	-0.20229	-5.04782	5.06491	0.13957
319	Sigma-	83	3112	313	-0.513819	1.0014	-7.07613	7.26446	1.19745
320	Sigmabar+	83	-3112	313	-0.130108	-0.11525	-4.41551	4.5783	1.19745
321	rho-	-83	-213	313	-0.427966	0.2515	-2.32607	2.52012	0.83305
322	omega	-83	223	313	0.756475	0.386292	-2.94044	3.15848	0.779942
323	pi+	83	211	313	-0.723795	0.0530598	-0.0599287	0.741462	0.13957
324	pi0	-84	111	313	0.148772	-0.227865	1.13111	1.17119	0.13498
325	eta	-84	221	313	0.313492	0.0959042	0.226478	0.677427	0.54785
326	pi-	84	-211	313	0.222304	-0.0552189	1.50514	1.52885	0.13957
327	rho+	-84	213	313	-0.546182	-0.0201436	2.71091	2.9057	0.891826
328	pi-	84	-211	313	0.420962	-0.00524285	3.18964	3.22033	0.13957
329	pi+	84	211	313	-0.188817	-0.184578	1.47699	1.50688	0.13957
330	Delta-	-84	1114	313	0.135763	0.574977	46.5464	46.5667	1.24298
331	d	-71	1	28	0.49783	0.485644	-50.0012	50.0071	0.33
332	g	-71	21	24	-0.37158	0.550871	-0.828954	1.0624	0
333	g	-71	21	23	0.132164	-1.91205	-0.909877	2.12162	0
334	g	-71	21	19	0.751362	0.333732	1.58693	1.78726	0
335	g	-71	21	20	0.373157	0.698455	6.12841	6.17936	0
336	g	-71	21	18	-1.09294	0.259169	28.0248	28.0473	0
337	ud_0	-71	2101	25	0.252878	0.0817403	24.8487	24.8568	0.57933
338	pi-	83	-211	330	-0.0617111	0.177272	-2.38818	2.3996	0.13957
339	omega	-83	223	330	-0.263327	-0.145874	-27.9426	27.9548	0.768628
340	rho+	-83	213	330	0.53589	0.792638	-6.7611	6.869	0.745201
341	pi-	83	-211	330	-0.0843202	-0.143429	-0.673354	0.707508	0.13957
342	pi+	83	211	330	0.585692	-0.241287	-6.6642	6.69569	0.13957
343	rho0	-83	113	330	-0.46286	0.00159611	-5.93448	6.00228	0.771401
344	pi-	83	-211	330	0.299339	0.161196	-0.2365	0.437036	0.13957
345	pi+	84	211	330	-0.398985	-0.514046	-0.0861757	0.671073	0.13957
346	rho-	-84	-213	330	0.404873	-0.356878	0.0248006	1.35847	1.24641
347	Delta0	-84	2114	330	0.390277	-0.227661	0.486181	1.56422	1.41642
348	Deltabar+	-84	-1114	330	-0.259993	0.304104	3.99241	4.28486	1.50355
349	K0	-84	311	330	0.149933	0.205382	20.0787	20.0864	0.49761
350	Kbar0	-84	-311	330	0.296337	0.296626	3.65629	3.71374	0.49761
351	n0	84	2112	330	-0.588271	0.187922	31.297	31.3172	0.93957
352	pi+	91	211	206	-0.106986	0.0806638	-6.98566	6.98834	0.13957
353	pi-	91	-211	206	0.380696	-0.0325353	-2.18935	2.22682	0.13957
354	K_S0	91	310	216	-0.0328223	0.343783	3.86565	3.91281	0.49761
355	Lambda0	91	3122	217	-0.188481	0.083882	37.0825	37.0998	1.11568
356	pi-	91	-211	217	-0.0624301	0.00479815	0.926969	0.939506	0.13957
357	K_S0	91	310	225	0.0808389	0.147012	-1.51525	1.60367	0.49761
358	Kbar0	-91	-311	233	-0.0155139	0.336185	-0.258095	0.653827	0.49761
359	pi-	91	-211	233	0.139986	0.0237941	-0.602769	0.634802	0.13957
360	pi-	91	-211	245	0.0292936	0.199103	0.162305	0.293807	0.13957
361	pi0	-91	111	245	0.285379	-0.414631	-0.762839	0.923852	0.13498
362	pi+	91	211	249	0.5805	-0.123463	-0.99222	1.16456	0.13957
363	pi0	-91	111	249	0.393609	0.472086	-0.371058	0.730546	0.13498
364	pi+	91	211	251	0.806381	0.0686605	-2.12312	2.27642	0.13957
365	pi0	-91	111	251	0.0950982	-0.397275	-0.58083	0.72281	0.13498
366	pi+	91	211	271	-0.430813	0.234591	1.06614	1.18185	0.13957
367	pi0	-91	111	271	-0.27208	-0.398045	0.259134	0.563771	0.13498
368	pi+	91	211	273	0.201594	0.122298	-0.139922	0.307661	0.13957
369	pi-	91	-211	273	-0.130344	0.0654411	0.378354	0.42884	0.13957
370	pi+	91	211	276	-0.0416843	0.865557	-1.84845	2.04626	0.13957
371	pi-	91	-211	276	0.211245	0.281029	-0.104761	0.3925	0.13957
372	pi+	91	211	279	-0.565634	-0.866443	2.07209	2.32028	0.13957
373	pi0	-91	111	279	0.210857	-0.316749	1.16362	1.23168	0.13498
374	K_L0	91	130	283	0.445136	0.172139	-2.99956	3.07779	0.49761
375	K+	91	321	285	-0.177279	0.070366	-2.32369	2.3832	0.49368
376	pi0	-91	111	285	0.199975	-0.260929	-2.30323	2.33048	0.13498
377	K_L0	91	130	294	0.088042	-0.285441	-5.53778	5.56811	0.49761
378	K_S0	91	310	295	-0.651229	-0.508385	-6.59841	6.66852	0.49761
379	K-	91	-321	298	0.0704457	-0.0359371	-0.836649	0.974657	0.49368
380	pi0	-91	111	298	-0.166544	0.00313181	-1.51741	1.53248	0.13498
381	pi+	91	211	304	0.070817	0.18382	-0.0656298	0.250183	0.13957
382	pi-	91	-211	304	0.142329	-0.135555	0.737515	0.775913	0.13957
383	nbar0	91	-2112	310	-0.165296	0.0234417	1.29977	1.61248	0.93957
384	pi+	91	211	310	0.25095	-0.00922524	0.228996	0.367396	0.13957
385	K_S0	91	310	311	-0.791922	0.0532807	7.91344	7.9687	0.49761
386	pi-	91	-211	320	-0.23501	-0.0980336	-1.89548	1.9176	0.13957
387	pi0	-91	111	320	-0.192956	0.349533	-0.430591	0.602523	0.13498
388	pi+	91	211	326	-0.553083	0.310968	2.09573	2.19412	0.13957
389	pi0	-91	111	326	0.00690033	-0.331112	0.615178	0.71158	0.13498
390	n0	91	2112	329	-0.100149	0.465825	31.9612	31.9785	0.93957
391	pi-	91	-211	329	0.235912	0.109152	14.5852	14.5882	0.13957
392	pi+	91	211	339	0.484567	0.743136	-3.82797	3.93191	0.13957
393	pi0	-91	111	339	0.0513234	0.0495021	-2.93313	2.9371	0.13498
394	pi+	91	211	342	0.165054	0.111449	-1.37538	1.39671	0.13957
395	pi-	91	-211	342	-0.627914	-0.109853	-4.5591	4.60556	0.13957
396	pi-	91	-211	345	0.707586	-0.127367	0.376487	0.823482	0.13957
397	pi0	-91	111	345	-0.302713	-0.229511	-0.351687	0.534989	0.13498
398	n0	91	2112	346	0.366311	0.12809	0.581649	1.1712	0.93957
399	pi0	-91	111	346	0.023966	-0.355751	-0.0954679	0.393023	0.13498
400	nbar0	91	-2112	347	0.168136	0.0188178	3.11701	3.25993	0.93957
401	pi+	91	211	347	-0.428129	0.285286	0.875397	1.02493	0.13957
402	K_L0	91	130	348	0.149933	0.205382	20.0787	20.0864	0.49761
403	K_L0	91	130	349	0.296337	0.296626	3.65629	3.71374	0.49761
404	K_S0	91	310	357	-0.0155139	0.336185	-0.258095	0.653827	0.49761
405	pi+	91	211	205	-0.0622626	-0.174874	-10.8308	10.8333	0.13957
406	pi-	91	-211	205	-0.0343973	0.213596	-23.823	23.8244	0.13957
407	pi0	-91	111	205	0.186333	-0.0591831	-8.52715	8.53045	0.13498
408	gamma	91	22	210	0.262848	-0.726061	3.60174	3.68358	0
409	gamma	91	22	210	0.0376651	-0.377808	1.82817	1.86718	0
410	pi+	91	211	220	0.127186	0.0191017	0.754543	0.778047	0.13957
411	pi-	91	-211	220	-0.0794078	-0.147791	0.697561	0.730903	0.13957
412	pi0	-91	111	220	0.0193344	-0.302725	4.399	4.41151	0.13498
413	gamma	91	22	227	0.136222	0.0685863	0.276641	0.315897	0
414	gamma	91	22	227	0.152078	0.065375	0.723582	0.742275	0
415	gamma	91	22	228	-0.0218686	-0.087019	0.0190838	0.0917319	0
416	gamma	91	22	228	0.0392075	0.0287351	-0.0290927	0.0566509	0
417	pi0	-91	111	229	0.0862838	0.0184902	-0.127844	0.205793	0.13498
418	pi0	-91	111	229	-0.00963357	0.0678875	0.00750581	0.151583	0.13498
419	pi0	-91	111	229	-0.148496	-0.0620024	-0.0068937	0.210148	0.13498
420	pi+	91	211	236	0.00613621	0.0991571	-3.61607	3.62013	0.13957
421	pi-	91	-211	236	0.195411	-0.225801	-3.05639	3.07411	0.13957
422	pi0	-91	111	236	-0.0427378	0.0957948	-1.02778	1.0419	0.13498
423	pi+	91	211	238	0.0146005	0.112218	-2.10721	2.11486	0.13957
424	pi-	91	-211	238	0.199733	-0.0337519	-8.38286	8.38647	0.13957
425	pi0	-91	111	238	0.092851	-0.365139	-7.79407	7.80434	0.13498
426	gamma	91	22	243	-0.0426519	0.227582	1.22247	1.2442	0
427	gamma	91	22	243	0.0624219	0.154074	0.585801	0.608931	0
428	gamma	91	22	244	0.217293	0.00028206	0.518566	0.562252	0
429	gamma	91	22	244	0.0736006	-0.0393814	0.0691209	0.108377	0
430	gamma	91	22	246	0.161721	0.245031	-0.53921	0.613956	0
431	gamma	91	22	246	0.268541	0.404531	-0.580009	0.756419	0
432	pi+	91	211	253	-0.00750806	0.197394	0.335045	0.413226	0.13957
433	pi-	91	-211	253	0.0883865	-0.221092	0.128866	0.304598	0.13957
434	pi0	-91	111	253	0.04454	0.171296	0.0253765	0.224031	0.13498
435	pi+	91	211	254	-0.156263	-0.224405	0.372645	0.482825	0.13957
436	pi-	91	-211	254	0.0039096	0.0900281	0.156492	0.228232	0.13957
437	pi0	-91	111	254	-0.604952	-0.14793	1.00019	1.18594	0.13498
438	gamma	91	22	258	0.00271505	0.00667733	-0.0350782	0.0358112	0
439	gamma	91	22	258	0.526519	-0.662802	-4.39103	4.47187	0
440	gamma	91	22	268	-0.146001	-0.134145	0.760722	0.786136	0
441	gamma	91	22	268	-1.35658	-0.757402	5.55319	5.76644	0
442	pi+	91	211	269	-0.17952	-0.0938317	0.0938165	0.263274	0.13957
443	pi-	91	-211	269	-0.052742	-0.0476362	0.599968	0.620075	0.13957
444	pi0	-91	111	269	-0.287712	-0.525671	1.05271	1.21882	0.13498
445	pi0	-91	111	280	-0.13171	-0.0378255	-0.610287	0.639881	0.13498
446	pi0	-91	111	280	0.0379008	0.0794902	-0.346768	0.382391	0.13498
447	pi0	-91	111	280	-0.220694	-0.0913813	-0.739028	0.788314	0.13498
448	gamma	91	22	299	0.0924665	-0.246945	-0.900665	0.938472	0
449	gamma	91	22	299	0.111674	-1.02571	-3.2762	3.43483	0
450	pi0	-91	111	302	0.134754	-0.013134	0.883473	0.903922	0.13498
451	pi0	-91	111	302	0.106395	0.160003	0.753809	0.789537	0.13498
452	pi0	-91	111	302	-0.045127	0.181047	1.13714	1.16022	0.13498
453	gamma	91	22	303	0.0722197	-0.388377	0.0923711	0.405691	0
454	gamma	91	22	303	-0.0251464	-0.010347	0.0159173	0.0315082	0
455	pi+	91	211	321	0.18383	0.221976	-1.13131	1.17576	0.13957
456	pi-	91	-211	321	0.518958	-0.0613975	-1.27303	1.38318	0.13957
457	pi0	-91	111	321	0.0536869	0.225713	-0.536098	0.599541	0.13498
458	gamma	91	22	323	0.0811649	-0.0545728	0.611839	0.619607	0
459	gamma	91	22	323	0.0676076	-0.173292	0.519271	0.551582	0
460	pi+	91	211	324	0.12624	-0.0188206	0.0202777	0.190215	0.13957
461	pi-	91	-211	324	-0.0329516	0.112311	0.0693682	0.194914	0.13957
462	pi0	-91	111	324	0.220204	0.00241368	0.136832	0.292298	0.13498
463	pi+	91	211	338	-0.249238	-0.0875253	-15.9298	15.9326	0.13957
464	pi-	91	-211	338	0.0492117	0.123652	-8.11755	8.11984	0.13957
465	pi0	-91	111	338	-0.0633008	-0.182001	-3.89524	3.90234	0.13498
466	gamma	91	22	360	0.0155274	-0.0220005	-0.00312128	0.0271083	0
467	gamma	91	22	360	0.269852	-0.392631	-0.759718	0.896744	0
468	gamma	91	22	362	0.28226	0.419395	-0.285733	0.580694	0
469	gamma	91	22	362	0.111349	0.052691	-0.0853254	0.149851	0
470	gamma	91	22	364	0.063555	-0.262402	-0.482643	0.553027	0
471	gamma	91	22	364	0.0315432	-0.134873	-0.0981866	0.169783	0
472	gamma	91	22	366	-0.0982143	-0.136172	0.165581	0.235809	0
473	gamma	91	22	366	-0.173866	-0.261873	0.0935536	0.327962	0
474	gamma	91	22	372	0.119514	-0.0823177	0.320696	0.352002	0
475	gamma	91	22	372	0.0913427	-0.234432	0.842925	0.879673	0
476	gamma	91	22	375	0.189818	-0.27672	-2.13488	2.16109	0
477	gamma	91	22	375	0.0101572	0.0157904	-0.168353	0.169396	0
478	gamma	91	22	379	-0.0639598	0.0397024	-0.269154	0.279483	0
479	gamma	91	22	379	-0.102584	-0.0365706	-1.24825	1.25299	0
480	gamma	91	22	386	-0.0594017	0.199885	-0.29163	0.358512	0
481	gamma	91	22	386	-0.133554	0.149648	-0.138962	0.244011	0
482	gamma	91	22	388	-0.0639679	-0.169204	0.309485	0.358473	0
483	gamma	91	22	388	0.0708682	-0.161907	0.305693	0.353107	0
484	gamma	91	22	392	0.0876933	0.0656885	-2.39165	2.39416	0
485	gamma	91	22	392	-0.0363699	-0.0161864	-0.541474	0.542936	0
486	gamma	91	22	396	-0.218313	-0.229133	-0.253354	0.405402	0
487	gamma	91	22	396	-0.0844001	-0.000377593	-0.0983329	0.129587	0
488	gamma	91	22	398	0.0449539	-0.310139	-0.0363818	0.315485	0
489	gamma	91	22	398	-0.0209879	-0.0456118	-0.0590861	0.0775377	0
490	gamma	91	22	406	0.196736	-0.0749988	-6.9324	6.93559	0
491	gamma	91	22	406	-0.0104033	0.0158157	-1.59475	1.59486	0
492	gamma	91	22	411	-0.0273157	-0.257188	3.84515	3.85384	0
493	gamma	91	22	411	0.0466501	-0.0455361	0.553843	0.557666	0
494	gamma	91	22	416	0.0852655	-0.0459213	-0.076988	0.123718	0
495	gamma	91	22	416	0.00101835	0.0644115	-0.0508564	0.0820747	0
496	gamma	91	22	417	0.0287732	-0.0165391	-0.0361473	0.0490721	0
497	gamma	91	22	417	-0.0384068	0.0844266	0.0436531	0.102511	0
498	gamma	91	22	418	-0.147755	-0.0914003	0.0136505	0.174276	0
499	gamma	91	22	418	-0.000740087	0.0293979	-0.0205442	0.0358727	0
500	gamma	91	22	421	-0.0734399	0.0417366	-0.836863	0.841115	0
501	gamma	91	22	421	0.0307021	0.0540582	-0.190914	0.200781	0
502	gamma	91	22	424	0.0330725	-0.206766	-5.52307	5.52703	0
503	gamma	91	22	424	0.0597785	-0.158373	-2.271	2.2773	0
504	gamma	91	22	433	0.0428543	0.0345569	0.0615499	0.0825776	0
505	gamma	91	22	433	0.00168569	0.136739	-0.0361734	0.141453	0
506	gamma	91	22	436	-0.341422	-0.0844377	0.686524	0.771371	0
507	gamma	91	22	436	-0.26353	-0.0634924	0.313665	0.414567	0
508	gamma	91	22	443	-0.142544	-0.212195	0.575269	0.629508	0
509	gamma	91	22	443	-0.145169	-0.313475	0.477439	0.589312	0
510	gamma	91	22	444	-0.0835469	-0.084093	-0.466751	0.481568	0
511	gamma	91	22	444	-0.0481633	0.0462676	-0.143536	0.158313	0
512	gamma	91	22	445	0.0827303	0.0187624	-0.203008	0.220019	0
513	gamma	91	22	445	-0.0448294	0.0607278	-0.14376	0.162372	0
514	gamma	91	22	446	-0.00940736	-0.048071	-0.235462	0.240503	0
515	gamma	91	22	446	-0.211286	-0.0433103	-0.503566	0.547811	0
516	gamma	91	22	449	0.145606	0.0242988	0.605755	0.623483	0
517	gamma	91	22	449	-0.0108523	-0.0374328	0.277718	0.28044	0
518	gamma	91	22	450	0.0170614	-0.0182131	0.0313074	0.040037	0
519	gamma	91	22	450	0.0893331	0.178216	0.722501	0.7495	0
520	gamma	91	22	451	-0.0156097	0.0115045	0.0138521	0.0238306	0
521	gamma	91	22	451	-0.0295173	0.169542	1.12329	1.13639	0
522	gamma	91	22	456	-0.0316549	0.0247136	-0.156941	0.161998	0
523	gamma	91	22	456	0.0853418	0.201	-0.379157	0.437544	0
524	gamma	91	22	461	0.190973	-0.0463586	0.128569	0.23484	0
525	gamma	91	22	461	0.0292303	0.0487722	0.00826379	0.0574581	0
526	gamma	91	22	464	-0.0633508	-0.146493	-1.87332	1.88011	0
527	gamma	91	22	464	4.99315e-05	-0.0355084	-2.02192	2.02224	0
