Particle List (1st event only)
******************************************************
JobID: 20200430	No. Events: 1000	SNN: 19.6

Simulation Parameters:
Version: Pythia8 Angantyr
Type of Cut: pseudorapidity (n)
Cut: 0.1
Calorimeter (r=regular, c=calorimeter): r
Counting method: d

I	particle/jet	status	KF	orig	p_x	p_y	p_z	E	m
=========================================================
0	system	-11	90	0	0	0	0	3861.2	3861.2	-nan
1	197Au	-12	1000791970	0	0	0	1921.86	1930.6	183.473	-nan
2	197Au	-12	1000791970	0	0	0	-1921.86	1930.6	183.473	-1.60397e-05
3	n0	-13	2112	1	0	0	9.75486	9.8	0.93957	-nan
4	n0	-13	2112	2	0	0	-9.75486	9.8	0.93957	-0
5	d	-21	1	21	0	0	4.78059	4.78059	0	-nan
6	g	-21	21	22	0	0	-2.53476	2.53476	0	-0
7	d	-23	1	5	-1.11076	0.38694	4.55925	4.72008	0.33	1.17911
8	g	-23	21	5	1.11076	-0.38694	-2.31342	2.59527	0	1.17623
9	g	-31	21	25	0	0	2.5955	2.5955	0	-nan
10	g	-31	21	26	0	0	-0.524586	0.524586	0	-0
11	g	-33	21	9	0.0396084	-0.462986	-0.395548	0.610232	0	0.464677
12	g	-33	21	9	-0.0396084	0.462986	2.46646	2.50985	0	0.464677
13	u	-31	2	29	0	0	0.50087	0.50087	0	-nan
14	g	-31	21	30	0	0	-0.277002	0.277002	0	-0
15	u	-33	2	13	-0.166629	-0.0756061	0.381333	0.536467	0.33	0.232083
16	g	-33	21	13	0.166629	0.0756061	-0.157465	0.241406	0	0.182979
17	g	-31	21	33	0	0	0.126223	0.126223	0	-nan
18	g	-31	21	34	0	0	-0.756949	0.756949	0	-0
19	g	-33	21	17	0.069801	-0.195257	-0.642844	0.67546	0	0.207358
20	g	-33	21	17	-0.069801	0.195257	0.0121184	0.207712	0	0.207358
21	d	-61	1	3	-0.154627	-0.875394	4.80651	4.88802	0	0.888945
22	g	-61	21	4	0.259168	-1.07171	-2.47426	2.70882	0	1.10261
23	d	-62	1	7	-1.25077	-0.47915	4.46572	4.67392	0.33	1.34276
24	g	-62	21	8	1.35531	-1.46796	-2.13347	2.92292	0	1.99794
25	g	-61	21	3	0.06051	0.661199	2.64089	2.72308	0	0.663962
26	g	-61	21	4	-0.286411	0.0446251	-0.468064	0.550551	0	0.289867
27	g	-62	21	11	-0.223238	-0.399228	-0.312324	0.553863	0	0.457403
28	g	-62	21	12	-0.00266364	1.10505	2.48515	2.71976	0	1.10505
29	u	-61	2	3	0.224376	0.0582797	0.5074	0.557849	0	0.231822
30	g	-61	21	4	0.378956	0.217241	-0.207659	0.483656	0	0.436808
31	u	-62	2	15	0.0921609	0.0179728	0.319434	0.46878	0.33	0.132204
32	g	-62	21	16	0.511172	0.257547	-0.0196933	0.572726	0	0.572387
33	g	-61	21	3	0.156578	0.152081	0.0518627	0.224355	0	0.218278
34	g	-61	21	4	0.0523944	0.216246	-0.81638	0.846159	0	0.222503
35	g	-62	21	19	0.124196	-0.00793395	-0.658999	0.670647	0	0.12445
36	g	-62	21	20	0.0847761	0.376261	-0.105519	0.399867	0	0.385693
37	d	-63	1	3	-0.286838	0.00383465	1.15561	1.23556	0.33	0.297677
38	u	-63	2	4	-0.58263	0.788281	-1.15287	1.54882	0.33	1.00326
39	dd_1	-63	1103	4	-0.371762	1.29245	-1.93759	2.48149	0.77133	1.41494
40	n0	-13	2112	1	0	0	9.75498	9.8	0.93827	-nan
41	p_diffr+	-15	9902210	40	0.474552	-0.325354	9.5594	9.88364	2.444	0.593814
42	u	-24	2	41	0.50472	-0.346049	0.648648	0.949137	0.325	0.651331
43	dd_1	-63	1103	41	-0.0301676	0.0206957	8.91075	8.9345	0.65	0.0366813
44	n0	-13	2112	1	0	0	9.75498	9.8	0.93827	-nan
45	p_diffr+	-15	9902210	44	-0.625319	-0.207246	8.27637	11.2012	7.51898	0.888763
46	u	-24	2	45	-0.630231	-0.208898	-1.35735	1.54559	0.325	0.679134
47	dd_1	-63	1103	45	0.00491251	0.00165181	9.63372	9.65563	0.65	0.00519457
48	n0	-13	2112	1	0	0	9.75498	9.8	0.93827	-nan
49	p_diffr+	-15	9902210	48	0.326463	-0.394313	9.55984	9.80267	2.10706	0.524171
50	u	-24	2	49	0.35404	-0.427712	0.837743	1.05628	0.325	0.58354
51	dd_1	-63	1103	49	-0.0275778	0.0333988	8.72209	8.74639	0.65	0.043433
52	p+	-13	2212	1	0	0	9.75498	9.8	0.93827	-nan
53	p_diffr+	-15	9902210	52	0.374589	-0.560212	9.51887	9.6641	1.52703	0.682484
54	u	-24	2	53	0.427821	-0.639948	2.54499	2.67101	0.254505	0.773301
55	ud_1	-63	2103	53	-0.0532323	0.0797364	6.97388	6.99309	0.50901	0.0961276
56	n0	-13	2112	1	0	0	9.75498	9.8	0.93827	-nan
57	p+	-13	2212	2	0	0	-9.75498	9.8	0.93827	-0
58	g	-21	21	74	0	0	1.91195	1.91195	0	-nan
59	g	-21	21	75	0	0	-0.741614	0.741614	0	-0
60	g	-23	21	58	-0.554067	-0.0190901	-0.589042	0.808904	0	0.554396
61	g	-23	21	58	0.554067	0.0190901	1.75938	1.84466	0	0.554396
62	u	-31	2	78	0	0	0.117452	0.117452	0	-nan
63	d	-31	1	79	0	0	-3.02219	3.02219	0	-0
64	u	-33	2	62	0.407781	0.110203	-0.767145	0.935864	0.33	0.451404
65	d	-33	1	62	-0.407781	-0.110203	-2.13759	2.20378	0.33	0.427227
66	g	-31	21	82	0	0	1.2841	1.2841	0	-nan
67	g	-31	21	83	0	0	-1.89964	1.89964	0	-0
68	g	-33	21	66	0.0327765	-0.437432	-1.83556	1.88725	0	0.438658
69	g	-33	21	66	-0.0327765	0.437432	1.22003	1.29649	0	0.438658
70	g	-31	21	86	0	0	3.12311	3.12311	0	-nan
71	g	-31	21	87	0	0	-1.05452	1.05452	0	-0
72	g	-33	21	70	-0.264904	-0.231463	-1.0149	1.07414	0	0.35178
73	g	-33	21	70	0.264904	0.231463	3.08349	3.10349	0	0.35178
74	g	-61	21	56	-0.167055	0.489857	1.44566	1.53551	0	0.517559
75	g	-61	21	57	0.117125	-1.21219	-0.222427	1.23798	0	1.21784
76	g	-62	21	60	-0.449621	-1.15566	-0.178522	1.25283	0	1.24004
77	g	-62	21	61	0.399691	0.433322	1.40176	1.52067	0	0.589509
78	u	-61	2	56	-0.0798388	0.237159	-0.0086689	0.250387	0	0.250237
79	d	-61	1	57	-0.0763191	0.465777	-3.38526	3.418	0	0.471989
80	u	-62	2	64	0.329225	0.408927	-0.924502	1.1132	0.33	0.549695
81	d	-62	1	65	-0.485383	0.29401	-2.46943	2.55519	0.33	0.572277
82	g	-61	21	56	1.30867	-0.780039	0.706649	1.67941	0	1.52351
83	g	-61	21	57	-0.827246	0.229465	-1.33883	1.59043	0	0.858482
84	g	-62	21	68	-0.81089	-0.20536	-1.47011	1.69143	0	0.83649
85	g	-62	21	69	1.29232	-0.345214	0.83793	1.57841	0	1.33763
86	g	-61	21	56	-0.432176	0.618107	3.10637	3.19661	0	0.75421
87	g	-61	21	57	0.295512	0.0176552	-1.00484	1.04754	0	0.296038
88	g	-62	21	72	0.0267063	-0.213071	-1.00084	1.02362	0	0.214738
89	g	-62	21	73	-0.163371	0.848833	3.10236	3.22054	0	0.864412
90	ud_0	-63	2101	56	0.00171983	-0.545403	1.70362	1.88027	0.57933	0.573296
91	d	-63	1	56	-0.629741	0.112661	0.756305	1.04411	0.33	0.674304
92	ubar	-63	-2	56	0.182444	-0.46828	-1.23775	1.37605	0.33	0.517672
93	uu_1	-63	2203	57	0.490929	0.499294	-0.775028	1.29843	0.77133	0.870453
94	n0	-13	2112	2	0	0	-9.75498	9.8	0.93827	-0
95	p_diffr+	-15	9902210	94	-0.184024	0.335938	-9.50078	9.84526	2.55295	0.396605
96	d	-24	1	95	-0.196592	0.359162	-0.264066	0.585663	0.325	0.492181
97	ud_1	-63	2103	95	0.0125681	-0.0232234	-9.23672	9.25959	0.65	0.0264715
98	n0	-13	2112	1	0	0	9.75498	9.8	0.93827	-nan
99	p+	-13	2212	2	0	0	-9.75498	9.8	0.93827	-0
100	g	-21	21	132	0	0	0.248387	0.248387	0	-nan
101	g	-21	21	133	0	0	-4.15511	4.15511	0	-0
102	g	-23	21	100	-0.622161	-0.714886	-2.7465	2.90541	0	0.947706
103	g	-23	21	100	0.622161	0.714886	-1.16023	1.49809	0	0.947706
104	u	-31	2	113	0	0	0.867218	0.867218	0	-nan
105	u	-31	2	119	0	0	-1.41416	1.41416	0	-0
106	u	-33	2	104	-0.129224	0.788709	-0.986149	1.31155	0.33	0.825793
107	u	-33	2	104	0.129224	-0.788709	0.439211	0.969829	0.33	0.849942
108	g	-51	21	102	0.517854	0.228603	-1.17179	1.30136	0	0.566067
109	g	-51	21	102	-0.807226	-0.561102	-2.19531	2.40537	0	0.983081
110	g	-52	21	103	0.289372	0.332499	-0.539629	0.696772	0	0.440785
111	u	-51	2	106	0.140335	-0.223895	-0.260817	0.496738	0.33	0.353529
112	g	-51	21	106	-0.26956	1.0126	-0.413598	1.12654	0	1.04787
113	u	-53	2	118	0	6.16298e-33	1.17895	1.17895	0	6.16298e-33
114	g	-31	21	143	0	0	0.779923	0.779923	0	-nan
115	g	-31	21	144	0	0	-0.559221	0.559221	0	-0
116	g	-33	21	114	-0.550621	-0.0510791	0.476405	0.7299	0	0.552986
117	g	-33	21	114	0.550621	0.0510791	-0.255703	0.609243	0	0.552986
118	u	-41	2	137	0	-2.77556e-17	1.74264	1.74264	0	2.77556e-17
119	u	-42	2	138	5.55112e-17	-8.32667e-17	-1.41416	1.41416	0	-1.00074e-16
120	u	-44	2	111	0.168172	-0.256206	-0.256725	0.518392	0.33	0.397388
121	u	-44	2	107	0.295479	-0.981687	0.410308	1.15251	0.33	1.06999
122	g	-44	21	112	-0.185439	0.914962	-0.155713	0.946462	0	0.933565
123	g	-43	21	118	-0.278212	0.32293	0.330615	0.539437	0	0.426246
124	g	-31	21	147	0	0	1.20681	1.20681	0	-nan
125	g	-31	21	148	0	0	-0.914551	0.914551	0	-0
126	g	-33	21	124	-0.438083	-0.00618008	1.11017	1.1935	0	0.438127
127	g	-33	21	124	0.438083	0.00618008	-0.817912	0.927866	0	0.438127
128	g	-31	21	151	0	0	1.13301	1.13301	0	-nan
129	g	-31	21	152	0	0	-0.0855432	0.0855432	0	-0
130	g	-33	21	128	0.246737	0.12673	0.247089	0.371473	0	0.27738
131	g	-33	21	128	-0.246737	-0.12673	0.800377	0.847079	0	0.27738
132	g	-61	21	98	0.642087	0.0548098	-0.124985	0.656431	0	0.644422
133	g	-61	21	99	0.269825	0.320137	-4.21744	4.23817	0	0.41868
134	g	-62	21	108	0.812418	0.379746	-1.93208	2.13006	0	0.896788
135	g	-62	21	110	0.563382	0.421815	-1.03434	1.25107	0	0.703794
136	g	-62	21	109	-0.463887	-0.426614	-1.37601	1.51347	0	0.63023
137	u	-61	2	98	0.483427	0.582045	1.72169	1.88061	0	0.756623
138	u	-61	2	99	0.0865193	0.0221246	-1.3819	1.38478	0	0.0893033
139	u	-62	2	120	0.228086	-0.206026	-0.227313	0.505016	0.33	0.406037
140	u	-62	2	121	0.53166	-0.715533	0.530355	1.0885	0.33	0.935457
141	g	-62	21	122	-0.0382128	1.05682	-0.269967	1.09142	0	1.05751
142	g	-62	21	123	-0.151587	0.468912	0.30671	0.580455	0	0.492805
143	g	-61	21	98	-0.900071	-0.772633	0.513545	1.2926	0	1.18621
144	g	-61	21	99	0.357198	-0.251559	-0.219905	0.489112	0	0.436889
145	g	-62	21	116	-0.897768	-0.644874	-0.127886	1.11275	0	1.10537
146	g	-62	21	117	0.354894	-0.379318	0.421527	0.668967	0	0.519454
147	g	-61	21	98	0.940085	0.113318	0.538797	1.08945	0	0.94689
148	g	-61	21	99	-1.00977	0.152912	-0.244038	1.05003	0	1.02128
149	g	-62	21	126	0.687397	0.106829	0.91392	1.14855	0	0.695649
150	g	-62	21	127	-0.757082	0.159401	-0.619161	0.99093	0	0.77368
151	g	-61	21	98	-0.0329624	-0.358574	0.786301	0.86483	0	0.360085
152	g	-61	21	99	-0.103606	0.243866	0.30329	0.402727	0	0.264962
153	g	-62	21	130	0.167283	0.150557	0.546832	0.591334	0	0.225057
154	g	-62	21	131	-0.303851	-0.265265	0.542759	0.676223	0	0.403349
155	dd_1	-63	1103	98	-1.15309	0.751665	3.99232	4.26249	0.57933	1.38934
156	ud_0	-63	2101	99	0.399833	-0.48748	-1.75942	1.9567	0.57933	0.660073
157	n0	-13	2112	2	0	0	-9.75498	9.8	0.93827	-0
158	p_diffr+	-15	9902210	157	0.0205226	-0.370631	-9.66323	9.83206	1.77583	0.377406
159	d	-24	1	158	0.0240007	-0.432826	-0.851731	1.00048	0.295972	0.453803
160	ud_1	-63	2103	158	-0.00347814	0.0621953	-8.8115	8.83158	0.591945	0.0624329
161	p+	-13	2212	1	0	0	9.75498	9.8	0.93827	-nan
162	n0	-13	2112	2	0	0	-9.75498	9.8	0.93827	-0
163	d	-21	1	183	0	0	1.34168	1.34168	0	-nan
164	d	-21	1	184	0	0	-1.09761	1.09761	0	-0
165	d	-23	1	163	-1.02229	0.182573	0.658904	1.27337	0.33	1.0752
166	d	-23	1	163	1.02229	-0.182573	-0.414834	1.16593	0.33	1.08274
167	u	-31	2	187	0	0	6.07985	6.07985	0	-nan
168	g	-31	21	188	0	0	-0.186881	0.186881	0	-0
169	u	-33	2	167	-0.203052	0.5159	5.60495	5.64196	0.33	0.555372
170	g	-33	21	167	0.203052	-0.5159	0.288022	0.624772	0	0.554421
171	u	-31	2	191	0	0	0.49442	0.49442	0	-nan
172	g	-31	21	192	0	0	-2.40824	2.40824	0	-0
173	u	-33	2	171	-0.133595	-0.501216	0.260222	0.667593	0.33	0.596715
174	g	-33	21	171	0.133595	0.501216	-2.17405	2.23507	0	0.518715
175	dbar	-31	-1	195	0	0	0.155873	0.155873	0	-nan
176	g	-31	21	196	0	0	-1.50329	1.50329	0	-0
177	dbar	-33	-1	175	-0.167748	-0.154151	-0.131388	0.421977	0.33	0.365543
178	g	-33	21	175	0.167748	0.154151	-1.21603	1.23719	0	0.22782
179	g	-31	21	199	0	0	0.759919	0.759919	0	-nan
180	g	-31	21	200	0	0	-0.246179	0.246179	0	-0
181	g	-33	21	179	-0.21249	0.0325188	0.693391	0.725948	0	0.214964
182	g	-33	21	179	0.21249	-0.0325188	-0.179651	0.28015	0	0.214964
183	d	-61	1	161	-0.472067	0.500295	1.12211	1.31616	0	0.687853
184	d	-61	1	162	0.937089	0.489626	-0.854407	1.35937	0	1.05729
185	d	-62	1	165	-0.924506	0.647898	-0.0324049	1.17662	0.33	1.17613
186	d	-62	1	166	1.38953	0.342023	0.300112	1.49891	0.33	1.467
187	u	-61	2	161	-0.0726785	0.357108	5.36076	5.37313	0	0.364429
188	g	-61	21	162	0.589101	-0.586313	0.735661	1.10996	0	0.831145
189	u	-62	2	169	-0.191025	0.719254	3.94145	4.02464	0.33	0.746703
190	g	-62	21	170	0.707448	-0.948458	2.15497	2.45845	0	1.18324
191	u	-61	2	161	-0.133049	-0.631558	0.148247	0.662227	0	0.64542
192	g	-61	21	162	-0.200421	0.910869	-2.09972	2.29753	0	0.932658
193	u	-62	2	173	-0.289662	-0.873659	-0.478232	1.08848	0.33	0.965886
194	g	-62	21	174	-0.0438076	1.15297	-1.47324	1.87128	0	1.1538
195	dbar	-61	-1	161	-0.158942	0.144455	0.0113236	0.215077	0	0.214778
196	g	-61	21	162	-0.378036	-0.692604	-1.73064	1.90204	0	0.789058
197	dbar	-62	-1	177	-0.395592	-0.132119	-0.257905	0.591069	0.33	0.502718
198	g	-62	21	178	-0.141387	-0.41603	-1.46142	1.52604	0	0.439399
199	g	-61	21	161	0.176744	0.104201	0.761168	0.788335	0	0.205174
200	g	-61	21	162	-0.0512764	0.135327	-0.222914	0.265769	0	0.144716
201	g	-62	21	181	-0.044328	0.13714	0.750172	0.763892	0	0.144126
202	g	-62	21	182	0.169796	0.102388	-0.211919	0.290213	0	0.198277
203	d	-63	1	161	0.659992	-0.474501	-0.0190762	0.877499	0.33	0.877258
204	ud_1	-63	2103	162	-0.896457	-0.256905	-3.21251	3.4329	0.77133	0.957012
205	p+	-13	2212	1	0	0	9.75498	9.8	0.93827	-nan
206	n0	-13	2112	2	0	0	-9.75498	9.8	0.93827	-0
207	u	-21	2	222	0	0	0.487455	0.487455	0	-nan
208	u	-21	2	217	0	0	-4.77011	4.77011	0	-0
209	u	-23	2	207	1.26184	-0.0991031	-0.7902	1.52819	0.33	1.29631
210	u	-23	2	207	-1.26184	0.0991031	-3.49246	3.72937	0.33	1.27071
211	g	-31	21	227	0	0	2.98424	2.98424	0	-nan
212	g	-31	21	228	0	0	-0.277228	0.277228	0	-0
213	g	-33	21	211	-0.671771	0.377508	2.2199	2.34984	0	0.770577
214	g	-33	21	211	0.671771	-0.377508	0.48711	0.911627	0	0.770577
215	u	-51	2	209	0.910607	-0.606877	-1.00284	1.52055	0.33	1.12102
216	g	-51	21	209	0.351233	0.507774	-0.75514	0.975415	0	0.617413
217	u	-53	2	223	-8.48519e-16	2.95823e-31	-5.73789	5.73789	0	-8.48519e-16
218	d	-31	1	231	0	0	1.02786	1.02786	0	-nan
219	g	-31	21	232	0	0	-0.207546	0.207546	0	-0
220	d	-33	1	218	-0.332891	-0.0375283	0.163072	0.497712	0.33	0.447508
221	g	-33	21	218	0.332891	0.0375283	0.657237	0.737689	0	0.335
222	u	-61	2	205	-0.11835	-0.477953	0.361317	0.610734	0	0.492388
223	u	-61	2	206	0.443652	0.00106353	-5.68937	5.70664	0	0.443653
224	u	-62	2	215	0.954162	-0.868237	-1.20487	1.79579	0.33	1.31241
225	u	-62	2	210	-1.00187	-0.00549976	-3.65243	3.8017	0.33	1.00568
226	g	-62	21	216	0.373007	0.396848	-0.470753	0.719882	0	0.54463
227	g	-61	21	205	1.18101	-0.0819195	3.02688	3.25015	0	1.18384
228	g	-61	21	206	-0.270408	0.324476	0.0217796	0.422941	0	0.42238
229	g	-62	21	213	0.406132	0.3387	3.11113	3.15576	0	0.528829
230	g	-62	21	214	0.504466	-0.0961435	-0.062476	0.517333	0	0.513546
231	d	-61	1	205	-1.1765	0.0426591	1.1486	1.64477	0	1.17727
232	g	-61	21	206	-0.0817038	-0.40866	0.275105	0.499361	0	0.416748
233	d	-62	1	220	-0.701925	-0.453917	0.417274	0.990837	0.33	0.886519
234	g	-62	21	221	-0.556279	0.0879158	1.00643	1.15329	0	0.563183
235	u	-63	2	205	0.113845	0.517213	4.09039	4.13772	0.33	0.531287
236	dd_1	-63	1103	206	-0.562514	-0.239073	-3.01879	3.17516	0.77133	0.630085
237	p+	-13	2212	1	0	0	9.75498	9.8	0.93827	-nan
238	p_diffr+	-15	9902210	237	0.470974	0.322194	9.53907	9.95253	2.78089	0.594307
239	g	-24	21	238	0.422099	0.288754	0.227947	0.559917	0	0.511416
240	u	-63	2	238	0.0430276	-0.276214	1.96103	2.00734	0.325	0.283283
241	ud_0	-63	2101	238	0.00584729	0.309654	7.35009	7.38528	0.65	0.310915
242	p+	-13	2212	1	0	0	9.75498	9.8	0.93827	-nan
243	n0	-13	2112	2	0	0	-9.75498	9.8	0.93827	-0
244	g	-21	21	248	0	0	0.688436	0.688436	0	-nan
245	g	-21	21	249	0	0	-2.057	2.057	0	-0
246	g	-23	21	244	-0.0340226	-1.1213	-1.14229	1.60103	0	1.12182
247	g	-23	21	244	0.0340226	1.1213	-0.22628	1.14441	0	1.12182
248	g	-41	21	265	1.11022e-16	1.11022e-16	2.84116	2.84116	0	1.57009e-16
249	g	-42	21	266	5.55112e-17	-8.32667e-17	-2.057	2.057	0	-1.00074e-16
250	g	-44	21	246	-0.156478	-1.22668	-1.33654	1.82087	0	1.23662
251	g	-44	21	247	-0.211061	0.9104	0.0341714	0.93517	0	0.934545
252	g	-43	21	248	0.36754	0.316278	2.08653	2.14213	0	0.484889
253	g	-31	21	270	0	0	0.64943	0.64943	0	-nan
254	g	-31	21	271	0	0	-0.221384	0.221384	0	-0
255	g	-33	21	253	0.356558	-0.114857	0.146599	0.402265	0	0.3746
256	g	-33	21	253	-0.356558	0.114857	0.281447	0.468549	0	0.3746
257	g	-31	21	274	0	0	0.849493	0.849493	0	-nan
258	u	-31	2	275	0	0	-1.81851	1.81851	0	-0
259	g	-33	21	257	-0.338523	0.12221	0.776298	0.85567	0	0.359907
260	u	-33	2	257	0.338523	-0.12221	-1.74531	1.81233	0.33	0.366026
261	g	-31	21	278	0	0	0.133824	0.133824	0	-nan
262	u	-31	2	279	0	0	-3.2442	3.2442	0	-0
263	g	-33	21	261	0.153096	-0.124198	0.0426109	0.201691	0	0.197139
264	u	-33	2	261	-0.153096	0.124198	-3.15299	3.17634	0.33	0.198211
265	g	-61	21	242	0.498819	-0.703253	2.81384	2.94297	0	0.862198
266	g	-61	21	243	-0.219214	-1.31092	-1.96316	2.37077	0	1.32912
267	g	-62	21	250	-0.252426	-2.3829	-1.01649	2.60292	0	2.39623
268	g	-62	21	251	-0.192915	0.576199	-0.0892061	0.614149	0	0.607636
269	g	-62	21	252	0.724946	-0.207467	1.95639	2.09667	0	0.754049
270	g	-61	21	242	0.536153	0.910085	0.858261	1.361	0	1.05627
271	g	-61	21	243	-0.0786393	0.0676196	-0.113638	0.153851	0	0.103714
272	g	-62	21	255	0.479101	0.227958	0.132865	0.546951	0	0.530568
273	g	-62	21	256	-0.0215874	0.749748	0.611758	0.967902	0	0.750058
274	g	-61	21	242	0.234467	-1.06597	0.359546	1.14915	0	1.09145
275	u	-61	2	243	-1.36297	-0.118105	-1.51953	2.04465	0	1.36808
276	g	-62	21	259	-0.0531435	-0.966244	0.566797	1.12148	0	0.967705
277	u	-62	2	260	-1.07536	-0.21783	-1.72678	2.07232	0.33	1.11138
278	g	-61	21	242	0.0627882	-0.14441	0.0649768	0.170348	0	0.157469
279	u	-61	2	243	0.705928	0.244594	-3.67363	3.74883	0	0.747101
280	g	-62	21	263	0.246916	-0.245567	-0.133884	0.373089	0	0.348239
281	d	-62	1	264	0.5218	0.345751	-3.47477	3.54608	0.33	0.628683
282	ud_1	-63	2103	242	-0.825928	0.320591	2.36552	2.64113	0.77133	0.92635
283	u	-63	2	242	-0.506299	0.682956	1.15518	1.47177	0.33	0.872369
284	d	-63	1	243	0.954895	1.11681	-0.347377	1.54553	0.33	1.50407
285	p+	-13	2212	1	0	0	9.75498	9.8	0.93827	-nan
286	p+	-13	2212	2	0	0	-9.75498	9.8	0.93827	-0
287	g	-21	21	295	0	0	2.68951	2.68951	0	-nan
288	u	-21	2	296	0	0	-1.11595	1.11595	0	-0
289	g	-23	21	287	-0.383444	-0.0318509	2.61715	2.64528	0	0.384765
290	u	-23	2	287	0.383444	0.0318509	-1.04358	1.16018	0.33	0.401343
291	g	-31	21	299	0	0	0.778077	0.778077	0	-nan
292	u	-31	2	300	0	0	-0.164207	0.164207	0	-0
293	g	-33	21	291	0.154417	-0.0901809	0.527711	0.557186	0	0.178822
294	u	-33	2	291	-0.154417	0.0901809	0.0861596	0.385098	0.33	0.346928
295	g	-61	21	285	-0.412016	-0.0508223	2.71083	2.74243	0	0.415139
296	u	-61	2	286	-0.481421	-0.115623	-1.08404	1.19175	0	0.495111
297	g	-62	21	289	-0.80526	-0.0851681	2.69276	2.81188	0	0.809751
298	u	-62	2	290	-0.0881777	-0.0812777	-1.06597	1.12231	0.33	0.125469
299	g	-61	21	285	0.100093	0.0469216	0.73293	0.74122	0	0.110545
300	u	-61	2	286	-0.138702	0.199826	-0.0826759	0.256912	0	0.243246
301	g	-62	21	293	0.198987	-0.0416109	0.380312	0.431236	0	0.203291
302	u	-62	2	294	-0.237595	0.288359	0.269941	0.566896	0.33	0.459515
303	uu_1	-63	2203	285	0.337907	-0.0473943	3.22017	3.32879	0.77133	0.350761
304	d	-63	1	285	-0.0259835	0.051295	2.84378	2.86344	0.33	0.0578863
305	ud_0	-63	2101	286	0.266961	-0.298247	-6.9797	7.01513	0.57933	0.401646
306	ubar	-63	-2	286	0.353162	0.214044	-1.36129	1.46032	0.33	0.423929
307	p+	-13	2212	1	0	0	9.75498	9.8	0.93827	-nan
308	p+	-13	2212	2	0	0	-9.75498	9.8	0.93827	-0
309	p_diffr+	-15	9902210	307	-0.0177659	0.205168	9.67587	9.87656	1.9702	0.210159
310	p+	14	2212	308	0.0177659	-0.205168	-9.67587	9.72344	0.93827	0.186936
311	g	-24	21	309	-0.0162638	0.18782	0.0526452	0.195736	0	0.188523
312	d	-63	1	309	0.18809	-0.0182503	3.28423	3.30567	0.325	0.189893
313	uu_1	-63	2203	309	-0.189592	0.0355977	6.339	6.37515	0.65	0.193915
314	p+	-13	2212	1	0	0	9.75498	9.8	0.93827	-nan
315	p+	-13	2212	2	0	0	-9.75498	9.8	0.93827	-0
316	p+	14	2212	314	0.503692	-0.104022	9.66455	9.7236	0.93827	0.466871
317	p_diffr+	-15	9902210	315	-0.503692	0.104022	-9.66455	9.8764	1.96856	0.524852
318	u	-24	2	317	-0.549748	0.113534	-1.02956	1.21685	0.325	0.58251
319	ud_1	-63	2103	317	0.0460566	-0.0095116	-8.63499	8.65955	0.65	0.0471616
320	NucRem	14	1000711839	1	0	0	1785.15	1793.4	171.849	-nan
321	NucRem	14	1000741869	2	-7.10543e-15	3.83721e-15	-1814.41	1822.8	174.664	-1.52696e-05
322	g	-73	21	32	0.595948	0.633808	-0.125212	0.972592	0.416403	0.962673
323	g	-73	21	194	0.125988	1.25536	-1.68516	2.16149	0.490409	1.29545
324	g	-73	21	149	0.85468	0.257386	1.46075	1.73989	0.310951	0.9072
325	d	-73	1	304	0.173003	0.00968411	3.22409	3.29467	0.655819	0.176812
326	u	-71	2	139	0.228086	-0.206026	-0.227313	0.505016	0.33	0.406037
327	ud_0	-71	2101	156	0.399833	-0.48748	-1.75942	1.9567	0.57933	0.660073
328	p+	82	2212	326	0.427221	-0.598574	-1.67469	2.05566	0.93827	0.449266
329	pi0	-82	111	326	0.200698	-0.0949326	-0.31204	0.406055	0.13498	0.235404
330	u	-71	2	193	-0.289662	-0.873659	-0.478232	1.08848	0.33	0.965886
331	dbar	-71	-1	197	-0.395592	-0.132119	-0.257905	0.591069	0.33	0.502718
332	pi0	-82	111	330	0.0365278	-0.113458	-0.0424156	0.185002	0.13498	0.174295
333	rho+	-82	213	330	-0.721782	-0.89232	-0.693721	1.49455	0.659713	1.27905
334	p+	82	2212	54	0.510905	-0.589042	5.21246	5.35332	0.93827	0.653187
335	pi0	-82	111	54	-0.136316	0.0288305	4.30641	4.31077	0.13498	0.1394
336	rho0	-82	113	159	0.248936	-0.0495968	-3.80043	3.88139	0.746659	0.25866
337	n0	82	2112	159	-0.228414	-0.321034	-5.8628	5.95067	0.93957	0.336005
338	Delta++	-82	2224	318	-0.334115	0.38204	-4.17878	4.3792	1.20732	0.527993
339	pi-	82	-211	318	-0.169577	-0.278018	-5.48577	5.4972	0.13957	0.325758
340	d	-71	1	312	0.18809	-0.0182503	3.28423	3.30567	0.325	0.189893
341	g	-71	21	311	-0.0162638	0.18782	0.0526452	0.195736	0	0.188523
342	uu_1	-71	2203	313	-0.189592	0.0355977	6.339	6.37515	0.65	0.193915
343	rho0	-82	113	340	0.270722	0.295168	4.32563	4.43628	0.899477	0.409014
344	p+	82	2212	340	-0.288488	-0.0900004	5.35024	5.44029	0.93827	0.253886
345	u	-71	2	31	0.0921609	0.0179728	0.319434	0.46878	0.33	0.132204
346	dd_1	-71	1103	39	-0.371762	1.29245	-1.93759	2.48149	0.77133	1.41494
347	pi+	83	211	345	0.437967	-0.123866	-0.243722	0.534825	0.13957	0.471483
348	Delta-	-84	1114	345	-0.717568	1.43428	-1.37443	2.41545	1.17186	1.83408
349	p+	83	2212	50	0.409264	-0.0809599	7.14073	7.21419	0.93827	0.366044
350	rho-	-84	-213	50	-0.0828012	-0.313353	2.4191	2.58848	0.86204	0.34373
351	d	-71	1	91	-0.629741	0.112661	0.756305	1.04411	0.33	0.674304
352	uu_1	-71	2203	93	0.490929	0.499294	-0.775028	1.29843	0.77133	0.870453
353	Delta+	-83	2214	351	0.047855	0.465493	-0.0875934	1.56257	1.48828	1.53589
354	rho0	-84	113	351	-0.186667	0.146461	0.0688695	0.77997	0.739807	0.749053
355	pi+	83	211	42	0.243711	0.0018758	0.0482064	0.28496	0.13957	0.279544
356	Delta-	-84	1114	42	0.230841	-0.327229	9.5112	9.59868	1.22942	0.403784
357	pi-	83	-211	96	-0.192865	0.197295	-1.59901	1.62863	0.13957	0.276922
358	p+	83	2212	96	0.120015	0.185368	-1.33105	1.64341	0.93827	0.115409
359	pi0	-84	111	96	-0.111173	-0.0467251	-6.57072	6.57322	0.13498	0.120619
360	u	-71	2	240	0.0430276	-0.276214	1.96103	2.00734	0.325	0.283283
361	g	-71	21	239	0.422099	0.288754	0.227947	0.559917	0	0.511416
362	ud_0	-71	2101	241	0.00584729	0.309654	7.35009	7.38528	0.65	0.310915
363	pi0	-83	111	360	0.473741	-0.26879	0.279705	0.627003	0.13498	0.55776
364	p+	84	2212	360	-0.00276705	0.590983	9.25937	9.32553	0.93827	0.534239
365	d	-71	1	233	-0.701925	-0.453917	0.417274	0.990837	0.33	0.886519
366	dd_1	-71	1103	236	-0.562514	-0.239073	-3.01879	3.17516	0.77133	0.630085
367	rho0	-83	113	365	-0.468797	-0.319272	-0.474587	1.02196	0.705314	0.783781
368	n0	83	2112	365	-0.291696	-0.573483	-0.472484	1.23288	0.93957	0.236415
369	rho-	-84	-213	365	-0.503947	0.199766	-1.65445	1.91115	0.78831	0.595078
370	u	-71	2	298	-0.0881777	-0.0812777	-1.06597	1.12231	0.33	0.125469
371	uu_1	-71	2203	303	0.337907	-0.0473943	3.22017	3.32879	0.77133	0.350761
372	pi+	83	211	370	-0.314084	0.10959	-0.244535	0.435816	0.13957	0.351148
373	pi-	83	-211	370	0.0531115	0.0814231	-0.0221928	0.171531	0.13957	0.167229
374	Sigma+	83	3222	370	0.025542	-0.0854254	-0.121041	1.19883	1.18937	0.711013
375	K+	84	321	370	0.48516	-0.23426	2.54197	2.64492	0.49368	0.548393
376	u	-71	2	277	-1.07536	-0.21783	-1.72678	2.07232	0.33	1.11138
377	ud_1	-71	2103	282	-0.825928	0.320591	2.36552	2.64113	0.77133	0.92635
378	pi+	83	211	376	-0.593786	-0.203089	-0.222558	0.680322	0.13957	0.641194
379	pi0	-83	111	376	0.421706	0.378136	-0.326791	0.667709	0.13498	0.578353
380	n0	83	2112	376	-1.38204	-0.531294	-0.286422	1.77684	0.93957	0.822028
381	pi0	-84	111	376	-0.347163	0.459008	1.47451	1.58859	0.13498	0.577598
382	d	-71	1	81	-0.485383	0.29401	-2.46943	2.55519	0.33	0.572277
383	ud_0	-71	2101	90	0.00171983	-0.545403	1.70362	1.88027	0.57933	0.573296
384	pi0	-83	111	382	-0.0695197	0.157134	-0.589985	0.629147	0.13498	0.175922
385	K0	-83	311	382	-0.226178	-0.231071	-0.651306	0.881116	0.49761	0.391806
386	Kbar0	-84	-311	382	0.231384	-0.0675689	0.864606	1.02629	0.49761	0.275613
387	Delta+	-84	2214	382	-0.363586	-0.137808	-0.631037	1.61274	1.43232	0.846015
388	pi-	84	-211	382	-0.0557641	0.0279207	0.241921	0.286172	0.13957	0.0714355
389	u	-71	2	302	-0.237595	0.288359	0.269941	0.566896	0.33	0.459515
390	g	-71	21	297	-0.80526	-0.0851681	2.69276	2.81188	0	0.809751
391	ubar	-71	-2	306	0.353162	0.214044	-1.36129	1.46032	0.33	0.423929
392	omega	-83	223	389	0.0287308	-0.136283	0.411047	0.931502	0.82422	0.298934
393	omega	-84	223	389	-1.09859	0.682022	1.60827	2.20916	0.788542	1.38427
394	rho+	-84	213	389	0.0434129	-0.629408	-0.0552739	0.980598	0.74865	0.976856
395	pi-	84	-211	389	0.336755	0.500905	-0.362627	0.717835	0.13957	0.615323
396	u	-71	2	189	-0.191025	0.719254	3.94145	4.02464	0.33	0.746703
397	ud_1	-71	2103	204	-0.896457	-0.256905	-3.21251	3.4329	0.77133	0.957012
398	pi0	-83	111	396	0.350677	0.252162	1.64058	1.70184	0.13498	0.433291
399	Delta++	-83	2224	396	-0.460577	0.266463	0.811636	1.55124	1.21015	0.850501
400	pbar-	83	-2212	396	-0.336345	-0.280865	-0.50917	1.15396	0.93827	1.36476
401	pi0	-84	111	396	-0.231123	-0.0438098	0.146315	0.308164	0.13498	0.261677
402	pi-	84	-211	396	0.0356512	0.121559	0.108059	0.217265	0.13957	0.165297
403	Delta++	-84	2224	396	-0.247792	0.455505	-0.837084	1.48825	1.11592	0.783724
404	rho-	-84	-213	396	-0.197972	-0.308666	-0.631396	1.03683	0.73613	0.520715
405	omega	-83	223	46	-0.714695	0.244589	-0.574915	1.2678	0.840344	1.00885
406	pi+	83	211	46	0.471663	-0.100315	-0.0704306	0.506921	0.13957	0.501599
407	pi0	-84	111	46	-0.737794	-0.202821	2.25785	2.3878	0.13498	0.766389
408	Delta-	-84	1114	46	0.314749	-0.271622	2.39536	2.73324	1.24899	0.467401
409	eta	-84	221	46	0.0407576	0.122923	4.2685	4.30546	0.54785	0.130565
410	d	-71	1	325	0.173003	0.00968411	3.22409	3.29467	0.655819	0.176812
411	ud_0	-71	2101	305	0.266961	-0.298247	-6.9797	7.01513	0.57933	0.401646
412	rho-	-83	-213	410	0.251117	0.0319295	1.20575	1.50216	0.859403	0.30864
413	pi+	83	211	410	-0.13381	-0.0536331	0.01475	0.201194	0.13957	0.200149
414	pi0	-83	111	410	0.0682649	0.196835	1.30792	1.33127	0.13498	0.209416
415	pi-	84	-211	410	0.307147	-0.119597	-0.345469	0.497465	0.13957	0.343402
416	pi+	84	211	410	-0.405076	0.150245	-1.04828	1.14238	0.13957	0.435303
417	pi-	84	-211	410	0.0520083	-0.288127	-0.166188	0.364446	0.13957	0.316947
418	pi+	84	211	410	0.164607	0.0662493	-0.185768	0.29236	0.13957	0.201936
419	rho-	-84	-213	410	-0.124319	0.268212	-2.23053	2.41606	0.88017	0.317437
420	p+	84	2212	410	0.260025	-0.540678	-2.3078	2.56247	0.93827	0.408656
421	g	-71	21	201	-0.044328	0.13714	0.750172	0.763892	0	0.144126
422	g	-71	21	190	0.707448	-0.948458	2.15497	2.45845	0	1.18324
423	d	-71	1	186	1.38953	0.342023	0.300112	1.49891	0.33	1.467
424	d	-71	1	203	0.659992	-0.474501	-0.0190762	0.877499	0.33	0.877258
425	g	-71	21	323	0.125988	1.25536	-1.68516	2.16149	0.490409	1.29545
426	g	-71	21	198	-0.141387	-0.41603	-1.46142	1.52604	0	0.439399
427	d	-71	1	185	-0.924506	0.647898	-0.0324049	1.17662	0.33	1.17613
428	pi0	-86	111	421	0.253655	-0.0187979	-0.0462628	0.29164	0.13498	0.286932
429	n0	86	2112	421	1.53383	-0.39664	1.40256	2.31515	0.93957	1.02995
430	pbar-	86	-2212	421	0.427173	0.238313	0.060196	1.05983	0.93827	1.98314
431	pi0	-83	111	421	-0.158576	-0.0333058	-0.0509997	0.21697	0.13498	0.206961
432	pi-	83	-211	421	0.00772931	-0.200719	-0.00514715	0.244651	0.13957	0.24457
433	rho+	-83	213	421	-0.721194	1.14012	-1.1877	2.15999	1.19788	1.62123
434	pi-	83	-211	421	-0.0752276	0.329316	-1.42166	1.46789	0.13957	0.339337
435	pi+	84	211	421	0.569003	-0.406624	0.216187	0.7452	0.13957	0.71196
436	Delta-	-88	1114	421	-0.175572	-0.364586	0.97168	1.6416	1.25973	0.631106
437	pi+	84	211	421	0.11192	0.256349	0.0683397	0.319986	0.13957	0.310843
438	u	-71	2	80	0.329225	0.408927	-0.924502	1.1132	0.33	0.549695
439	g	-71	21	76	-0.449621	-1.15566	-0.178522	1.25283	0	1.24004
440	g	-71	21	84	-0.81089	-0.20536	-1.47011	1.69143	0	0.83649
441	g	-71	21	88	0.0267063	-0.213071	-1.00084	1.02362	0	0.214738
442	g	-71	21	85	1.29232	-0.345214	0.83793	1.57841	0	1.33763
443	g	-71	21	77	0.399691	0.433322	1.40176	1.52067	0	0.589509
444	g	-71	21	89	-0.163371	0.848833	3.10236	3.22054	0	0.864412
445	ubar	-71	-2	92	0.182444	-0.46828	-1.23775	1.37605	0.33	0.517672
446	pi0	-83	111	438	-0.487147	-0.106884	-0.734551	0.898065	0.13498	0.504465
447	pi+	83	211	438	0.311232	-0.323038	0.0341614	0.471026	0.13957	0.469666
448	eta	-83	221	438	-0.165198	0.0490618	-1.0432	1.19084	0.54785	0.194088
449	eta	-83	221	438	-0.200851	0.032158	-0.42406	0.72204	0.54785	0.312274
450	rho-	-83	-213	438	0.639118	-1.08509	-0.659356	1.61644	0.769573	1.43203
451	pi+	83	211	438	-0.334003	0.170475	0.160715	0.431195	0.13957	0.396329
452	eta	-83	221	438	-0.296946	0.522333	0.876118	1.19529	0.54785	0.676029
453	eta	-84	221	438	0.668719	0.0539923	-0.00105067	0.866165	0.54785	0.866164
454	pi0	-84	111	438	-0.0618057	-0.335612	0.797629	0.878002	0.13498	0.345361
455	pi0	-84	111	438	0.391918	0.387836	0.430666	0.712537	0.13498	0.561545
456	omega	-84	223	438	0.0523789	-0.114805	1.06814	1.3231	0.770552	0.155231
457	pi-	84	-211	438	0.126113	0.0543803	0.119088	0.22918	0.13957	0.17315
458	pi0	-84	111	438	0.177725	-0.244097	0.00210304	0.330747	0.13498	0.330739
459	rho+	-84	213	438	0.256816	0.198345	0.199168	0.987725	0.911393	0.841805
460	rho-	-84	-213	438	-0.271572	0.0444417	-0.295246	0.924379	0.831612	0.630257
461	g	-71	21	267	-0.252426	-2.3829	-1.01649	2.60292	0	2.39623
462	g	-71	21	280	0.246916	-0.245567	-0.133884	0.373089	0	0.348239
463	g	-71	21	276	-0.0531435	-0.966244	0.566797	1.12148	0	0.967705
464	d	-71	1	281	0.5218	0.345751	-3.47477	3.54608	0.33	0.628683
465	g	-71	21	269	0.724946	-0.207467	1.95639	2.09667	0	0.754049
466	g	-71	21	272	0.479101	0.227958	0.132865	0.546951	0	0.530568
467	g	-71	21	273	-0.0215874	0.749748	0.611758	0.967902	0	0.750058
468	g	-71	21	268	-0.192915	0.576199	-0.0892061	0.614149	0	0.607636
469	u	-71	2	283	-0.506299	0.682956	1.15518	1.47177	0.33	0.872369
470	d	-71	1	284	0.954895	1.11681	-0.347377	1.54553	0.33	1.50407
471	pi-	85	-211	461	0.177634	0.449252	0.1592	0.527452	0.13957	0.500952
472	rho+	-85	213	461	0.230706	-0.0851725	0.231362	0.622589	0.523076	0.453459
473	eta	-86	221	461	-0.048474	0.791642	0.31976	1.01559	0.54785	0.941925
474	rho+	-86	213	461	0.328705	0.467553	1.86596	2.18195	0.975943	0.639019
475	pi0	-86	111	461	-0.143764	0.190026	0.318109	0.419751	0.13498	0.251648
476	rho-	-86	-213	461	-0.230817	0.2674	-0.428059	1.15006	1.00729	0.731993
477	pi-	83	-211	461	0.230623	0.511903	-2.02285	2.10396	0.13957	0.562694
478	pi+	83	211	461	0.360419	0.146198	-0.184618	0.452591	0.13957	0.408868
479	rho0	-83	113	461	-0.176806	-0.895243	-0.422861	1.24185	0.728463	1.12675
480	pi-	83	-211	461	-0.163973	-2.26258	-1.24206	2.59004	0.13957	2.27181
481	pi+	84	211	461	0.621587	-0.406413	0.916855	1.18813	0.13957	0.747836
482	n0	88	2112	461	0.715448	0.722671	-0.149539	1.39258	0.93957	0.448188
483	g	-71	21	28	-0.00266364	1.10505	2.48515	2.71976	0	1.10505
484	g	-71	21	322	0.595948	0.633808	-0.125212	0.972592	0.416403	0.962673
485	g	-71	21	24	1.35531	-1.46796	-2.13347	2.92292	0	1.99794
486	g	-71	21	35	0.124196	-0.00793395	-0.658999	0.670647	0	0.12445
487	u	-71	2	38	-0.58263	0.788281	-1.15287	1.54882	0.33	1.00326
488	g	-71	21	27	-0.223238	-0.399228	-0.312324	0.553863	0	0.457403
489	d	-71	1	23	-1.25077	-0.47915	4.46572	4.67392	0.33	1.34276
490	d	-71	1	37	-0.286838	0.00383465	1.15561	1.23556	0.33	0.297677
491	rho-	-86	-213	483	-1.05351	-0.168812	2.54568	2.91048	0.923042	1.12502
492	rho+	-86	213	483	-0.739714	0.0630277	1.96832	2.26347	0.835389	0.798789
493	omega	-83	223	483	-0.150031	0.0893446	-1.24617	1.50507	0.825717	0.208857
494	pi+	83	211	483	-0.0503287	0.588797	-0.49523	0.783548	0.13957	0.600548
495	eta	-83	221	483	0.467107	-0.575066	-1.14328	1.46837	0.54785	0.798533
496	rho-	-83	-213	483	0.453722	0.0541224	-0.344794	0.883481	0.672951	0.705233
497	eta	-83	221	483	0.751588	-0.231243	-0.185144	0.976103	0.54785	0.950123
498	pi+	83	211	483	-0.511905	-0.161108	0.397927	0.682516	0.13957	0.548244
499	Delta-	-88	1114	483	0.810346	0.0664971	0.424563	1.7207	1.45584	1.52527
500	eta'	-84	331	483	-0.247963	0.451146	1.80172	2.10436	0.957672	0.578137
501	g	-71	21	234	-0.556279	0.0879158	1.00643	1.15329	0	0.563183
502	g	-71	21	229	0.406132	0.3387	3.11113	3.15576	0	0.528829
503	u	-71	2	225	-1.00187	-0.00549976	-3.65243	3.8017	0.33	1.00568
504	g	-71	21	226	0.373007	0.396848	-0.470753	0.719882	0	0.54463
505	g	-71	21	230	0.504466	-0.0961435	-0.062476	0.517333	0	0.513546
506	u	-71	2	224	0.954162	-0.868237	-1.20487	1.79579	0.33	1.31241
507	u	-71	2	235	0.113845	0.517213	4.09039	4.13772	0.33	0.531287
508	pi+	85	211	501	0.164792	-0.0183572	0.136037	0.255889	0.13957	0.197829
509	eta	-85	221	501	0.262993	0.33977	0.793286	1.05549	0.54785	0.502678
510	eta	-85	221	501	-0.621134	-0.317718	0.634617	1.0907	0.54785	0.806844
511	pi0	-85	111	501	0.114558	0.2075	-0.00823227	0.272887	0.13498	0.272722
512	rho+	-86	213	501	0.348338	-0.017719	-0.629996	1.10336	0.835978	0.534423
513	rho-	-86	-213	501	1.03341	-0.55769	-0.101542	1.53643	0.985562	1.53071
514	rho0	-86	113	501	0.197943	0.187568	-0.0677222	0.830985	0.782039	0.806487
515	eta	-83	221	501	-0.93108	-0.0801158	-2.89788	3.09373	0.54785	0.949527
516	omega	-84	223	501	-0.378435	0.000598547	0.0193521	0.878816	0.792924	0.877669
517	Delta+	-88	2214	501	0.602078	0.626959	4.93951	5.16319	1.22646	0.894851
518	u	-71	2	140	0.53166	-0.715533	0.530355	1.0885	0.33	0.935457
519	g	-71	21	135	0.563382	0.421815	-1.03434	1.25107	0	0.703794
520	g	-71	21	141	-0.0382128	1.05682	-0.269967	1.09142	0	1.05751
521	g	-71	21	142	-0.151587	0.468912	0.30671	0.580455	0	0.492805
522	g	-71	21	324	0.85468	0.257386	1.46075	1.73989	0.310951	0.9072
523	g	-71	21	146	0.354894	-0.379318	0.421527	0.668967	0	0.519454
524	g	-71	21	154	-0.303851	-0.265265	0.542759	0.676223	0	0.403349
525	g	-71	21	145	-0.897768	-0.644874	-0.127886	1.11275	0	1.10537
526	g	-71	21	150	-0.757082	0.159401	-0.619161	0.99093	0	0.77368
527	g	-71	21	136	-0.463887	-0.426614	-1.37601	1.51347	0	0.63023
528	g	-71	21	134	0.812418	0.379746	-1.93208	2.13006	0	0.896788
529	dd_1	-71	1103	155	-1.15309	0.751665	3.99232	4.26249	0.57933	1.38934
530	pi0	-83	111	518	0.0208175	0.0129793	0.417513	0.439475	0.13498	0.0257782
531	rho+	-83	213	518	0.209744	-0.266294	-0.37317	0.80618	0.629098	0.54206
532	pi-	83	-211	518	0.382819	0.0280124	0.151577	0.435649	0.13957	0.4052
533	pi0	-83	111	518	0.514764	0.516504	-0.416632	0.850624	0.13498	0.738576
534	p+	83	2212	518	0.422987	0.333419	0.117939	1.08828	0.93827	0.146535
535	pbar-	83	-2212	518	0.19131	0.0891334	0.135685	0.971239	0.93827	1.60621
536	pi+	83	211	518	-0.078331	0.0464074	0.186262	0.249926	0.13957	0.109755
537	pi-	83	-211	518	-0.0871501	-0.10233	0.451891	0.491683	0.13957	0.140179
538	pi0	-83	111	518	-0.46989	0.466755	-0.138523	0.689975	0.13498	0.675361
539	omega	-83	223	518	-0.0713394	-0.064024	0.873497	1.17654	0.782338	0.128341
540	eta	-83	221	518	0.104276	0.0699904	-0.00724881	0.562107	0.54785	0.561173
541	K+	83	321	518	-0.783437	-0.799221	-0.132454	1.23036	0.49368	1.22183
542	K*-	-84	-323	518	-0.121555	-0.0762599	-1.35886	1.63127	0.891044	0.171311
543	K+	84	321	518	0.121805	-0.0428022	-0.828544	0.973074	0.49368	0.149819
544	K-	84	-321	518	0.0376527	-0.095649	-0.439262	0.668758	0.49368	0.152382
545	rho0	-84	113	518	-0.363854	0.0821657	0.433645	1.11438	0.956374	0.726709
546	p+	84	2212	518	-0.174885	0.975652	1.01471	1.70073	0.93827	0.532783
547	rho-	-84	-213	518	-0.504175	-0.1103	1.80695	2.02598	0.757096	0.55641
548	pi+	91	211	333	-0.135916	-0.525627	-0.530214	0.771599	0.13957	0.552022
549	pi0	-91	111	333	-0.585866	-0.366693	-0.163507	0.72295	0.13498	0.703531
550	pi+	91	211	336	0.401846	0.010371	-1.22199	1.29396	0.13957	0.404339
551	pi-	91	-211	336	-0.15291	-0.0599678	-2.57844	2.58743	0.13957	0.164488
552	p+	91	2212	338	-0.233511	0.344931	-2.67605	2.8662	0.93827	0.29652
553	pi+	91	211	338	-0.100604	0.0371094	-1.50273	1.513	0.13957	0.10769
554	pi+	91	211	343	0.0179018	0.567553	2.4069	2.47691	0.13957	0.568739
555	pi-	91	-211	343	0.252821	-0.272384	1.91873	1.95937	0.13957	0.37258
556	n0	91	2112	348	-0.678213	1.10766	-1.26398	2.0414	0.93957	0.789624
557	pi-	91	-211	348	-0.0393543	0.326626	-0.110452	0.37405	0.13957	0.354598
558	pi-	91	-211	350	0.0941793	-0.508288	0.955813	1.09557	0.13957	0.521186
559	pi0	-91	111	350	-0.176981	0.194935	1.46329	1.4929	0.13498	0.264373
560	p+	91	2212	353	-0.00507005	0.738079	-0.240906	1.21786	0.93827	0.265787
561	pi0	-91	111	353	0.0529251	-0.272586	0.153313	0.344715	0.13498	0.301773
562	pi+	91	211	354	-0.147692	0.393934	-0.0897432	0.452251	0.13957	0.4423
563	pi-	91	-211	354	-0.0389744	-0.247473	0.158613	0.327719	0.13957	0.276889
564	n0	91	2112	356	0.209878	-0.291421	9.20316	9.25797	0.93957	0.324359
565	pi-	91	-211	356	0.0209623	-0.0358079	0.308032	0.340713	0.13957	0.0454839
566	pi+	91	211	367	-0.478422	-0.214518	-0.0290266	0.543349	0.13957	0.542519
567	pi-	91	-211	367	0.00962581	-0.104754	-0.445561	0.478613	0.13957	0.109975
568	pi-	91	-211	369	-0.327271	0.417186	-0.604502	0.816121	0.13957	0.538164
569	pi0	-91	111	369	-0.176676	-0.217421	-1.04994	1.09503	0.13498	0.282307
570	K_S0	91	310	385	-0.226178	-0.231071	-0.651306	0.881116	0.49761	0.391806
571	K_S0	91	310	386	0.231384	-0.0675689	0.864606	1.02629	0.49761	0.275613
572	p+	91	2212	387	-0.116337	0.273946	-0.445556	1.08049	0.93827	0.0789955
573	pi0	-91	111	387	-0.247248	-0.411754	-0.185482	0.532256	0.13498	0.496516
574	pi+	91	211	394	-0.295538	-0.164181	0.0792967	0.374254	0.13957	0.364366
575	pi0	-91	111	394	0.338951	-0.465227	-0.134571	0.606344	0.13498	0.590423
576	p+	91	2212	399	-0.446676	0.413477	0.673508	1.30554	0.93827	0.246256
577	pi+	91	211	399	-0.0139008	-0.147014	0.138128	0.245694	0.13957	0.179432
578	p+	91	2212	403	-0.287988	0.457821	-0.766069	1.32656	0.93827	0.223949
579	pi+	91	211	403	0.0401963	-0.00231666	-0.0710149	0.161691	0.13957	0.0797476
580	pi-	91	-211	404	-0.104254	-0.374544	-0.0348223	0.414542	0.13957	0.412889
581	pi0	-91	111	404	-0.0937173	0.0658779	-0.596574	0.622289	0.13498	0.117349
582	n0	91	2112	408	0.354633	-0.383885	1.6789	1.99365	0.93957	0.313293
583	pi-	91	-211	408	-0.0398838	0.112263	0.71646	0.739587	0.13957	0.121317
584	pi-	91	-211	412	0.403295	0.185044	0.281985	0.543952	0.13957	0.459091
585	pi0	-91	111	412	-0.152178	-0.153115	0.923766	0.958209	0.13498	0.218049
586	pi-	91	-211	419	0.0328398	0.212846	-0.101051	0.275813	0.13957	0.249693
587	pi0	-91	111	419	-0.157159	0.0553666	-2.12948	2.14025	0.13498	0.166959
588	pi+	91	211	433	0.107371	0.1785	0.16494	0.300126	0.13957	0.235295
589	pi0	-91	111	433	-0.828565	0.961624	-1.35264	1.85986	0.13498	1.2727
590	n0	91	2112	436	-0.0471478	-0.0448603	0.604771	1.11927	0.93957	0.019227
591	pi-	91	-211	436	-0.128424	-0.319725	0.366909	0.522321	0.13957	0.357555
592	pi-	91	-211	450	0.191172	0.0494	-0.168634	0.294795	0.13957	0.224168
593	pi0	-91	111	450	0.447946	-1.13449	-0.490722	1.32164	0.13498	1.22613
594	pi+	91	211	459	-0.0272192	0.337683	0.436449	0.569858	0.13957	0.34942
595	pi0	-91	111	459	0.284035	-0.139337	-0.237281	0.417867	0.13498	0.334292
596	pi-	91	-211	460	-0.183292	0.394068	-0.287113	0.539258	0.13957	0.449941
597	pi0	-91	111	460	-0.0882802	-0.349627	-0.00813322	0.385121	0.13498	0.385023
598	pi+	91	211	472	0.254357	0.0791153	0.271225	0.404969	0.13957	0.283762
599	pi0	-91	111	472	-0.0236512	-0.164288	-0.0398625	0.21762	0.13498	0.211603
600	pi+	91	211	474	-0.25032	0.435431	0.700171	0.872914	0.13957	0.508801
601	pi0	-91	111	474	0.579025	0.0321224	1.16579	1.30904	0.13498	0.583023
602	pi-	91	-211	476	0.0266748	0.427791	0.157015	0.477337	0.13957	0.44821
603	pi0	-91	111	476	-0.257492	-0.160392	-0.585074	0.672725	0.13498	0.309657
604	pi+	91	211	479	0.189728	-0.0585587	-0.107761	0.265552	0.13957	0.233396
605	pi-	91	-211	479	-0.366534	-0.836684	-0.3151	0.976297	0.13957	0.922928
606	pi-	91	-211	491	-1.12478	-0.146888	1.68461	2.03571	0.13957	1.13701
607	pi0	-91	111	491	0.0712739	-0.0219239	0.861072	0.874772	0.13498	0.0754735
608	pi+	91	211	492	-0.82477	0.169719	1.20681	1.47815	0.13957	0.84583
609	pi0	-91	111	492	0.0850565	-0.106691	0.761511	0.785325	0.13498	0.138508
610	pi-	91	-211	496	0.298878	-0.130783	-0.462619	0.583034	0.13957	0.336009
611	pi0	-91	111	496	0.154843	0.184905	0.117825	0.300447	0.13498	0.269954
612	n0	91	2112	499	0.617892	-0.124947	-0.0764403	1.13404	0.93957	0.193052
613	pi-	91	-211	499	0.192454	0.191444	0.501003	0.586663	0.13957	0.279482
614	pi+	91	211	512	0.262164	-0.207168	0.0627743	0.367518	0.13957	0.361199
615	pi0	-91	111	512	0.0861735	0.189449	-0.69277	0.735844	0.13498	0.211719
616	pi-	91	-211	513	0.18807	0.241503	0.0935123	0.349168	0.13957	0.333933
617	pi0	-91	111	513	0.845343	-0.799193	-0.195054	1.18726	0.13498	1.17091
618	pi+	91	211	514	-0.265768	0.0822567	-0.117983	0.332864	0.13957	0.306446
619	pi-	91	-211	514	0.463711	0.105312	0.050261	0.498121	0.13957	0.495361
620	p+	91	2212	517	0.473825	0.257881	3.33141	3.50281	0.93827	0.409936
621	pi0	-91	111	517	0.128253	0.369079	1.6081	1.66038	0.13498	0.392025
622	pi+	91	211	531	0.156222	0.0752196	-0.373831	0.435078	0.13957	0.183063
623	pi0	-91	111	531	0.0535224	-0.341514	0.000660961	0.371102	0.13498	0.371101
624	Kbar0	-91	-311	542	-0.20975	0.191734	-0.730117	0.92814	0.49761	0.336651
625	pi-	91	-211	542	0.0881948	-0.267994	-0.628739	0.70313	0.13957	0.287861
626	pi+	91	211	545	-0.41951	-0.341797	0.342489	0.655433	0.13957	0.553825
627	pi-	91	-211	545	0.0556557	0.423963	0.0911564	0.458946	0.13957	0.44886
628	pi-	91	-211	547	-0.439784	-0.356786	1.47604	1.5871	0.13957	0.568512
629	pi0	-91	111	547	-0.0643913	0.246486	0.330905	0.438884	0.13498	0.267735
630	K_S0	91	310	624	-0.20975	0.191734	-0.730117	0.92814	0.49761	0.336651
631	gamma	91	22	329	0.00495345	0.00647464	-0.0994942	0.0998277	0	0.00815216
632	gamma	91	22	329	0.195744	-0.101407	-0.212546	0.306227	0	0.220452
633	gamma	91	22	332	0.0701757	-0.0717056	0.0204282	0.10239	0	0.100331
634	gamma	91	22	332	-0.0336479	-0.0417525	-0.0628438	0.0826123	0	0.0536232
635	gamma	91	22	335	-0.0285026	0.0717507	1.90863	1.91019	0	0.0772047
636	gamma	91	22	335	-0.107813	-0.0429202	2.39777	2.40058	0	0.116043
637	gamma	91	22	359	0.0253824	-0.0288426	-0.898815	0.899636	0	0.0384209
638	gamma	91	22	359	-0.136555	-0.0178824	-5.67191	5.67358	0	0.137721
639	gamma	91	22	363	0.1845	-0.171676	0.0893733	0.267396	0	0.252017
640	gamma	91	22	363	0.289241	-0.0971141	0.190332	0.359608	0	0.305109
641	gamma	91	22	379	0.184446	0.135994	-0.0615875	0.237292	0	0.229161
642	gamma	91	22	379	0.23726	0.242142	-0.265204	0.430416	0	0.339006
643	gamma	91	22	381	-0.307599	0.454156	1.32976	1.43845	0	0.548521
644	gamma	91	22	381	-0.039564	0.00485231	0.144753	0.150141	0	0.0398605
645	gamma	91	22	384	0.0142159	0.129132	-0.367217	0.389519	0	0.129912
646	gamma	91	22	384	-0.0837356	0.0280021	-0.222768	0.239627	0	0.0882936
647	pi+	91	211	392	0.091517	0.0381397	-0.145654	0.224777	0.13957	0.126483
648	pi-	91	-211	392	-0.173187	-0.0898355	0.338461	0.414849	0.13957	0.207178
649	pi0	-91	111	392	0.110401	-0.084587	0.218239	0.291876	0.13498	0.156862
650	pi+	91	211	393	-0.447631	-0.00795789	0.61119	0.77037	0.13957	0.455236
651	pi-	91	-211	393	-0.090317	0.189449	0.384977	0.460147	0.13957	0.220253
652	pi0	-91	111	393	-0.560644	0.50053	0.612101	0.978641	0.13498	0.758819
653	gamma	91	22	398	0.330907	0.268972	1.53608	1.59417	0	0.426433
654	gamma	91	22	398	0.0197703	-0.0168098	0.104499	0.107673	0	0.0259506
655	gamma	91	22	401	-0.0293111	-0.0535808	0.00435303	0.061229	0	0.0610741
656	gamma	91	22	401	-0.201812	0.00977098	0.141962	0.246935	0	0.202049
657	pi+	91	211	405	-0.414627	0.19692	-0.0411899	0.481528	0.13957	0.479601
658	pi-	91	-211	405	-0.170093	-0.122864	-0.0761955	0.263273	0.13957	0.247462
659	pi0	-91	111	405	-0.129974	0.170533	-0.45753	0.522999	0.13498	0.221936
660	gamma	91	22	407	-0.645535	-0.167774	2.08101	2.18528	0	0.666981
661	gamma	91	22	407	-0.0922582	-0.0350469	0.176845	0.202519	0	0.0986907
662	pi+	91	211	409	-0.0920132	0.0950771	0.931129	0.950783	0.13957	0.13376
663	pi-	91	-211	409	0.147036	0.0152186	2.10334	2.11314	0.13957	0.148145
664	pi0	-91	111	409	-0.0142657	0.0126272	1.23403	1.24154	0.13498	0.019165
665	gamma	91	22	414	0.0285565	0.0439889	0.738409	0.74027	0	0.0524452
666	gamma	91	22	414	0.0397085	0.152846	0.569514	0.591003	0	0.15792
667	gamma	91	22	428	0.0627898	0.0548097	-0.0154319	0.0847632	0	0.0833467
668	gamma	91	22	428	0.190865	-0.0736076	-0.0308309	0.206877	0	0.204566
669	gamma	91	22	431	-0.0850459	0.0492112	-0.00875301	0.0986467	0	0.0982576
670	gamma	91	22	431	-0.07353	-0.0825171	-0.0422467	0.118324	0	0.110525
671	gamma	91	22	446	-0.2953	-0.0455232	-0.323831	0.440614	0	0.298788
672	gamma	91	22	446	-0.191847	-0.0613609	-0.41072	0.457451	0	0.201421
673	gamma	91	22	448	-0.213407	0.0827387	-1.09119	1.11494	0	0.228885
674	gamma	91	22	448	0.0482089	-0.0336769	0.0479911	0.0759037	0	0.0588067
675	pi+	91	211	449	-0.124612	0.173708	-0.332105	0.418899	0.13957	0.226737
676	pi-	91	-211	449	-0.127794	-0.0724766	-0.0662756	0.213205	0.13957	0.194345
677	gamma	91	22	449	0.0515549	-0.0690736	-0.0256794	0.0899361	0	0.0861921
678	pi0	-91	111	452	-0.077071	0.0377746	0.115012	0.197013	0.13498	0.117831
679	pi0	-91	111	452	0.0186014	0.233139	0.376031	0.462946	0.13498	0.244504
680	pi0	-91	111	452	-0.238476	0.251419	0.385074	0.535336	0.13498	0.358099
681	pi+	91	211	453	0.336361	0.0559064	-0.144326	0.395695	0.13957	0.364396
682	pi-	91	-211	453	0.220371	-0.0241735	0.131926	0.293312	0.13957	0.252058
683	pi0	-91	111	453	0.111987	0.0222594	0.0113497	0.177158	0.13498	0.176289
684	gamma	91	22	454	-0.0442741	-0.343578	0.736335	0.813753	0	0.346419
685	gamma	91	22	454	-0.0175316	0.00796622	0.061295	0.0642487	0	0.0192566
686	gamma	91	22	455	0.101552	0.0647199	0.16164	0.201566	0	0.120422
687	gamma	91	22	455	0.290366	0.323116	0.269026	0.510971	0	0.434415
688	pi+	91	211	456	-0.00364393	0.060939	0.436154	0.461992	0.13957	0.0640402
689	pi-	91	-211	456	0.211625	-0.159798	0.572378	0.646078	0.13957	0.271593
690	pi0	-91	111	456	-0.155602	-0.015946	0.0596101	0.215033	0.13498	0.200936
691	gamma	91	22	458	0.070633	-0.0299856	-0.0417603	0.0873618	0	0.0767343
692	gamma	91	22	458	0.107092	-0.214111	0.0438633	0.243385	0	0.2394
693	gamma	91	22	473	0.0808128	0.474115	0.440424	0.652142	0	0.480953
694	gamma	91	22	473	-0.129287	0.317527	-0.120664	0.363453	0	0.342838
695	gamma	91	22	475	-0.0795197	0.185753	0.194923	0.280754	0	0.202058
696	gamma	91	22	475	-0.0642446	0.00427342	0.123185	0.138997	0	0.0643866
697	pi+	91	211	493	-0.276962	0.140691	-0.74338	0.817677	0.13957	0.315275
698	pi-	91	-211	493	0.00392849	-0.113423	-0.0375627	0.183769	0.13957	0.174461
699	pi0	-91	111	493	0.123002	0.0620764	-0.465226	0.503625	0.13498	0.143011
700	gamma	91	22	495	0.279092	-0.38504	-1.09891	1.19739	0	0.47555
701	gamma	91	22	495	0.188015	-0.190026	-0.0443656	0.270976	0	0.267319
702	pi0	-91	111	497	0.0958156	-0.0297549	-0.0184932	0.169197	0.13498	0.166394
703	pi0	-91	111	497	0.262522	0.0546244	-0.0830509	0.311479	0.13498	0.297534
704	pi0	-91	111	497	0.39325	-0.256113	-0.0836003	0.495427	0.13498	0.487748
705	pi+	91	211	500	-0.0830485	0.161707	0.2951	0.373645	0.13957	0.195971
706	pi-	91	-211	500	0.0845509	0.172623	0.38369	0.451271	0.13957	0.202128
707	eta	-91	221	500	-0.249465	0.116816	1.12293	1.27945	0.54785	0.304819
708	pi0	-91	111	509	0.0809701	0.102002	0.404006	0.445422	0.13498	0.136658
709	pi0	-91	111	509	-0.000422416	0.135882	0.277875	0.337488	0.13498	0.148257
710	pi0	-91	111	509	0.182445	0.101886	0.111405	0.272576	0.13498	0.240529
711	pi0	-91	111	510	-0.170671	0.0116531	0.0756335	0.230661	0.13498	0.210962
712	pi0	-91	111	510	-0.0549833	-0.10172	0.149881	0.232495	0.13498	0.142015
713	pi0	-91	111	510	-0.39548	-0.227651	0.409102	0.627545	0.13498	0.467258
714	gamma	91	22	511	-0.0263713	0.0718326	-0.0106179	0.0772535	0	0.0765204
715	gamma	91	22	511	0.140929	0.135668	0.0023856	0.195633	0	0.195619
716	pi+	91	211	515	-0.121201	-0.116042	-0.537405	0.580034	0.13957	0.172875
717	pi-	91	-211	515	-0.523578	-0.0126483	-1.40073	1.50194	0.13957	0.526007
718	pi0	-91	111	515	-0.2863	0.0485747	-0.95974	1.01175	0.13498	0.293011
719	pi0	-91	111	516	-0.374103	0.0384362	-0.335615	0.521812	0.13498	0.389324
720	gamma	91	22	516	-0.00433208	-0.0378377	0.354967	0.357004	0	0.0380849
721	gamma	91	22	530	0.06367	0.0385012	0.151015	0.16835	0	0.0744057
722	gamma	91	22	530	-0.0428525	-0.0255219	0.266498	0.271125	0	0.0498769
723	gamma	91	22	533	0.51664	0.487828	-0.386049	0.808658	0	0.710558
724	gamma	91	22	533	-0.00187592	0.0286763	-0.0305825	0.0419659	0	0.0287376
725	gamma	91	22	538	0.00316765	-0.00364646	-0.00925143	0.0104365	0	0.00483018
726	gamma	91	22	538	-0.473057	0.470402	-0.129272	0.679538	0	0.667129
727	pi+	91	211	539	0.0944424	-0.098333	0.267221	0.330871	0.13957	0.150374
728	pi-	91	-211	539	-0.0970905	0.254406	0.421359	0.520742	0.13957	0.282645
729	pi0	-91	111	539	-0.0686913	-0.220098	0.184918	0.324924	0.13498	0.253474
730	pi0	-91	111	540	-0.00626447	0.0150495	-0.0518754	0.145521	0.13498	0.0436252
731	pi0	-91	111	540	-0.0795181	-0.0322473	0.0502017	0.167639	0.13498	0.144695
732	pi0	-91	111	540	0.190058	0.0871882	-0.00557512	0.248947	0.13498	0.248858
733	gamma	91	22	549	-0.406262	-0.187759	-0.136961	0.468039	0	0.447552
734	gamma	91	22	549	-0.179603	-0.178933	-0.0265457	0.25491	0	0.253524
735	gamma	91	22	559	0.00651125	0.0524191	0.145571	0.154858	0	0.052822
736	gamma	91	22	559	-0.183492	0.142516	1.31772	1.33805	0	0.232336
737	gamma	91	22	561	-0.0339584	-0.172514	0.0787654	0.192661	0	0.175825
738	gamma	91	22	561	0.0868835	-0.100071	0.0745472	0.152054	0	0.132525
739	gamma	91	22	569	0.00364992	0.0156647	-0.0635235	0.0655282	0	0.0160843
740	gamma	91	22	569	-0.180326	-0.233085	-0.986421	1.0295	0	0.294697
741	gamma	91	22	573	-0.0380834	-0.0665378	-0.0885775	0.117148	0	0.0766657
742	gamma	91	22	573	-0.209165	-0.345216	-0.0969042	0.415108	0	0.403638
743	gamma	91	22	575	0.316988	-0.418729	-0.159949	0.548998	0	0.525181
744	gamma	91	22	575	0.0219634	-0.0464977	0.0253787	0.0573455	0	0.051424
745	gamma	91	22	581	0.00108519	-0.0354745	-0.171482	0.175116	0	0.0354911
746	gamma	91	22	581	-0.0948025	0.101352	-0.425092	0.447172	0	0.13878
747	gamma	91	22	585	-0.0267888	-0.0998857	0.245377	0.266279	0	0.103416
748	gamma	91	22	585	-0.125389	-0.0532289	0.678389	0.69193	0	0.136219
749	gamma	91	22	587	-0.0493494	0.0225679	-1.48506	1.48605	0	0.0542648
750	gamma	91	22	587	-0.10781	0.0327987	-0.644415	0.654194	0	0.112688
751	gamma	91	22	589	-0.585122	0.747752	-0.951518	1.34421	0	0.949474
752	gamma	91	22	589	-0.243444	0.213871	-0.401117	0.515656	0	0.324046
753	gamma	91	22	593	0.159061	-0.579693	-0.220779	0.640381	0	0.601119
754	gamma	91	22	593	0.288885	-0.554795	-0.269943	0.681264	0	0.625501
755	gamma	91	22	595	0.278639	-0.128908	-0.172753	0.352279	0	0.307013
756	gamma	91	22	595	0.00539603	-0.0104292	-0.0645278	0.0655875	0	0.0117425
757	gamma	91	22	597	0.015486	-0.202869	0.0144465	0.203971	0	0.203459
758	gamma	91	22	597	-0.103766	-0.146758	-0.0225798	0.18115	0	0.179737
759	gamma	91	22	599	-0.04431	-0.17712	-0.0528178	0.190065	0	0.182578
760	gamma	91	22	599	0.0206588	0.0128323	0.0129552	0.0275553	0	0.0243198
761	gamma	91	22	601	0.559437	0.00516499	1.0669	1.20469	0	0.559461
762	gamma	91	22	601	0.0195881	0.0269574	0.0988884	0.104352	0	0.0333227
763	gamma	91	22	603	-0.230727	-0.0803303	-0.473511	0.532823	0	0.244311
764	gamma	91	22	603	-0.0267648	-0.0800612	-0.111563	0.139901	0	0.0844165
765	gamma	91	22	607	0.011414	-0.0676058	0.25563	0.264665	0	0.0685625
766	gamma	91	22	607	0.05986	0.0456819	0.605442	0.610107	0	0.0752997
767	gamma	91	22	609	0.014978	0.0131868	0.0124903	0.0235423	0	0.0199558
768	gamma	91	22	609	0.0700785	-0.119878	0.74902	0.761783	0	0.138859
769	gamma	91	22	611	0.0644189	0.0219099	0.0886937	0.111787	0	0.0680429
770	gamma	91	22	611	0.0904245	0.162995	0.029131	0.18866	0	0.186397
771	gamma	91	22	615	0.0572881	0.20649	-0.609577	0.646145	0	0.21429
772	gamma	91	22	615	0.0288854	-0.017041	-0.0831931	0.0896987	0	0.0335375
773	gamma	91	22	617	0.7691	-0.701185	-0.135492	1.04954	0	1.04076
774	gamma	91	22	617	0.0762434	-0.0980079	-0.059562	0.137718	0	0.124172
775	gamma	91	22	621	0.0988825	0.271437	0.906659	0.95157	0	0.288887
776	gamma	91	22	621	0.0293707	0.097642	0.701438	0.70881	0	0.101964
777	gamma	91	22	623	0.0561402	-0.0931497	0.0469269	0.118451	0	0.108759
778	gamma	91	22	623	-0.00261783	-0.248364	-0.046266	0.25265	0	0.248378
779	gamma	91	22	629	0.0366587	0.0238087	0.0469414	0.0641421	0	0.0437117
780	gamma	91	22	629	-0.10105	0.222677	0.283964	0.374742	0	0.244533
781	gamma	91	22	649	0.113424	-0.108472	0.216951	0.267766	0	0.156943
782	gamma	91	22	649	-0.00302265	0.0238846	0.00128864	0.0241096	0	0.0240751
783	gamma	91	22	652	-0.380848	0.303775	0.468521	0.675896	0	0.487159
784	gamma	91	22	652	-0.179797	0.196755	0.14358	0.302745	0	0.266532
785	gamma	91	22	659	-0.00205448	0.0541095	-0.0302232	0.0620121	0	0.0541485
786	gamma	91	22	659	-0.12792	0.116423	-0.427307	0.460987	0	0.172968
787	gamma	91	22	664	0.0115652	-0.0146039	1.14193	1.14208	0	0.0186287
788	gamma	91	22	664	-0.0258309	0.0272311	0.0920997	0.0994542	0	0.0375336
789	gamma	91	22	678	-0.0396197	0.030489	-0.0221233	0.0546694	0	0.049993
790	gamma	91	22	678	-0.0374513	0.00728567	0.137135	0.142344	0	0.0381534
791	gamma	91	22	679	0.0743391	0.116639	0.162471	0.213372	0	0.138314
792	gamma	91	22	679	-0.0557377	0.116501	0.213561	0.249574	0	0.129147
793	gamma	91	22	680	-0.0463355	0.0699605	0.0228886	0.086979	0	0.0839134
794	gamma	91	22	680	-0.192141	0.181458	0.362186	0.448357	0	0.264283
795	gamma	91	22	683	0.00834313	-0.0495116	-0.00286473	0.0502913	0	0.0502096
796	gamma	91	22	683	0.103644	0.071771	0.0142144	0.126867	0	0.126068
797	gamma	91	22	690	0.0102146	0.0273308	-0.00885582	0.0304915	0	0.0291772
798	gamma	91	22	690	-0.165816	-0.0432768	0.0684659	0.184541	0	0.171371
799	gamma	91	22	699	0.00423073	-0.0373768	-0.103497	0.11012	0	0.0376155
800	gamma	91	22	699	0.118772	0.0994532	-0.36173	0.393505	0	0.154912
801	gamma	91	22	702	-0.0145372	0.0316041	-0.024884	0.042771	0	0.0347872
802	gamma	91	22	702	0.110353	-0.061359	0.00639075	0.126426	0	0.126264
803	gamma	91	22	703	0.0837894	0.0245028	0.0362081	0.0945096	0	0.0872986
804	gamma	91	22	703	0.178733	0.0301216	-0.119259	0.216969	0	0.181254
805	gamma	91	22	704	0.229158	-0.100781	-0.098415	0.26899	0	0.25034
806	gamma	91	22	704	0.164092	-0.155332	0.0148147	0.226437	0	0.225952
807	pi+	91	211	707	0.03332	0.0649259	0.421395	0.449865	0.13957	0.0767646
808	pi-	91	-211	707	-0.0515618	0.0496334	0.152618	0.218847	0.13957	0.0929172
809	pi0	-91	111	707	-0.231223	0.00225694	0.548918	0.610737	0.13498	0.237097
810	gamma	91	22	708	0.116747	0.0951755	0.311577	0.346076	0	0.150626
811	gamma	91	22	708	-0.0357769	0.00682625	0.092429	0.0993464	0	0.0364223
812	gamma	91	22	709	0.000966355	0.020298	-0.0132468	0.0242574	0	0.020321
813	gamma	91	22	709	-0.00138877	0.115584	0.291122	0.313231	0	0.115592
814	gamma	91	22	710	0.00823845	-0.0145592	0.0522242	0.0548381	0	0.0167285
815	gamma	91	22	710	0.174207	0.116445	0.059181	0.217738	0	0.209541
816	gamma	91	22	711	-0.0470247	-0.049392	-0.00911706	0.0688042	0	0.0681975
817	gamma	91	22	711	-0.123647	0.0610451	0.0847506	0.161857	0	0.137895
818	gamma	91	22	712	0.0429234	-0.044813	0.0720273	0.0950714	0	0.0620534
819	gamma	91	22	712	-0.0979067	-0.0569073	0.0778534	0.137424	0	0.113244
820	gamma	91	22	713	-0.234729	-0.0995352	0.303718	0.396547	0	0.254961
821	gamma	91	22	713	-0.160751	-0.128116	0.105384	0.230998	0	0.205559
822	gamma	91	22	718	0.0108818	0.011474	-0.102332	0.103547	0	0.0158135
823	gamma	91	22	718	-0.297182	0.0371007	-0.857408	0.908208	0	0.299489
824	gamma	91	22	719	-0.336451	-0.0110013	-0.270952	0.432129	0	0.336631
825	gamma	91	22	719	-0.0376525	0.0494376	-0.0646628	0.0896831	0	0.0621432
826	gamma	91	22	729	0.0300502	-0.128565	0.0816093	0.155216	0	0.132031
827	gamma	91	22	729	-0.0987415	-0.0915322	0.103308	0.169707	0	0.13464
828	gamma	91	22	730	-0.00529572	-0.0540895	0.00688189	0.0547821	0	0.0543481
829	gamma	91	22	730	-0.000968749	0.069139	-0.0587573	0.090739	0	0.0691458
830	gamma	91	22	731	-0.0406816	0.000344829	-0.0444541	0.0602601	0	0.0406831
831	gamma	91	22	731	-0.0388364	-0.0325921	0.0946557	0.107379	0	0.0507003
832	gamma	91	22	732	0.200786	0.0467696	-0.0125846	0.206545	0	0.206162
833	gamma	91	22	732	-0.0107283	0.0404186	0.00700944	0.0424016	0	0.0418182
834	gamma	91	22	809	-0.212435	-0.0120085	0.547168	0.587082	0	0.212774
835	gamma	91	22	809	-0.0187879	0.0142654	0.00175014	0.0236548	0	0.02359
