Particle List (1st event only)
******************************************************
JobID: 20200430	No. Events: 1000	SNN: 27

Simulation Parameters:
Version: Pythia8 Angantyr
Type of Cut: pseudorapidity (n)
Cut: 0.1
Calorimeter (r=regular, c=calorimeter): r
Counting method: d

I	particle/jet	status	KF	orig	p_x	p_y	p_z	E	m
=========================================================
0	system	-11	90	0	0	0	0	5319	5319	-nan
1	197Au	-12	1000791970	0	0	0	2653.16	2659.5	183.473	-nan
2	197Au	-12	1000791970	0	0	0	-2653.16	2659.5	183.473	-1.60397e-05
3	n0	-13	2112	1	0	0	13.4673	13.5	0.93957	-nan
4	n0	-13	2112	2	0	0	-13.4673	13.5	0.93957	-0
5	d	-21	1	9	0	0	4.27824	4.27824	0	-nan
6	g	-21	21	10	0	0	-1.09434	1.09434	0	-0
7	d	-23	1	5	-1.87047	0.996234	1.14269	2.43018	0.33	2.13904
8	g	-23	21	5	1.87047	-0.996234	2.04122	2.9424	0	2.11923
9	d	-42	1	20	7.21645e-16	1.33227e-15	4.27824	4.27824	0	1.51516e-15
10	g	-41	21	21	8.88178e-16	0	-11.2039	11.2039	0	-8.88178e-16
11	d	-44	1	7	-1.39904	1.61819	0.934338	2.35748	0.33	2.16039
12	g	-44	21	8	2.20045	-0.560897	2.09024	3.08637	0	2.27081
13	g	-43	21	10	-0.801415	-1.05729	-9.95027	10.0383	0	1.3267
14	g	-51	21	13	0.227257	0.138596	-3.66258	3.67224	0	0.266185
15	g	-51	21	13	-0.980792	-1.20809	-6.24221	6.43324	0	1.5561
16	g	-52	21	12	2.15257	-0.548693	2.04476	3.01922	0	2.2214
17	g	-51	21	15	0.00989502	-0.256781	-3.06665	3.07739	0	0.256972
18	g	-51	21	15	-0.948846	-0.961975	-3.13582	3.41453	0	1.35119
19	g	-52	21	16	2.11073	-0.538028	2.00501	2.96053	0	2.17822
20	d	-61	1	3	-1.09624	0.346432	4.20449	4.35884	0	1.14968
21	g	-61	21	4	0.38893	-0.0131305	-11.1412	11.148	0	0.389152
22	d	-62	1	11	-1.78834	1.74967	0.640652	2.60362	0.33	2.52224
23	g	-62	21	19	1.48123	-0.336185	2.29326	2.75066	0	1.5189
24	g	-62	21	14	0.352444	0.134826	-3.61482	3.63446	0	0.377353
25	g	-62	21	17	0.114877	-0.259928	-3.0376	3.05086	0	0.284182
26	g	-62	21	18	-0.867523	-0.955082	-3.21823	3.46724	0	1.29026
27	ud_1	-63	2103	3	1.09624	-0.346432	8.4364	8.54924	0.77133	1.15438
28	ud_0	-63	2101	4	-1.51228	-0.0559071	-1.43698	2.16579	0.57933	1.57054
29	d	-63	1	4	0.323527	0.314312	0.521169	0.764185	0.33	0.5001
30	n0	-13	2112	1	0	0	13.4674	13.5	0.93827	-nan
31	p_diffr+	-15	9902210	30	0.510423	0.0770004	13.3495	13.4458	1.52168	0.519537
32	g	-24	21	31	0.525657	0.0792929	1.97353	2.04388	0	0.531604
33	u	-63	2	31	0.0336616	0.0135476	4.35431	4.36184	0.253614	0.036347
34	dd_1	-63	1103	31	-0.0488951	-0.0158401	7.02164	7.04012	0.507227	0.0515308
35	n0	-13	2112	1	0	0	13.4674	13.5	0.93827	-nan
36	p_diffr+	-15	9902210	35	0.135781	-0.454386	13.29	13.508	2.37013	0.481712
37	u	-24	2	36	0.145866	-0.487862	0.806953	1.00801	0.325	0.537929
38	dd_1	-63	1103	36	-0.0100858	0.0334764	12.483	12.5	0.65	0.0350101
39	n0	-13	2112	1	0	0	13.4674	13.5	0.93827	-nan
40	p_diffr+	-15	9902210	39	0.0926075	-0.0180784	13.3449	13.5109	2.10934	0.095527
41	u	-24	2	40	0.103538	-0.0202253	0.314803	0.464602	0.325	0.147626
42	dd_1	-63	1103	40	-0.0109302	0.00214689	13.0301	13.0463	0.65	0.0111529
43	p+	-13	2212	1	0	0	13.4674	13.5	0.93827	-nan
44	p_diffr+	-15	9902210	43	0.0610103	0.15019	13.3012	13.5492	2.57534	0.165119
45	u	-24	2	44	0.0656216	0.16131	0.177177	0.409077	0.325	0.286755
46	ud_0	-63	2101	44	-0.00461127	-0.0111198	13.124	13.1401	0.65	0.0120528
47	n0	-13	2112	1	0	0	13.4674	13.5	0.93827	-nan
48	p+	-13	2212	2	0	0	-13.4674	13.5	0.93827	-0
49	d	-21	1	74	0	0	2.59518	2.59518	0	-nan
50	g	-21	21	75	0	0	-0.295275	0.295275	0	-0
51	d	-23	1	49	0.500175	-0.577549	1.78395	1.96853	0.33	0.774994
52	g	-23	21	49	-0.500175	0.577549	0.515959	0.921928	0	0.764027
53	dbar	-31	-1	78	0	0	1.3702	1.3702	0	-nan
54	d	-31	1	79	0	0	-1.83006	1.83006	0	-0
55	dbar	-33	-1	53	-0.519226	0.547757	1.13666	1.40375	0.33	0.776502
56	d	-33	1	53	0.519226	-0.547757	-1.59652	1.7965	0.33	0.767806
57	g	-31	21	61	0	0	0.0280274	0.0280274	0	-nan
58	g	-31	21	62	0	0	-5.45659	5.45659	0	-0
59	g	-33	21	57	0.00765436	0.339827	-4.07028	4.08445	0	0.339913
60	g	-33	21	57	-0.00765436	-0.339827	-1.35828	1.40017	0	0.339913
61	u	-41	2	82	8.88178e-16	1.11022e-16	0.459577	0.459577	0	8.9509e-16
62	g	-42	21	83	3.60822e-16	6.93889e-17	-5.45659	5.45659	0	-3.67434e-16
63	g	-44	21	59	-0.0677442	0.326979	-3.34061	3.35726	0	0.333923
64	g	-44	21	60	-0.230553	-0.37781	-1.96558	2.01479	0	0.4426
65	u	-43	2	61	0.298297	0.0508311	0.30918	0.544111	0.33	0.380582
66	g	-31	21	87	0	0	0.620863	0.620863	0	-nan
67	u	-31	2	88	0	0	-0.682471	0.682471	0	-0
68	g	-33	21	66	-0.23143	-0.0549964	0.532549	0.58326	0	0.237874
69	u	-33	2	66	0.23143	0.0549964	-0.594157	0.720074	0.33	0.267634
70	g	-31	21	91	0	0	3.36002	3.36002	0	-nan
71	g	-31	21	92	0	0	-0.0413092	0.0413092	0	-0
72	g	-33	21	70	0.0259967	-0.241752	0.370815	0.443423	0	0.243146
73	g	-33	21	70	-0.0259967	0.241752	2.94789	2.9579	0	0.243146
74	d	-61	1	47	0.681103	0.167164	2.77672	2.86391	0	0.701317
75	g	-61	21	48	0.154487	0.480389	-0.0900659	0.512593	0	0.504618
76	d	-62	1	51	0.975952	-0.305241	1.56131	1.89532	0.33	1.03843
77	g	-62	21	52	-0.140362	0.952794	1.12534	1.48119	0	0.963077
78	dbar	-61	-1	47	0.239112	-0.198369	1.25312	1.29106	0	0.310684
79	d	-61	1	48	-0.36422	0.938393	-1.72572	1.99783	0	1.0066
80	dbar	-62	-1	55	-0.298953	0.394791	1.30809	1.43709	0.33	0.508806
81	d	-62	1	56	0.173844	0.345233	-1.78069	1.8518	0.33	0.392821
82	u	-61	2	47	-0.540738	-0.188894	0.290958	0.642444	0	0.572781
83	g	-61	21	48	-0.00535133	0.0477368	-5.36659	5.36681	0	0.0480358
84	g	-62	21	63	-0.0811937	0.352531	-3.25974	3.27975	0	0.36176
85	g	-62	21	64	-0.261207	-0.368925	-2.15349	2.20042	0	0.452033
86	u	-62	2	65	-0.203689	-0.124763	0.337594	0.529079	0.33	0.30559
87	g	-61	21	47	-0.760731	0.526781	0.291507	0.970147	0	0.925316
88	u	-61	2	48	-0.396476	-0.549294	-0.373942	0.773789	0	0.677434
89	g	-62	21	68	-1.00726	0.393172	0.236499	1.10684	0	1.08127
90	u	-62	2	69	-0.149948	-0.415685	-0.318934	0.6371	0.33	0.516605
91	g	-61	21	47	0.0708444	-0.0390185	3.33776	3.33874	0	0.0808788
92	g	-61	21	48	-0.0597868	-0.0953713	0.0348538	0.117834	0	0.112562
93	g	-62	21	72	-0.0133209	-0.333374	0.689487	0.765969	0	0.33364
94	g	-62	21	73	0.0243785	0.198984	2.68313	2.69061	0	0.200472
95	d	-63	1	47	-0.0790601	-0.268534	-3.57416	3.60027	0.33	0.281114
96	d	-63	1	47	0.389469	0.000869856	4.05596	4.08796	0.33	0.390745
97	u	-63	2	48	0.671347	-0.821853	-0.910392	1.43662	0.33	1.09036
98	n0	-13	2112	1	0	0	13.4674	13.5	0.93827	-nan
99	p+	-13	2212	2	0	0	-13.4674	13.5	0.93827	-0
100	g	-21	21	120	0	0	1.83622	1.83622	0	-nan
101	d	-21	1	121	0	0	-2.80367	2.80367	0	-0
102	g	-23	21	100	1.02167	0.376183	1.54025	1.88619	0	1.08873
103	d	-23	1	100	-1.02167	-0.376183	-2.50771	2.7537	0.33	1.09663
104	sbar	-31	-3	124	0	0	8.14815	8.14815	0	-nan
105	g	-31	21	125	0	0	-0.0973123	0.0973123	0	-0
106	sbar	-33	-3	104	0.614854	-0.459115	5.68467	5.75798	0.5	0.770264
107	g	-33	21	104	-0.614854	0.459115	2.36617	2.48749	0	0.767354
108	u	-31	2	128	0	0	0.37479	0.37479	0	-nan
109	g	-31	21	129	0	0	-6.50326	6.50326	0	-0
110	u	-33	2	108	-0.617104	0.381585	-0.0968342	0.802933	0.33	0.795876
111	g	-33	21	108	0.617104	-0.381585	-6.03164	6.07512	0	0.725551
112	s	-31	3	132	0	0	0.835229	0.835229	0	-nan
113	g	-31	21	133	0	0	-0.616354	0.616354	0	-0
114	s	-33	3	112	-0.368885	-0.509443	0.165354	0.820336	0.5	0.793377
115	g	-33	21	112	0.368885	0.509443	0.053521	0.631247	0	0.628974
116	g	-31	21	136	0	0	0.452161	0.452161	0	-nan
117	g	-31	21	137	0	0	-1.83915	1.83915	0	-0
118	g	-33	21	116	-0.322036	0.142078	-1.75036	1.7854	0	0.351985
119	g	-33	21	116	0.322036	-0.142078	0.36338	0.505903	0	0.351985
120	g	-61	21	98	-0.202534	-0.756734	1.80091	1.96391	0	0.783369
121	d	-61	1	99	-0.14667	-0.347162	-2.79936	2.82462	0	0.376873
122	g	-62	21	102	0.8299	-0.333149	1.5894	1.8237	0	0.894272
123	d	-62	1	103	-1.1791	-0.770747	-2.58785	2.96482	0.33	1.41747
124	sbar	-61	-3	98	-0.31821	0.312335	8.09612	8.10839	0	0.445882
125	g	-61	21	99	0.315821	0.170599	0.24548	0.434865	0	0.358953
126	sbar	-62	-3	106	0.480329	-0.156254	6.45023	6.48927	0.5	0.506611
127	g	-62	21	107	-0.482719	0.639187	1.89137	2.05399	0	0.800985
128	u	-61	2	98	0.658012	0.00868875	0.102512	0.666006	0	0.658069
129	g	-61	21	99	0.0539225	0.0517975	-6.38939	6.38983	0	0.0747704
130	u	-62	2	110	0.00254042	0.389918	0.180163	0.541665	0.33	0.491716
131	g	-62	21	111	0.709394	-0.329432	-6.46704	6.51417	0	0.782154
132	s	-61	3	98	0.137318	0.256591	0.745495	0.800286	0	0.291024
133	g	-61	21	99	0.0895605	-0.424559	-0.522425	0.679117	0	0.433903
134	s	-62	3	114	-0.234024	-0.52064	0.419049	0.866854	0.5	0.698773
135	g	-62	21	115	0.460903	0.352671	-0.195979	0.612549	0	0.580352
136	g	-61	21	98	-0.0727547	-0.225741	0.360068	0.431162	0	0.237176
137	g	-61	21	99	0.545317	0.54051	-1.81271	1.96861	0	0.767803
138	g	-62	21	118	0.199041	0.655566	-1.74455	1.87426	0	0.685116
139	g	-62	21	119	0.273521	-0.340797	0.29191	0.525517	0	0.436986
140	dd_1	-63	1103	98	-0.2496	0.321816	0.981965	1.21068	0.57933	0.463815
141	uu_1	-63	2203	99	-0.857951	0.00881463	-0.878422	1.45008	0.77133	1.01323
142	n0	-13	2112	2	0	0	-13.4674	13.5	0.93827	-0
143	p_diffr+	-15	9902210	142	0.0477693	0.0830453	-13.3976	13.5724	2.16942	0.0970519
144	g	-24	21	143	0.0371445	0.0645764	0.0302372	0.0803997	0	0.0744972
145	u	-63	2	143	-0.305987	-0.0518051	-8.39893	8.41095	0.325	0.310573
146	dd_1	-63	1103	143	0.316612	0.070274	-5.0289	5.08109	0.65	0.327003
147	p+	-13	2212	1	0	0	13.4674	13.5	0.93827	-nan
148	n0	-13	2112	2	0	0	-13.4674	13.5	0.93827	-0
149	d	-21	1	172	0	0	1.46739	1.46739	0	-nan
150	g	-21	21	173	0	0	-1.98958	1.98958	0	-0
151	d	-23	1	149	-0.833156	-1.03274	0.799676	1.58401	0.33	1.35668
152	g	-23	21	149	0.833156	1.03274	-1.32186	1.87297	0	1.32691
153	g	-31	21	177	0	0	0.340111	0.340111	0	-nan
154	u	-31	2	178	0	0	-7.14771	7.14771	0	-0
155	g	-33	21	153	-0.725911	0.553612	-0.382526	0.989828	0	0.912926
156	u	-33	2	153	0.725911	-0.553612	-6.42507	6.49799	0.33	0.914105
157	g	-31	21	181	0	0	4.64991	4.64991	0	-nan
158	d	-31	1	182	0	0	-0.279453	0.279453	0	-0
159	g	-33	21	157	0.689288	0.535924	3.64244	3.74563	0	0.873116
160	d	-33	1	157	-0.689288	-0.535924	0.728019	1.18374	0.33	0.909159
161	g	-31	21	185	0	0	2.02086	2.02086	0	-nan
162	g	-31	21	186	0	0	-0.275533	0.275533	0	-0
163	g	-33	21	161	-0.696253	0.268392	0.877429	1.15182	0	0.746192
164	g	-33	21	161	0.696253	-0.268392	0.867895	1.14457	0	0.746192
165	g	-31	21	189	0	0	2.56616	2.56616	0	-nan
166	g	-31	21	190	0	0	-0.153597	0.153597	0	-0
167	g	-33	21	165	0.328859	-0.514196	1.52468	1.64232	0	0.610365
168	g	-33	21	165	-0.328859	0.514196	0.887879	1.07744	0	0.610365
169	g	-51	21	152	0.565003	1.22509	-1.13776	1.76481	0	1.3491
170	g	-51	21	152	0.0997977	-0.401036	-0.0203261	0.413766	0	0.413267
171	d	-52	1	151	-0.664801	-0.824052	0.635901	1.27839	0.33	1.09593
172	d	-61	1	147	-0.130097	1.77229	1.0455	2.0618	0	1.77706
173	g	-61	21	148	-0.267323	-0.406001	-1.61115	1.68288	0	0.486105
174	d	-62	1	171	-0.763952	0.401011	0.98166	1.34796	0.33	0.889885
175	g	-62	21	169	0.297097	1.12355	-1.7684	2.11609	0	1.16217
176	g	-62	21	170	0.069435	-0.158272	0.221092	0.280629	0	0.172833
177	g	-61	21	147	0.333708	-0.815563	-0.223198	0.909022	0	0.881194
178	u	-61	2	148	0.131891	0.338252	-6.73829	6.74806	0	0.363057
179	g	-62	21	155	-0.42968	-0.184917	0.13807	0.487732	0	0.467781
180	u	-62	2	156	0.895279	-0.292393	-7.09956	7.16935	0.33	0.942816
181	g	-61	21	147	-0.23984	-0.643077	4.47832	4.53061	0	0.686347
182	d	-61	1	148	0.449102	0.223509	-0.0163991	0.501915	0	0.501647
183	g	-62	21	159	0.529612	-0.0337518	4.39678	4.42869	0	0.530687
184	d	-62	1	160	-0.32035	-0.385816	0.0651477	0.60384	0.33	0.598808
185	g	-61	21	147	0.549133	0.531307	1.72826	1.88964	0	0.76409
186	g	-61	21	148	-0.0174321	-0.533528	0.124522	0.548143	0	0.533812
187	g	-62	21	163	-0.466815	0.264458	0.793285	0.957682	0	0.53652
188	g	-62	21	164	0.998515	-0.266679	1.0595	1.4801	0	1.03351
189	g	-61	21	147	-0.374553	-0.523727	3.0353	3.10284	0	0.643879
190	g	-61	21	148	-0.707825	-0.540486	0.749743	1.16415	0	0.890585
191	g	-62	21	167	-0.198192	-1.06501	2.18976	2.44306	0	1.0833
192	g	-62	21	168	-0.884187	0.00080058	1.59529	1.82393	0	0.884187
193	uu_1	-63	2203	147	-0.384393	-0.485214	-0.237132	1.01704	0.77133	0.94974
194	dd_1	-63	1103	148	0.165514	0.840308	-2.31862	2.53873	0.57933	0.879664
195	dbar	-63	-1	148	0.246073	0.0779444	-0.223236	0.474723	0.33	0.359066
196	n0	-13	2112	2	0	0	-13.4674	13.5	0.93827	-0
197	p_diffr+	-15	9902210	196	0.246043	0.163985	-13.261	13.3304	1.32642	0.297157
198	g	-24	21	197	0.240129	0.16027	-1.07234	1.11052	0	0.288701
199	u	-63	2	197	0.0738306	-0.0218695	-1.22797	1.25008	0.22107	0.0782346
200	dd_1	-63	1103	197	-0.0679168	0.025585	-10.9607	10.9698	0.442141	0.072635
201	p+	-13	2212	1	0	0	13.4674	13.5	0.93827	-nan
202	n0	-13	2112	2	0	0	-13.4674	13.5	0.93827	-0
203	g	-21	21	231	0	0	0.940332	0.940332	0	-nan
204	g	-21	21	232	0	0	-0.571846	0.571846	0	-0
205	g	-23	21	203	0.721426	-0.0764434	0.0740313	0.729233	0	0.725465
206	g	-23	21	203	-0.721426	0.0764434	0.294455	0.782945	0	0.725465
207	g	-31	21	235	0	0	0.783691	0.783691	0	-nan
208	g	-31	21	236	0	0	-1.27592	1.27592	0	-0
209	g	-33	21	207	-0.295062	-0.520221	0.579198	0.832564	0	0.598073
210	g	-33	21	207	0.295062	0.520221	-1.07143	1.22705	0	0.598073
211	u	-31	2	239	0	0	2.25146	2.25146	0	-nan
212	g	-31	21	240	0	0	-0.137636	0.137636	0	-0
213	u	-33	2	211	0.471114	-0.00428526	1.55612	1.65902	0.33	0.48074
214	g	-33	21	211	-0.471114	0.00428526	0.557708	0.730072	0	0.471133
215	g	-31	21	243	0	0	2.26527	2.26527	0	-nan
216	g	-31	21	244	0	0	-1.44267	1.44267	0	-0
217	g	-33	21	215	0.160528	0.371285	-1.39566	1.4531	0	0.404501
218	g	-33	21	215	-0.160528	-0.371285	2.21826	2.25484	0	0.404501
219	g	-31	21	247	0	0	0.548789	0.548789	0	-nan
220	g	-31	21	248	0	0	-1.5744	1.5744	0	-0
221	g	-33	21	219	-0.274283	0.294249	0.444232	0.599296	0	0.40226
222	g	-33	21	219	0.274283	-0.294249	-1.46985	1.5239	0	0.40226
223	dbar	-31	-1	251	0	0	0.625474	0.625474	0	-nan
224	g	-31	21	252	0	0	-0.564168	0.564168	0	-0
225	dbar	-33	-1	223	-0.25331	0.150855	0.495802	0.664562	0.33	0.339664
226	g	-33	21	223	0.25331	-0.150855	-0.434495	0.52508	0	0.294828
227	g	-31	21	255	0	0	0.796579	0.796579	0	-nan
228	d	-31	1	256	0	0	-0.836937	0.836937	0	-0
229	g	-33	21	227	0.0654185	-0.296707	-0.741402	0.801244	0	0.303833
230	d	-33	1	227	-0.0654185	0.296707	0.701044	0.832273	0.33	0.330961
231	g	-61	21	201	1.32601	1.02432	0.923607	1.91327	0	1.67557
232	g	-61	21	202	-0.102485	0.573146	-0.298001	0.654067	0	0.582237
233	g	-62	21	205	1.05058	0.749748	-0.273747	1.31939	0	1.29067
234	g	-62	21	206	0.172946	0.847722	0.899353	1.24795	0	0.865184
235	g	-61	21	201	-1.05344	-0.511671	0.571213	1.30301	0	1.17113
236	g	-61	21	202	-0.602361	0.275374	-1.21289	1.38195	0	0.662322
237	g	-62	21	209	-1.39535	-0.913881	0.0685356	1.66939	0	1.66799
238	g	-62	21	210	-0.260452	0.677585	-0.710216	1.01556	0	0.725918
239	u	-61	2	201	0.864173	0.403953	3.08835	3.23232	0	0.953925
240	g	-61	21	202	0.177364	0.0829117	-0.049732	0.202004	0	0.195787
241	u	-62	2	213	1.25685	0.363004	2.48833	2.83057	0.33	1.3172
242	g	-62	21	214	-0.215311	0.123861	0.550284	0.603749	0	0.248395
243	g	-61	21	201	-0.596396	-0.562038	2.29277	2.43482	0	0.819497
244	g	-61	21	202	-0.994877	-0.75125	-1.34565	1.83438	0	1.24666
245	g	-62	21	217	-0.789345	-0.343567	-1.37835	1.6251	0	0.860874
246	g	-62	21	218	-0.801929	-0.96972	2.32547	2.6441	0	1.25835
247	g	-61	21	201	-0.187194	-0.619896	0.0358336	0.648534	0	0.647544
248	g	-61	21	202	0.70163	0.866613	-1.10866	1.5724	0	1.11504
249	g	-62	21	221	-0.464083	-0.317889	0.123047	0.575819	0	0.562518
250	g	-62	21	222	0.978519	0.564606	-1.19588	1.64511	0	1.12973
251	dbar	-61	-1	201	0.0591145	0.396026	0.47658	0.622462	0	0.400414
252	g	-61	21	202	-0.43607	-0.218503	-0.411612	0.638221	0	0.487751
253	dbar	-62	-1	225	-0.273258	0.501002	0.41014	0.776394	0.33	0.630462
254	g	-62	21	226	-0.103698	-0.323478	-0.345173	0.484289	0	0.339693
255	g	-61	21	201	-0.351317	-0.319528	0.621201	0.781929	0	0.474892
256	d	-61	1	202	0.681251	-0.430617	-0.666356	1.04574	0	0.805937
257	g	-62	21	229	0.676493	-0.735898	-0.542512	1.13732	0	0.999594
258	d	-62	1	230	-0.34656	-0.0142482	0.497357	0.690341	0.33	0.394892
259	ud_0	-63	2101	201	-0.0117903	-0.122012	2.77908	2.84147	0.57933	0.12521
260	d	-63	1	201	-0.0491623	0.310841	-2.15793	2.20559	0.33	0.318288
261	ud_1	-63	2103	202	0.94421	-0.341531	-2.07181	2.42807	0.77133	1.05893
262	p+	-13	2212	1	0	0	13.4674	13.5	0.93827	-nan
263	p_diffr+	-15	9902210	262	-0.368661	-0.056145	12.0014	14.7598	8.58365	0.458401
264	g	-24	21	263	-0.366888	-0.0558432	-1.33071	1.38149	0	0.371113
265	u	-63	2	263	0.217118	-0.111834	4.11075	4.1308	0.325	0.244987
266	ud_0	-63	2101	263	-0.218891	0.111532	9.22134	9.24749	0.65	0.246277
267	p+	-13	2212	1	0	0	13.4674	13.5	0.93827	-nan
268	n0	-13	2112	2	0	0	-13.4674	13.5	0.93827	-0
269	g	-21	21	300	0	0	1.24382	1.24382	0	-nan
270	g	-21	21	301	0	0	-0.947993	0.947993	0	-0
271	g	-23	21	269	-0.631932	-0.73644	-0.343873	1.02953	0	0.970403
272	g	-23	21	269	0.631932	0.73644	0.639697	1.16228	0	0.970404
273	g	-31	21	304	0	0	0.908363	0.908363	0	-nan
274	d	-31	1	305	0	0	-2.12896	2.12896	0	-0
275	g	-33	21	273	-0.573975	-0.512722	0.63742	0.999318	0	0.769631
276	d	-33	1	273	0.573975	0.512722	-1.85801	2.038	0.33	0.779923
277	d	-31	1	309	0	0	0.255615	0.255615	0	-nan
278	u	-31	2	310	0	0	-2.89842	2.89842	0	-0
279	d	-33	1	277	-0.608809	0.0739582	-0.394645	0.800476	0.33	0.673148
280	u	-33	2	277	0.608809	-0.0739582	-2.24816	2.35356	0.33	0.619403
281	d	-31	1	313	0	0	2.12563	2.12563	0	-nan
282	g	-31	21	314	0	0	-0.356711	0.356711	0	-0
283	d	-33	1	281	-0.246572	0.575507	1.71335	1.85378	0.33	0.636267
284	g	-33	21	281	0.246572	-0.575507	0.0555661	0.628565	0	0.626104
285	g	-31	21	317	0	0	0.224214	0.224214	0	-nan
286	g	-31	21	318	0	0	-2.91425	2.91425	0	-0
287	g	-33	21	285	-0.604347	-0.0517364	-2.3823	2.45831	0	0.606558
288	g	-33	21	285	0.604347	0.0517364	-0.307735	0.680156	0	0.606558
289	g	-31	21	321	0	0	2.85275	2.85275	0	-nan
290	u	-31	2	322	0	0	-1.11033	1.11033	0	-0
291	g	-33	21	289	-0.407466	0.330436	2.73939	2.78917	0	0.524611
292	u	-33	2	289	0.407466	-0.330436	-0.996971	1.17391	0.33	0.546655
293	g	-51	21	275	-0.499211	-0.397039	0.708621	0.953412	0	0.637849
294	g	-51	21	275	0.0620841	0.00656109	-0.504938	0.508782	0	0.0624299
295	d	-52	1	276	0.437126	0.390478	-1.42428	1.57512	0.33	0.599437
296	u	-31	2	325	0	0	1.84494	1.84494	0	-nan
297	g	-31	21	326	0	0	-0.0530477	0.0530477	0	-0
298	u	-33	2	296	0.135912	0.152862	1.43541	1.487	0.33	0.209777
299	g	-33	21	296	-0.135912	-0.152862	0.356479	0.410994	0	0.204546
300	g	-61	21	267	-0.601535	0.230981	0.825042	1.04685	0	0.644358
301	g	-61	21	268	-0.602019	-1.72675	-0.430199	1.87861	0	1.82869
302	g	-62	21	271	-1.45019	-1.89872	0.501208	2.44119	0	2.38918
303	g	-62	21	272	0.246641	0.402949	-0.106366	0.484266	0	0.47244
304	g	-61	21	267	0.231359	-0.904438	0.509824	1.0637	0	0.93356
305	d	-61	1	268	0.410397	0.971646	-1.76284	2.05429	0	1.05476
306	g	-62	21	293	-0.259368	-1.06114	0.0851171	1.09568	0	1.09237
307	d	-62	1	295	0.739656	0.89454	-0.923017	1.51926	0.33	1.18912
308	g	-62	21	294	0.161466	0.233803	-0.415112	0.503044	0	0.284139
309	d	-61	1	267	-0.495198	-0.211468	-0.0193547	0.538809	0	0.538461
310	u	-61	2	268	0.190778	-0.186406	-2.73309	2.74607	0	0.266727
311	d	-62	1	279	-0.922782	-0.15646	-1.14829	1.51772	0.33	0.958893
312	d	-62	1	280	0.618361	-0.241413	-1.60415	1.76715	0.33	0.675702
313	d	-61	1	267	-0.221305	-0.301898	1.97179	2.007	0	0.374324
314	g	-61	21	268	-0.14198	0.503347	-0.153243	0.544977	0	0.522988
315	d	-62	1	283	-0.491383	0.36139	2.0956	2.20738	0.33	0.6169
316	g	-62	21	284	0.128098	-0.159941	-0.277058	0.344604	0	0.204916
317	g	-61	21	267	0.643983	0.658595	-0.484673	1.04085	0	0.92112
318	g	-61	21	268	0.263741	0.504637	-3.15728	3.20821	0	0.569401
319	g	-62	21	287	-0.352255	0.349069	-1.8336	1.89948	0	0.495916
320	g	-62	21	288	1.25998	0.814163	-1.80835	2.34959	0	1.50014
321	g	-61	21	267	-0.416825	0.0659074	2.75583	2.78795	0	0.422003
322	u	-61	2	268	-0.473827	-0.999202	-0.902505	1.42739	0	1.10586
323	g	-62	21	291	-0.82172	0.3591	2.55415	2.707	0	0.896759
324	u	-62	2	292	-0.0689316	-1.29239	-0.700823	1.50834	0.33	1.32636
325	u	-61	2	267	0.23314	-0.202942	1.76627	1.79311	0	0.309095
326	g	-61	21	268	0.469313	0.20869	0.927857	1.06053	0	0.513621
327	u	-62	2	298	0.643056	0.0101718	2.69877	2.7939	0.33	0.64767
328	g	-62	21	299	0.0593974	-0.0044244	-0.00464146	0.0597425	0	0.0595619
329	u	-63	2	267	0.548383	0.576069	-0.247924	0.896072	0.33	0.855473
330	dbar	-63	-1	267	0.0779982	0.0891936	1.84886	1.88181	0.33	0.120352
331	g	-63	21	268	-0.116403	0.724039	-0.714364	1.02377	0	0.733337
332	p+	-13	2212	1	0	0	13.4674	13.5	0.93827	-nan
333	p+	-13	2212	2	0	0	-13.4674	13.5	0.93827	-0
334	g	-21	21	338	0	0	2.18916	2.18916	0	-nan
335	d	-21	1	339	0	0	-0.74699	0.74699	0	-0
336	g	-23	21	334	0.207931	-0.0390097	2.13214	2.14261	0	0.211558
337	d	-23	1	334	-0.207931	0.0390097	-0.689967	0.793544	0.33	0.232627
338	g	-61	21	332	-1.25158	0.922677	2.21264	2.70436	0	1.55493
339	d	-61	1	333	0.384695	0.750404	-0.421306	0.942653	0	0.843265
340	g	-62	21	336	-1.04161	0.856382	2.26177	2.63324	0	1.34846
341	d	-62	1	337	0.174718	0.816699	-0.47044	1.01377	0.33	0.883286
342	ud_0	-63	2101	332	0.642812	-0.575129	8.15416	8.22009	0.57933	0.864693
343	u	-63	2	332	0.608773	-0.347548	0.36156	0.854997	0.33	0.759875
344	uu_1	-63	2203	333	0.708845	-0.155102	-10.4491	10.5026	0.77133	0.72758
345	d	-63	1	333	-0.0404901	-0.153593	1.74313	1.78118	0.33	0.161639
346	dbar	-63	-1	333	-1.05305	-0.441709	-1.60107	1.99408	0.33	1.1579
347	p+	-13	2212	1	0	0	13.4674	13.5	0.93827	-nan
348	p+	-13	2212	2	0	0	-13.4674	13.5	0.93827	-0
349	p_diffr+	-15	9902210	347	-0.17868	-0.149909	13.4283	13.5369	1.69496	0.235086
350	p+	14	2212	348	0.17868	0.149909	-13.4283	13.4631	0.93827	0.21751
351	d	-24	1	349	-0.220654	-0.185123	0.801532	0.897338	0.282494	0.303455
352	uu_1	-63	2203	349	0.0419734	0.0352148	12.6268	12.6396	0.564988	0.054844
353	p+	-13	2212	1	0	0	13.4674	13.5	0.93827	-nan
354	p+	-13	2212	2	0	0	-13.4674	13.5	0.93827	-0
355	p+	14	2212	353	-0.00633151	0.0497226	13.4466	13.4794	0.93827	0.0467485
356	p_diffr+	-15	9902210	354	0.00633151	-0.0497226	-13.4466	13.5206	1.41202	0.0503997
357	g	-24	21	356	0.00658085	-0.0516807	-0.00995206	0.05304	0	0.052098
358	u	-63	2	356	0.126226	0.132536	-8.49882	8.50405	0.235336	0.183097
359	ud_0	-63	2101	356	-0.126476	-0.130578	-4.93782	4.96353	0.470672	0.182611
360	NucRem	14	1000711839	1	0	0	2464.52	2470.5	171.849	-nan
361	NucRem	14	1000741869	2	-5.52336e-15	4.71845e-15	-2504.92	2511	174.664	-1.52696e-05
362	ud_0	-74	2101	86	0.18578	-0.123894	4.39355	4.61704	1.40137	0.234358
363	uu_1	-74	2203	90	0.521399	-1.23754	-1.22933	2.07372	0.992822	1.52959
364	d	-73	1	76	0.962631	-0.638615	2.2508	2.66129	0.825766	1.21518
365	u	-73	2	199	0.313959	0.1384	-2.30031	2.3606	0.404125	0.348252
366	uu_1	-73	2203	193	-0.814073	-0.670131	-0.0990622	1.50477	1.06899	1.49818
367	d	-73	1	174	-1.23077	0.66547	1.77495	2.30564	0.455969	1.42735
368	g	-73	21	176	-0.128757	-1.22328	2.41085	2.72369	0.305477	1.23785
369	dd_1	-73	1103	194	0.462611	1.96386	-4.08702	4.65482	0.94494	2.06051
370	d	-73	1	367	-2.11495	0.66627	3.37023	4.12957	0.882016	2.2698
371	dd_1	-73	1103	140	-0.732319	0.961003	2.87334	3.26467	0.970653	1.26546
372	g	-73	21	316	0.187495	-0.164366	-0.2817	0.404346	0.148224	0.267996
373	g	-73	21	308	1.42145	1.04797	-2.22347	2.85263	0.273779	1.77419
374	ud_0	-73	2101	359	-0.119895	-0.182259	-4.94777	5.01657	0.798717	0.220977
375	g	-73	21	24	0.467321	-0.125101	-6.65242	6.68532	0.45262	0.484889
376	g	-73	21	122	1.10342	-0.673946	1.88131	2.34922	0.55479	1.33059
377	g	-73	21	237	-1.85943	-1.23177	0.191583	2.24521	0.171838	2.23697
378	g	-73	21	245	-0.893043	-0.667045	-1.72353	2.10939	0.486332	1.14552
379	g	-71	21	250	0.978519	0.564606	-1.19588	1.64511	0	1.12973
380	g	-71	21	233	1.05058	0.749748	-0.273747	1.31939	0	1.29067
381	rho+	-82	213	379	1.78083	1.16365	-1.25066	2.57492	0.735265	2.21973
382	pi-	82	-211	379	0.248269	0.150705	-0.218958	0.389579	0.13957	0.311078
383	u	-71	2	365	0.313959	0.1384	-2.30031	2.3606	0.404125	0.348252
384	dd_1	-71	1103	200	-0.0679168	0.025585	-10.9607	10.9698	0.442141	0.072635
385	p+	82	2212	383	0.417895	0.260517	-8.91661	8.97935	0.93827	0.443419
386	pi-	82	-211	383	-0.171853	-0.0965318	-4.34438	4.35109	0.13957	0.19721
387	d	-71	1	184	-0.32035	-0.385816	0.0651477	0.60384	0.33	0.598808
388	dbar	-71	-1	195	0.246073	0.0779444	-0.223236	0.474723	0.33	0.359066
389	pi-	82	-211	387	-0.32461	-0.225843	0.311464	0.522366	0.13957	0.410364
390	pi+	82	211	387	0.250334	-0.0820291	-0.469552	0.556197	0.13957	0.272138
391	u	-71	2	358	0.126226	0.132536	-8.49882	8.50405	0.235336	0.183097
392	ud_0	-71	2101	374	-0.119895	-0.182259	-4.94777	5.01657	0.798717	0.220977
393	pi+	82	211	391	-0.0136305	-0.339802	-2.14123	2.17256	0.13957	0.340779
394	n0	82	2112	391	0.019962	0.29008	-11.3054	11.3481	0.93957	0.26761
395	u	-71	2	33	0.0336616	0.0135476	4.35431	4.36184	0.253614	0.036347
396	g	-71	21	32	0.525657	0.0792929	1.97353	2.04388	0	0.531604
397	dd_1	-71	1103	34	-0.0488951	-0.0158401	7.02164	7.04012	0.507227	0.0515308
398	p+	82	2212	395	0.159805	-0.0618047	5.22001	5.30643	0.93827	0.143302
399	pi-	82	-211	395	0.350618	0.138805	8.12947	8.13941	0.13957	0.37715
400	u	-71	2	130	0.00254042	0.389918	0.180163	0.541665	0.33	0.491716
401	uu_1	-71	2203	141	-0.857951	0.00881463	-0.878422	1.45008	0.77133	1.01323
402	Delta++	-81	2224	400	-0.854346	0.400469	-0.827346	1.86365	1.37783	1.40126
403	d	-72	1	351	-0.220724	-0.185238	0.810085	0.905027	0.282494	0.303308
404	uu_1	-72	2203	352	0.0409794	0.0335935	12.7473	12.76	0.564988	0.053041
405	n0	82	2112	403	0.00906625	-0.202942	4.37242	4.47684	0.93957	0.164166
406	pi+	82	211	403	-0.188811	0.0512975	9.18501	9.18815	0.13957	0.195678
407	u	-71	2	241	1.25685	0.363004	2.48833	2.83057	0.33	1.3172
408	dbar	-71	-1	253	-0.273258	0.501002	0.41014	0.776394	0.33	0.630462
409	pi+	83	211	407	0.89002	0.167001	2.10327	2.29417	0.13957	0.907233
410	omega	-84	223	407	0.0935704	0.697004	0.795208	1.31279	0.772334	0.869687
411	rho0	-83	113	41	0.109466	-0.211012	1.55425	1.68129	0.595439	0.25419
412	n0	84	2112	41	-0.0168583	0.192933	11.7907	11.8296	0.93957	0.178851
413	u	-71	2	145	-0.305987	-0.0518051	-8.39893	8.41095	0.325	0.310573
414	g	-71	21	144	0.0371445	0.0645764	0.0302372	0.0803997	0	0.0744972
415	dd_1	-71	1103	146	0.316612	0.070274	-5.0289	5.08109	0.65	0.327003
416	pi0	-83	111	413	-0.600146	-0.347143	-3.91282	3.97606	0.13498	0.693713
417	Delta0	-84	2114	413	0.647916	0.430188	-9.48477	9.59638	1.23477	0.784244
418	p+	83	2212	37	0.590559	-0.102439	3.67903	3.84381	0.93827	0.467203
419	rho-	-84	-213	37	-0.454779	-0.351947	9.61092	9.66416	0.833963	0.57721
420	s	-71	3	134	-0.234024	-0.52064	0.419049	0.866854	0.5	0.698773
421	sbar	-71	-3	126	0.480329	-0.156254	6.45023	6.48927	0.5	0.506611
422	eta	-83	221	420	-0.3094	-0.113888	0.390197	0.749061	0.54785	0.483447
423	phi	-84	333	420	0.555705	-0.563006	6.47908	6.60706	1.02419	0.800744
424	pi0	-83	111	45	-0.19317	0.100764	0.0485606	0.260856	0.13498	0.254609
425	p+	84	2212	45	0.254181	0.0494252	13.2527	13.2883	0.93827	0.24126
426	d	-71	1	258	-0.34656	-0.0142482	0.497357	0.690341	0.33	0.394892
427	ud_1	-71	2103	261	0.94421	-0.341531	-2.07181	2.42807	0.77133	1.05893
428	pi-	83	-211	426	-0.363467	-0.144373	0.406014	0.580757	0.13957	0.402899
429	Delta+	-84	2214	426	0.961117	-0.211405	-1.98047	2.53765	1.24459	1.12923
430	d	-71	1	22	-1.78834	1.74967	0.640652	2.60362	0.33	2.52224
431	ud_0	-71	2101	28	-1.51228	-0.0559071	-1.43698	2.16579	0.57933	1.57054
432	pi0	-83	111	430	-0.383111	-0.0763146	-0.374131	0.557486	0.13498	0.402617
433	pi0	-84	111	430	-1.58919	1.63295	0.499962	2.33672	0.13498	2.28242
434	n0	84	2112	430	-1.32832	0.137122	-0.92216	1.87521	0.93957	0.769904
435	d	-71	1	81	0.173844	0.345233	-1.78069	1.8518	0.33	0.392821
436	dbar	-71	-1	80	-0.298953	0.394791	1.30809	1.43709	0.33	0.508806
437	pi-	83	-211	435	0.120155	0.207818	-1.22767	1.25869	0.13957	0.241542
438	pi0	-84	111	435	0.132604	0.331634	0.384469	0.54185	0.13498	0.368788
439	pi+	84	211	435	0.0759701	-0.383545	0.269806	0.495129	0.13957	0.407522
440	rho0	-84	113	435	-0.453837	0.584117	0.100798	0.993226	0.655117	0.984131
441	omega	-83	223	345	-0.246359	0.0789492	0.516883	0.976625	0.787212	0.43711
442	pi0	-83	111	345	-0.013598	0.0370035	0.183497	0.231182	0.13498	0.0485594
443	K*0	-83	313	345	-0.337822	-0.219969	0.40973	1.06086	0.891651	0.744024
444	K*bar0	-84	-313	345	-0.495761	-0.491286	-0.968055	1.50659	0.919537	0.881102
445	u	-71	2	180	0.895279	-0.292393	-7.09956	7.16935	0.33	0.942816
446	uu_1	-71	2203	366	-0.814073	-0.670131	-0.0990622	1.50477	1.06899	1.49818
447	K+	83	321	445	-0.190378	-0.10363	-0.48941	0.728166	0.49368	0.294872
448	Kbar0	-83	-311	445	0.718701	0.310669	-2.96502	3.10677	0.49761	0.793213
449	pi-	83	-211	445	0.323356	0.0473342	-2.53491	2.5597	0.13957	0.327289
450	Delta++	-84	2224	445	-0.770473	-1.2169	-1.20928	2.2795	1.28813	1.74576
451	d	-71	1	260	-0.0491623	0.310841	-2.15793	2.20559	0.33	0.318288
452	ud_0	-71	2101	259	-0.0117903	-0.122012	2.77908	2.84147	0.57933	0.12521
453	rho0	-83	113	451	-0.243661	0.227959	-0.642714	1.02192	0.721036	0.470862
454	rho0	-83	113	451	0.132663	-0.053591	0.29452	0.678394	0.594142	0.296436
455	rho-	-84	-213	451	-0.0144428	-0.0311379	-0.811529	1.33228	1.05603	0.0562997
456	p+	84	2212	451	0.0644886	0.0455999	1.78087	2.01447	0.93827	0.0476827
457	pi+	83	211	343	0.467138	-0.1898	0.0888263	0.530671	0.13957	0.522623
458	pi-	83	-211	343	0.155824	-0.213869	-0.496627	0.579775	0.13957	0.272632
459	pi+	83	211	343	0.13368	0.490227	-0.84961	0.999755	0.13957	0.513152
460	pi-	83	-211	343	0.0167062	-0.360421	-0.255751	0.463757	0.13957	0.378349
461	p+	84	2212	343	0.0129669	-0.248034	-7.62597	7.68748	0.93827	0.219701
462	pi+	84	211	343	0.531302	0.0192467	-0.94842	1.09619	0.13957	0.536013
463	d	-71	1	123	-1.1791	-0.770747	-2.58785	2.96482	0.33	1.41747
464	dd_1	-71	1103	371	-0.732319	0.961003	2.87334	3.26467	0.970653	1.26546
465	K0	-83	311	463	-0.424059	-0.712919	-0.95771	1.36121	0.49761	0.891188
466	Sigma*+	-83	3224	463	-1.0865	0.692873	-0.305195	1.91502	1.38334	1.86347
467	Deltabar--	-83	-2224	463	0.188677	-0.348869	0.723904	1.46234	1.2071	0.702654
468	n0	84	2112	463	-0.589544	0.559171	0.824492	1.49091	0.93957	0.387001
469	g	-71	21	331	-0.116403	0.724039	-0.714364	1.02377	0	0.733337
470	d	-71	1	315	-0.491383	0.36139	2.0956	2.20738	0.33	0.6169
471	d	-71	1	312	0.618361	-0.241413	-1.60415	1.76715	0.33	0.675702
472	d	-71	1	311	-0.922782	-0.15646	-1.14829	1.51772	0.33	0.958893
473	pi-	86	-211	469	0.269269	-0.156352	-0.893137	0.956099	0.13957	0.314742
474	pi+	86	211	469	-0.389557	-0.148463	0.00857605	0.439715	0.13957	0.439622
475	rho-	-83	-213	469	-0.207033	0.381172	0.720396	1.20237	0.859403	0.620224
476	rho0	-83	113	469	-0.222299	-0.100994	0.490664	0.940747	0.764616	0.419112
477	pi+	84	211	469	0.0208985	0.260466	-0.407481	0.503786	0.13957	0.271948
478	rho-	-84	-213	469	0.226321	0.0257579	-0.617199	1.09887	0.88017	0.380463
479	n0	88	2112	469	-0.609805	0.425968	-0.673022	1.37443	0.93957	0.322462
480	d	-71	1	341	0.174718	0.816699	-0.47044	1.01377	0.33	0.883286
481	g	-71	21	340	-1.04161	0.856382	2.26177	2.63324	0	1.34846
482	ud_0	-71	2101	342	0.642812	-0.575129	8.15416	8.22009	0.57933	0.864693
483	pi0	-83	111	480	-0.36727	0.375759	0.133208	0.558611	0.13498	0.541481
484	pi0	-83	111	480	0.510033	0.494085	0.02375	0.723213	0.13498	0.722809
485	pi-	83	-211	480	-0.705686	0.230409	0.0992622	0.761849	0.13957	0.755128
486	pi+	84	211	480	0.0792783	-0.0258526	1.76097	1.76846	0.13957	0.083648
487	Delta+	-84	2214	480	0.187077	0.132781	6.59312	6.70613	1.2043	0.2332
488	pi-	84	-211	480	0.0724902	-0.109228	1.33518	1.34884	0.13957	0.131802
489	g	-71	21	303	0.246641	0.402949	-0.106366	0.484266	0	0.47244
490	u	-71	2	327	0.643056	0.0101718	2.69877	2.7939	0.33	0.64767
491	u	-71	2	329	0.548383	0.576069	-0.247924	0.896072	0.33	0.855473
492	g	-71	21	302	-1.45019	-1.89872	0.501208	2.44119	0	2.38918
493	u	-71	2	324	-0.0689316	-1.29239	-0.700823	1.50834	0.33	1.32636
494	pi+	86	211	489	0.254794	0.279815	0.647695	0.763024	0.13957	0.384934
495	K*0	-86	313	489	0.183379	-0.570556	1.45494	1.81876	0.912063	0.692696
496	pi0	-83	111	489	-0.316108	-0.346394	-0.125505	0.503869	0.13498	0.486739
497	rho+	-83	213	489	-0.756883	-1.70574	-0.170516	2.19721	1.14728	2.1881
498	Sigma-	87	3112	489	0.00781241	-0.992222	0.18861	1.56653	1.19745	1.53898
499	pi+	84	211	489	0.545959	1.13317	0.149635	1.27437	0.13957	1.26545
500	ud_0	-74	2101	362	0.18578	-0.123894	4.39355	4.61704	1.40137	0.234358
501	d	-71	1	95	-0.0790601	-0.268534	-3.57416	3.60027	0.33	0.281114
502	n0	87	2112	500	0.364175	0.0993205	3.25515	3.409	0.93957	0.284455
503	pi+	83	211	500	-0.748395	-0.305025	0.215935	0.848082	0.13957	0.81934
504	pi-	83	-211	500	0.499962	-0.00858913	-1.32433	1.42245	0.13957	0.50246
505	eta	-83	221	500	0.26247	-0.452244	0.333385	0.827466	0.54785	0.697717
506	pi0	-84	111	500	-0.271491	0.27411	-1.66075	1.71031	0.13498	0.38701
507	u	-71	2	265	0.217118	-0.111834	4.11075	4.1308	0.325	0.244987
508	g	-71	21	264	-0.366888	-0.0558432	-1.33071	1.38149	0	0.371113
509	ud_0	-71	2101	266	-0.218891	0.111532	9.22134	9.24749	0.65	0.246277
510	pi0	-83	111	507	-0.0275741	-0.19757	1.02362	1.05158	0.13498	0.201149
511	rho0	-83	113	507	0.584563	0.278516	0.897785	1.35045	0.773577	0.789974
512	pi0	-83	111	507	-0.52934	-0.509652	0.964555	1.22005	0.13498	0.739348
513	pi0	-83	111	507	-0.0122139	0.179264	-0.110893	0.250602	0.13498	0.213257
514	rho0	-83	113	507	-0.246723	-0.00575034	1.1077	1.41	0.836772	0.306622
515	pi0	-83	111	507	-0.265862	-0.032658	-0.424285	0.519603	0.13498	0.277383
516	pi0	-84	111	507	0.356148	0.315455	1.91048	1.97345	0.13498	0.476882
517	pi+	84	211	507	0.196046	-0.281795	0.122832	0.390397	0.13957	0.367575
518	n0	84	2112	507	-0.423705	0.198046	6.50959	6.59365	0.93957	0.405194
519	g	-71	21	376	1.10342	-0.673946	1.88131	2.34922	0.55479	1.33059
520	g	-71	21	135	0.460903	0.352671	-0.195979	0.612549	0	0.580352
521	g	-71	21	138	0.199041	0.655566	-1.74455	1.87426	0	0.685116
522	g	-71	21	131	0.709394	-0.329432	-6.46704	6.51417	0	0.782154
523	Sigma-	83	3112	519	0.834228	-0.282051	0.507278	1.57057	1.19745	1.36093
524	Lambdabar0	83	-3122	519	0.378288	-0.00971747	0.456314	1.26339	1.11568	1.51866
525	rho+	-84	213	519	0.509245	0.0277359	-1.14254	1.66421	1.09731	0.678346
526	rho-	-84	-213	519	0.648382	0.736513	-4.12362	4.48079	1.45272	1.03728
527	pi+	84	211	519	-0.0110408	-0.111499	-1.72157	1.73085	0.13957	0.11241
528	pi0	-84	111	519	0.113657	-0.356122	-0.502128	0.640385	0.13498	0.38241
529	g	-71	21	238	-0.260452	0.677585	-0.710216	1.01556	0	0.725918
530	g	-71	21	234	0.172946	0.847722	0.899353	1.24795	0	0.865184
531	g	-71	21	242	-0.215311	0.123861	0.550284	0.603749	0	0.248395
532	g	-71	21	246	-0.801929	-0.96972	2.32547	2.6441	0	1.25835
533	g	-71	21	377	-1.85943	-1.23177	0.191583	2.24521	0.171838	2.23697
534	g	-71	21	257	0.676493	-0.735898	-0.542512	1.13732	0	0.999594
535	g	-71	21	378	-0.893043	-0.667045	-1.72353	2.10939	0.486332	1.14552
536	pi0	-83	111	529	-0.381686	-0.230191	0.323961	0.567311	0.13498	0.458905
537	K+	83	321	529	-0.506861	0.000841357	0.457087	0.842352	0.49368	0.625556
538	K*bar0	-83	-313	529	-0.262599	-1.31423	-0.704031	1.77225	0.921443	1.56894
539	eta	-83	221	529	-0.199946	-0.13332	-0.274204	0.658088	0.54785	0.433751
540	pi-	83	-211	529	-0.30837	0.330288	0.102194	0.483844	0.13957	0.471926
541	omega	-83	223	529	-0.502635	-0.25266	-0.385321	1.03544	0.779215	0.854264
542	pi0	-83	111	529	0.216816	-0.357661	-0.74785	0.867427	0.13498	0.423405
543	rho+	-84	213	529	-0.44055	0.272383	0.459637	1.0658	0.810179	0.797176
544	Delta0	-84	2114	529	0.126856	-0.770786	0.825249	1.82202	1.42426	1.25253
545	Deltabar-	-84	-2214	529	-0.921752	0.500067	0.933711	1.88875	1.26328	1.41063
546	d	-71	1	307	0.739656	0.89454	-0.923017	1.51926	0.33	1.18912
547	g	-71	21	373	1.42145	1.04797	-2.22347	2.85263	0.273779	1.77419
548	g	-71	21	319	-0.352255	0.349069	-1.8336	1.89948	0	0.495916
549	g	-71	21	372	0.187495	-0.164366	-0.2817	0.404346	0.148224	0.267996
550	g	-71	21	323	-0.82172	0.3591	2.55415	2.707	0	0.896759
551	g	-71	21	306	-0.259368	-1.06114	0.0851171	1.09568	0	1.09237
552	dbar	-71	-1	330	0.0779982	0.0891936	1.84886	1.88181	0.33	0.120352
553	eta	-83	221	546	1.02514	0.982594	-1.57003	2.18667	0.54785	1.46679
554	rho-	-83	-213	546	0.379497	0.317227	-0.897381	1.28002	0.767151	0.617887
555	pi+	83	211	546	-0.235044	0.666608	-1.21063	1.4088	0.13957	0.710326
556	K0	-83	311	546	0.489577	0.0778602	-0.294263	0.761548	0.49761	0.654865
557	K-	83	-321	546	0.173162	0.303703	-0.369082	0.708634	0.49368	0.487318
558	omega	-83	223	546	-0.217603	0.156951	-0.257611	0.865424	0.781416	0.624256
559	pi+	84	211	546	0.207103	-0.355713	0.812881	0.92178	0.13957	0.416412
560	omega	-84	223	546	-0.640126	-0.0924797	0.513277	1.13974	0.78565	0.89277
561	pi0	-84	111	546	0.13946	0.095489	1.67832	1.6922	0.13498	0.169559
562	pi0	-84	111	546	0.00905468	-0.100557	0.243686	0.296304	0.13498	0.113416
563	rho0	-84	113	546	-0.336971	-0.537314	0.577169	1.09909	0.687468	0.812881
564	uu_1	-74	2203	363	0.521399	-1.23754	-1.22933	2.07372	0.992822	1.52959
565	g	-71	21	84	-0.0811937	0.352531	-3.25974	3.27975	0	0.36176
566	g	-71	21	85	-0.261207	-0.368925	-2.15349	2.20042	0	0.452033
567	g	-71	21	89	-1.00726	0.393172	0.236499	1.10684	0	1.08127
568	g	-71	21	77	-0.140362	0.952794	1.12534	1.48119	0	0.963077
569	g	-71	21	94	0.0243785	0.198984	2.68313	2.69061	0	0.200472
570	d	-71	1	364	0.962631	-0.638615	2.2508	2.66129	0.825766	1.21518
571	rho+	-83	213	564	0.131048	-0.535199	-1.26977	1.61444	0.830955	0.642676
572	p+	87	2212	564	0.275526	-0.506079	-1.32868	1.72562	0.93827	0.313267
573	pi-	83	-211	564	-0.101044	-0.194688	-0.272559	0.376672	0.13957	0.236158
574	rho0	-83	113	564	-0.0750949	0.258028	-2.75904	2.95498	1.02342	0.286463
575	rho+	-84	213	564	-0.545202	-0.137173	-0.803217	1.26602	0.800999	0.725967
576	pi0	-84	111	564	0.0998093	0.490389	0.327073	0.612895	0.13498	0.51304
577	K-	84	-321	564	-0.693361	0.23265	0.558663	1.04437	0.49368	0.829932
578	K+	84	321	564	0.358133	0.0612841	1.14405	1.29791	0.49368	0.392868
579	pi-	84	-211	564	-0.0971638	0.357708	0.447498	0.597604	0.13957	0.381212
580	omega	-84	223	564	0.306424	-0.0898752	1.39899	1.62773	0.768346	0.362228
581	omega	-84	223	564	0.359312	-0.284641	2.2102	2.37556	0.740393	0.482424
582	d	-71	1	370	-2.11495	0.66627	3.37023	4.12957	0.882016	2.2698
583	g	-71	21	183	0.529612	-0.0337518	4.39678	4.42869	0	0.530687
584	g	-71	21	368	-0.128757	-1.22328	2.41085	2.72369	0.305477	1.23785
585	g	-71	21	188	0.998515	-0.266679	1.0595	1.4801	0	1.03351
586	dd_1	-71	1103	369	0.462611	1.96386	-4.08702	4.65482	0.94494	2.06051
587	K0	-83	311	582	-0.461213	0.0202208	1.22028	1.39636	0.49761	0.494095
588	K-	83	-321	582	-1.17237	0.584858	3.08974	3.39215	0.49368	1.32426
589	pi0	-83	111	582	0.0337721	-0.360184	0.0910484	0.396714	0.13498	0.384717
590	rho0	-83	113	582	-0.246919	-0.0208024	3.43025	3.57644	0.981274	0.257682
591	pi+	83	211	582	0.217245	-0.25871	0.826333	0.903567	0.13957	0.34193
592	pi-	83	-211	582	-0.218725	-0.706828	1.48573	1.66563	0.13957	0.742508
593	pi+	84	211	582	0.846119	-0.147931	0.0885258	0.87471	0.13957	0.870101
594	rho-	-84	-213	582	0.296301	0.555487	0.247563	1.00231	0.739577	0.932783
595	p+	84	2212	582	0.45342	0.207407	-0.927549	1.41043	0.93827	0.223556
596	rho-	-84	-213	582	-0.000601823	1.23289	-2.40159	2.79855	0.737734	1.2781
597	d	-71	1	29	0.323527	0.314312	0.521169	0.764185	0.33	0.5001
598	g	-71	21	375	0.467321	-0.125101	-6.65242	6.68532	0.45262	0.484889
599	g	-71	21	26	-0.867523	-0.955082	-3.21823	3.46724	0	1.29026
600	g	-71	21	23	1.48123	-0.336185	2.29326	2.75066	0	1.5189
601	ud_1	-71	2103	27	1.09624	-0.346432	8.4364	8.54924	0.77133	1.15438
602	pi-	83	-211	597	0.472935	0.126939	-0.490563	0.707045	0.13957	0.499503
603	pi+	83	211	597	-0.238717	0.0820354	0.111831	0.309357	0.13957	0.282842
604	pi-	83	-211	597	0.413469	0.148485	-0.807819	0.930084	0.13957	0.444354
605	K*+	-83	323	597	-0.210195	-0.458849	-2.33926	2.55362	0.891122	0.538559
606	Kbar0	-83	-311	597	-0.249684	0.344965	-0.627634	0.907129	0.49761	0.509312
607	pi0	-83	111	597	0.720398	-0.310862	-3.77984	3.86277	0.13498	0.785087
608	pi-	84	-211	597	-0.300898	-0.207891	-0.164476	0.424606	0.13957	0.387248
609	rho0	-84	113	597	-0.343179	-0.239988	-0.288777	1.1158	0.993099	0.918567
610	eta	-84	221	597	0.181571	-0.634608	0.262701	0.897133	0.54785	0.833544
611	pi+	84	211	597	-0.0589456	0.379426	0.511974	0.655008	0.13957	0.393003
612	pi-	84	-211	597	0.139249	-0.564195	1.12046	1.26988	0.13957	0.584667
613	Delta++	-84	2224	597	0.626159	0.210128	1.97012	2.46506	1.32625	0.783546
614	rho-	-84	-213	597	1.34864	-0.324072	5.90148	6.11915	0.832311	1.40004
615	pi+	91	211	381	0.0929683	-0.0331278	-0.149905	0.227359	0.13957	0.125024
616	pi0	-91	111	381	1.68786	1.19678	-1.10076	2.34756	0.13498	2.07252
617	p+	91	2212	402	-0.606783	0.0254221	-0.300713	1.15742	0.93827	0.196389
618	pi+	91	211	402	-0.247563	0.375047	-0.526633	0.706236	0.13957	0.458427
619	pi+	91	211	411	0.0925265	0.128134	0.959193	0.982095	0.13957	0.159669
620	pi-	91	-211	411	0.0169394	-0.339145	0.595056	0.699198	0.13957	0.346542
621	n0	91	2112	417	0.72323	0.233763	-7.97728	8.0683	0.93957	0.676159
622	pi0	-91	111	417	-0.0753141	0.196425	-1.5075	1.52808	0.13498	0.211195
623	pi-	91	-211	419	-0.326023	-0.247167	9.09984	9.11011	0.13957	0.409172
624	pi0	-91	111	419	-0.128755	-0.10478	0.511076	0.554053	0.13498	0.171159
625	p+	91	2212	429	0.672093	-0.0286203	-1.77229	2.11516	0.93827	0.417634
626	pi0	-91	111	429	0.289025	-0.182785	-0.208176	0.422495	0.13498	0.360886
627	pi+	91	211	440	-0.36777	0.315642	-0.214286	0.547981	0.13957	0.501178
628	pi-	91	-211	440	-0.0860668	0.268475	0.315084	0.445246	0.13957	0.296897
629	K+	91	321	443	-0.276682	-0.379021	0.111621	0.690209	0.49368	0.671475
630	pi-	91	-211	443	-0.0611395	0.159051	0.298109	0.370654	0.13957	0.183936
631	K-	91	-321	444	-0.0303389	-0.348806	-0.726488	0.945564	0.49368	0.410517
632	pi+	91	211	444	-0.465422	-0.142479	-0.241566	0.561027	0.13957	0.502541
633	K_L0	91	130	448	0.718701	0.310669	-2.96502	3.10677	0.49761	0.793213
634	p+	91	2212	450	-0.278614	-0.69052	-0.778515	1.42859	0.93827	0.33891
635	pi+	91	211	450	-0.491858	-0.526377	-0.430765	0.850903	0.13957	0.730306
636	pi+	91	211	453	0.175971	0.17826	-0.0673754	0.294553	0.13957	0.284443
637	pi-	91	-211	453	-0.419632	0.049699	-0.575339	0.727362	0.13957	0.430566
638	pi+	91	211	454	0.288111	-0.179451	0.18602	0.411454	0.13957	0.36082
639	pi-	91	-211	454	-0.155449	0.12586	0.1085	0.26694	0.13957	0.23464
640	pi-	91	-211	455	-0.255685	-0.294538	0.0226386	0.414873	0.13957	0.414176
641	pi0	-91	111	455	0.241242	0.2634	-0.834168	0.917406	0.13498	0.36111
642	K_S0	91	310	465	-0.424059	-0.712919	-0.95771	1.36121	0.49761	0.891188
643	Lambda0	91	3122	466	-1.08873	0.760932	-0.267021	1.75511	1.11568	0.626885
644	pi+	91	211	466	0.00223573	-0.0680591	-0.0381738	0.159919	0.13957	0.139495
645	pbar-	91	-2212	467	0.298022	-0.205536	0.715415	1.23419	0.93827	0.980902
646	pi-	91	-211	467	-0.109345	-0.143333	0.00848942	0.22815	0.13957	0.227898
647	pi-	91	-211	475	0.180422	-0.099129	0.00604761	0.248787	0.13957	0.24868
648	pi0	-91	111	475	-0.387456	0.480301	0.714348	0.953585	0.13498	0.623376
649	pi+	91	211	476	0.166422	-0.253674	0.0911234	0.346165	0.13957	0.331534
650	pi-	91	-211	476	-0.388721	0.15268	0.399541	0.594582	0.13957	0.429635
651	pi-	91	-211	478	-0.272717	0.159624	-0.110429	0.362669	0.13957	0.342365
652	pi0	-91	111	478	0.499038	-0.133866	-0.50677	0.736202	0.13498	0.52559
653	n0	91	2112	487	0.233702	-0.0534752	5.70586	5.78767	0.93957	0.203522
654	pi+	91	211	487	-0.0466254	0.186256	0.887264	0.918467	0.13957	0.194259
655	K0	-91	311	495	-0.163071	-0.337465	1.054	1.22434	0.49761	0.410208
656	pi0	-91	111	495	0.34645	-0.233091	0.400946	0.594421	0.13498	0.428764
657	pi+	91	211	497	-0.369455	-1.12676	-0.631826	1.35084	0.13957	1.19217
658	pi0	-91	111	497	-0.387428	-0.578975	0.46131	0.846368	0.13498	0.705676
659	pi+	91	211	511	-0.0546243	0.154287	-0.0205463	0.216079	0.13957	0.214396
660	pi-	91	-211	511	0.639188	0.124229	0.918332	1.13437	0.13957	0.656133
661	pi+	91	211	514	0.122933	-0.304521	0.616891	0.712657	0.13957	0.334884
662	pi-	91	-211	514	-0.369656	0.298771	0.490811	0.697341	0.13957	0.485115
663	pi+	91	211	525	0.308071	0.463039	-0.988485	1.14276	0.13957	0.560354
664	pi0	-91	111	525	0.201175	-0.435303	-0.154059	0.521454	0.13498	0.496463
665	pi-	91	-211	526	0.895256	0.143307	-1.36143	1.64164	0.13957	0.909948
666	pi0	-91	111	526	-0.246875	0.593206	-2.76219	2.83915	0.13498	0.643254
667	K-	91	-321	538	-0.114569	-0.932316	-0.1538	1.07225	0.49368	1.05816
668	pi+	91	211	538	-0.14803	-0.38191	-0.550231	0.700002	0.13957	0.417988
669	pi+	91	211	543	-0.440954	0.309432	-0.0292742	0.557248	0.13957	0.556427
670	pi0	-91	111	543	0.000404689	-0.0370486	0.488911	0.508554	0.13498	0.0384291
671	n0	91	2112	544	-0.00568978	-0.159172	0.316068	1.00402	0.93957	0.0290039
672	pi0	-91	111	544	0.132546	-0.611615	0.509181	0.818001	0.13498	0.63451
673	pbar-	91	-2212	545	-0.503744	0.440659	0.462581	1.24188	0.93827	1.79347
674	pi0	-91	111	545	-0.418009	0.0594079	0.47113	0.646873	0.13498	0.431713
675	pi-	91	-211	554	-0.0810379	0.27495	-0.0759495	0.327739	0.13957	0.316807
676	pi0	-91	111	554	0.460535	0.0422769	-0.821431	0.952286	0.13498	0.467189
677	K_S0	91	310	556	0.489577	0.0778602	-0.294263	0.761548	0.49761	0.654865
678	pi+	91	211	563	-0.203971	-0.240155	0.651613	0.737128	0.13957	0.32089
679	pi-	91	-211	563	-0.132999	-0.297159	-0.0744442	0.361958	0.13957	0.352851
680	pi+	91	211	571	0.286988	-0.592851	-1.22172	1.39496	0.13957	0.661982
681	pi0	-91	111	571	-0.155939	0.0576512	-0.0480422	0.219473	0.13498	0.210846
682	pi+	91	211	574	-0.140027	-0.365673	-1.08653	1.16334	0.13957	0.394415
683	pi-	91	-211	574	0.0649324	0.623701	-1.67251	1.79165	0.13957	0.628983
684	pi+	91	211	575	0.0599634	-0.300862	-0.262242	0.427041	0.13957	0.324606
685	pi0	-91	111	575	-0.605165	0.16369	-0.540976	0.838984	0.13498	0.635187
686	K_L0	91	130	587	-0.461213	0.0202208	1.22028	1.39636	0.49761	0.494095
687	pi+	91	211	590	-0.486292	-0.138736	3.03254	3.07758	0.13957	0.506215
688	pi-	91	-211	590	0.239373	0.117933	0.397718	0.498866	0.13957	0.277947
689	pi-	91	-211	594	0.232667	0.038364	-0.168799	0.321836	0.13957	0.261698
690	pi0	-91	111	594	0.0636337	0.517123	0.416362	0.680472	0.13498	0.531587
691	pi-	91	-211	596	-0.258762	0.477022	-1.41563	1.5225	0.13957	0.544981
692	pi0	-91	111	596	0.25816	0.755871	-0.985955	1.27605	0.13498	0.803248
693	K0	-91	311	605	-0.102069	-0.560235	-1.38632	1.57917	0.49761	0.600025
694	pi+	91	211	605	-0.108126	0.101386	-0.952944	0.97445	0.13957	0.149768
695	K_S0	91	310	606	-0.249684	0.344965	-0.627634	0.907129	0.49761	0.509312
696	pi+	91	211	609	0.031189	0.2765	-0.339783	0.460822	0.13957	0.291967
697	pi-	91	-211	609	-0.374368	-0.516488	0.0510055	0.654975	0.13957	0.652892
698	p+	91	2212	613	0.390672	-0.148544	1.44249	1.77082	0.93827	0.231701
699	pi+	91	211	613	0.235487	0.358671	0.52763	0.694243	0.13957	0.438011
700	pi-	91	-211	614	0.468332	-0.113942	3.7177	3.75141	0.13957	0.482327
701	pi0	-91	111	614	0.880303	-0.210131	2.18378	2.36774	0.13498	0.90651
702	K_S0	91	310	655	-0.163071	-0.337465	1.054	1.22434	0.49761	0.410208
703	K_L0	91	130	693	-0.102069	-0.560235	-1.38632	1.57917	0.49761	0.600025
704	pi+	91	211	410	0.15907	0.236644	0.187897	0.368902	0.13957	0.308035
705	pi-	91	-211	410	-0.0674358	0.341515	0.657694	0.757113	0.13957	0.354179
706	pi0	-91	111	410	0.00193577	0.118845	-0.0503824	0.186778	0.13498	0.171967
707	gamma	91	22	416	-0.00364754	-0.0302525	-0.143334	0.146537	0	0.0304716
708	gamma	91	22	416	-0.596499	-0.31689	-3.76949	3.82953	0	0.675448
709	pi0	-91	111	422	-0.125403	-0.0586373	0.290454	0.348924	0.13498	0.150123
710	pi0	-91	111	422	-0.193243	-0.01649	0.0170611	0.236908	0.13498	0.235997
711	pi0	-91	111	422	0.00924612	-0.0387604	0.0826815	0.163229	0.13498	0.0708666
712	K_L0	91	130	423	0.337878	-0.330713	4.00701	4.06538	0.49761	0.476375
713	K_S0	91	310	423	0.217827	-0.232293	2.47207	2.54168	0.49761	0.324731
714	gamma	91	22	424	-0.0483399	-0.0327587	0.0204559	0.0618735	0	0.0583942
715	gamma	91	22	424	-0.14483	0.133523	0.0281048	0.198983	0	0.196988
716	gamma	91	22	432	-0.342649	-0.107613	-0.347798	0.499952	0	0.35915
717	gamma	91	22	432	-0.0404616	0.0312987	-0.0263329	0.0575342	0	0.0511542
718	gamma	91	22	433	-1.38655	1.3558	0.421665	1.98457	0	1.93926
719	gamma	91	22	433	-0.20264	0.277154	0.0782977	0.352148	0	0.343333
720	gamma	91	22	438	0.0301074	0.0983951	0.207615	0.231715	0	0.102898
721	gamma	91	22	438	0.102496	0.233239	0.176855	0.310135	0	0.254766
722	pi+	91	211	441	-0.0824753	-0.0952109	0.300215	0.354226	0.13957	0.137052
723	pi-	91	-211	441	-0.308831	0.0605138	0.0709057	0.351491	0.13957	0.342895
724	pi0	-91	111	441	0.144947	0.113646	0.145763	0.270909	0.13498	0.212434
725	gamma	91	22	442	0.0342178	-0.0374357	0.0831937	0.0974345	0	0.0507177
726	gamma	91	22	442	-0.0478158	0.0744391	0.100304	0.133747	0	0.0884733
727	gamma	91	22	483	-0.303746	0.273392	0.153304	0.436471	0	0.408662
728	gamma	91	22	483	-0.0635247	0.102367	-0.0200962	0.12214	0	0.120475
729	gamma	91	22	484	0.093508	0.0277219	0.00383727	0.0976062	0	0.0975308
730	gamma	91	22	484	0.416525	0.466363	0.0199127	0.625607	0	0.62529
731	gamma	91	22	496	-0.121119	-0.176703	0.00503868	0.214288	0	0.214228
732	gamma	91	22	496	-0.194989	-0.16969	-0.130544	0.289581	0	0.258487
733	pi+	91	211	505	0.111055	-0.0363096	0.106284	0.210779	0.13957	0.15592
734	pi-	91	-211	505	0.0662754	-0.0618176	-0.000665991	0.166415	0.13957	0.166411
735	pi0	-91	111	505	0.085139	-0.354117	0.227766	0.450272	0.13498	0.381765
736	gamma	91	22	506	-0.0679694	0.0724915	-0.722339	0.729142	0	0.0993723
737	gamma	91	22	506	-0.203522	0.201619	-0.93841	0.981164	0	0.286481
738	gamma	91	22	510	-0.0461769	-0.0604296	0.162636	0.17954	0	0.0760529
739	gamma	91	22	510	0.0186028	-0.137141	0.860985	0.872037	0	0.138397
740	gamma	91	22	512	-0.0163898	-0.0641096	0.0651102	0.0928332	0	0.0661715
741	gamma	91	22	512	-0.51295	-0.445542	0.899444	1.12722	0	0.67943
742	gamma	91	22	513	-0.0242284	0.0803284	0.019837	0.0862158	0	0.0839027
743	gamma	91	22	513	0.0120145	0.0989353	-0.13073	0.164387	0	0.0996621
744	gamma	91	22	515	-0.0549219	0.042945	-0.150084	0.165487	0	0.0697186
745	gamma	91	22	515	-0.21094	-0.075603	-0.274202	0.354116	0	0.22408
746	gamma	91	22	516	0.172402	0.214709	1.27194	1.3014	0	0.275358
747	gamma	91	22	516	0.183746	0.100746	0.638538	0.672044	0	0.209553
748	gamma	91	22	528	0.125457	-0.226954	-0.393166	0.470985	0	0.259321
749	gamma	91	22	528	-0.0117998	-0.129168	-0.108962	0.1694	0	0.129706
750	gamma	91	22	536	-0.136268	-0.102662	0.203731	0.265734	0	0.170612
751	gamma	91	22	536	-0.245418	-0.127529	0.12023	0.301577	0	0.276575
752	gamma	91	22	539	-0.219036	0.0215274	0.108076	0.245195	0	0.220091
753	gamma	91	22	539	0.0190905	-0.154847	-0.38228	0.412893	0	0.156019
754	pi+	91	211	541	0.012986	-0.219135	0.0569269	0.266288	0.13957	0.257762
755	pi-	91	-211	541	-0.226046	-0.12932	-0.219242	0.367923	0.13957	0.281461
756	pi0	-91	111	541	-0.289575	0.0957948	-0.223007	0.401226	0.13498	0.323888
757	gamma	91	22	542	-0.0174398	-0.0472096	-0.0952284	0.10771	0	0.0503279
758	gamma	91	22	542	0.234256	-0.310452	-0.652622	0.759717	0	0.388916
759	gamma	91	22	553	0.670426	0.942042	-1.09527	1.59265	0	1.15625
760	gamma	91	22	553	0.354717	0.0405521	-0.474761	0.594025	0	0.357028
761	pi+	91	211	558	-0.0944613	-0.0101769	0.111078	0.202101	0.13957	0.131364
762	pi-	91	-211	558	-0.213052	0.0992878	-0.0215584	0.274215	0.13957	0.273069
763	pi0	-91	111	558	0.0899101	0.0678402	-0.347131	0.389108	0.13498	0.12009
764	pi+	91	211	560	-0.474362	-0.0434796	0.184989	0.529727	0.13957	0.493799
765	pi-	91	-211	560	0.00392805	-0.180057	0.0492432	0.233111	0.13957	0.224857
766	pi0	-91	111	560	-0.169691	0.131057	0.279045	0.376904	0.13498	0.22964
767	gamma	91	22	561	0.141088	0.119136	1.59242	1.60309	0	0.184659
768	gamma	91	22	561	-0.00162774	-0.0236466	0.0858962	0.0891065	0	0.0237025
769	gamma	91	22	562	-0.0394667	-0.0814534	0.222158	0.239888	0	0.0905112
770	gamma	91	22	562	0.0485214	-0.0191039	0.0215277	0.0564156	0	0.0521467
771	gamma	91	22	576	0.00198929	0.157397	0.0397994	0.162363	0	0.15741
772	gamma	91	22	576	0.09782	0.332992	0.287273	0.450531	0	0.347063
773	pi+	91	211	580	-0.0550104	0.119195	0.424189	0.465456	0.13957	0.137609
774	pi-	91	-211	580	0.370201	-0.014384	0.610624	0.727734	0.13957	0.377488
775	pi0	-91	111	580	-0.00876622	-0.194686	0.364179	0.43454	0.13498	0.205025
776	pi+	91	211	581	0.195742	-0.127956	0.953625	0.99175	0.13957	0.236204
777	pi-	91	-211	581	0.148584	0.110226	0.286128	0.368207	0.13957	0.199925
778	pi0	-91	111	581	0.0149868	-0.266911	0.970448	1.01561	0.13498	0.269724
779	gamma	91	22	589	0.028516	-0.366525	0.0701692	0.374269	0	0.367633
780	gamma	91	22	589	0.00525605	0.00634135	0.0208792	0.022445	0	0.00823643
781	gamma	91	22	607	0.400183	-0.106087	-1.83235	1.87854	0	0.414006
782	gamma	91	22	607	0.320215	-0.204776	-1.94749	1.98423	0	0.380093
783	pi+	91	211	610	0.0470139	-0.352829	0.274847	0.470871	0.13957	0.372696
784	pi-	91	-211	610	0.0589014	-0.0816175	-0.0193451	0.173161	0.13957	0.170049
785	pi0	-91	111	610	0.0756552	-0.200161	0.00719886	0.2531	0.13498	0.252957
786	gamma	91	22	616	0.100057	0.103651	-0.101717	0.176356	0	0.144066
787	gamma	91	22	616	1.5878	1.09313	-0.999043	2.17121	0	1.92771
788	gamma	91	22	622	-0.0786671	0.0769556	-0.42553	0.43953	0	0.110049
789	gamma	91	22	622	0.00335306	0.11947	-1.08197	1.08855	0	0.119517
790	gamma	91	22	624	-0.15717	-0.0937324	0.424415	0.462187	0	0.182998
791	gamma	91	22	624	0.0284143	-0.0110476	0.0866606	0.0918667	0	0.0304864
792	gamma	91	22	626	0.0359806	-0.00682683	-0.0813487	0.0892123	0	0.0366226
793	gamma	91	22	626	0.253044	-0.175958	-0.126827	0.333283	0	0.308209
794	gamma	91	22	641	0.0301132	0.0232672	-0.236869	0.239906	0	0.0380548
795	gamma	91	22	641	0.211129	0.240133	-0.597299	0.6775	0	0.319749
796	gamma	91	22	648	-0.262227	0.349992	0.409113	0.598857	0	0.43733
797	gamma	91	22	648	-0.125229	0.13031	0.305235	0.354727	0	0.180729
798	gamma	91	22	652	0.429557	-0.161405	-0.425603	0.625866	0	0.45888
799	gamma	91	22	652	0.0694806	0.0275393	-0.0811666	0.110336	0	0.0747393
800	gamma	91	22	656	0.259325	-0.235959	0.337017	0.486319	0	0.350608
801	gamma	91	22	656	0.0871256	0.0028682	0.0639293	0.108102	0	0.0871728
802	gamma	91	22	658	-0.0502296	-0.170975	0.145079	0.22979	0	0.1782
803	gamma	91	22	658	-0.337199	-0.408	0.316231	0.616579	0	0.529308
804	gamma	91	22	664	0.153811	-0.280916	-0.037847	0.322497	0	0.320268
805	gamma	91	22	664	0.0473637	-0.154388	-0.116212	0.198957	0	0.161489
806	gamma	91	22	666	-0.242666	0.434292	-2.07274	2.13161	0	0.49749
807	gamma	91	22	666	-0.00420861	0.158913	-0.689451	0.707541	0	0.158969
808	gamma	91	22	670	-0.0499462	0.0097654	0.0868989	0.100705	0	0.0508919
809	gamma	91	22	670	0.0503509	-0.046814	0.402012	0.407849	0	0.0687515
810	gamma	91	22	672	-0.0109043	-0.24815	0.175078	0.303891	0	0.24839
811	gamma	91	22	672	0.143451	-0.363464	0.334103	0.51411	0	0.390749
812	gamma	91	22	674	-0.0491809	-0.0131238	0.00987582	0.051851	0	0.0509018
813	gamma	91	22	674	-0.368828	0.0725317	0.461255	0.595021	0	0.375892
814	gamma	91	22	676	0.169858	0.0202896	-0.183292	0.250718	0	0.171065
815	gamma	91	22	676	0.290677	0.0219874	-0.638139	0.701569	0	0.291508
816	gamma	91	22	681	-0.013139	0.0696181	-0.0163681	0.0727133	0	0.0708471
817	gamma	91	22	681	-0.1428	-0.0119669	-0.0316741	0.14676	0	0.143301
818	gamma	91	22	685	-0.220522	0.114838	-0.161665	0.296569	0	0.248632
819	gamma	91	22	685	-0.384643	0.0488519	-0.37931	0.542414	0	0.387733
820	gamma	91	22	690	-0.0121308	0.379317	0.316667	0.494274	0	0.379511
821	gamma	91	22	690	0.0757644	0.137806	0.0996945	0.186198	0	0.15726
822	gamma	91	22	692	0.0287782	0.0671875	-0.0388411	0.0827706	0	0.0730914
823	gamma	91	22	692	0.229382	0.688683	-0.947114	1.19328	0	0.725879
824	gamma	91	22	701	0.297189	-0.135892	0.81574	0.87876	0	0.326784
825	gamma	91	22	701	0.583115	-0.0742384	1.36804	1.48898	0	0.587822
826	gamma	91	22	706	0.0315148	0.0851603	-0.0893408	0.127386	0	0.0908045
827	gamma	91	22	706	-0.0295791	0.0336851	0.0389584	0.0593916	0	0.0448286
828	gamma	91	22	709	-0.0932387	-0.0024509	0.0632982	0.112721	0	0.0932709
829	gamma	91	22	709	-0.0321643	-0.0561864	0.227156	0.236202	0	0.0647415
830	gamma	91	22	710	-0.0693251	0.0570103	-0.0100041	0.0903119	0	0.0897561
831	gamma	91	22	710	-0.123918	-0.0735003	0.0270651	0.146597	0	0.144076
832	gamma	91	22	711	-0.039081	0.0215235	0.0727339	0.0853276	0	0.044616
833	gamma	91	22	711	0.0483271	-0.0602839	0.00994761	0.0779013	0	0.0772636
834	gamma	91	22	724	0.105094	0.0184618	0.127256	0.166071	0	0.106703
835	gamma	91	22	724	0.0398535	0.0951845	0.0185064	0.104837	0	0.103191
836	gamma	91	22	735	-0.0110151	-0.221912	0.157443	0.272314	0	0.222186
837	gamma	91	22	735	0.0961541	-0.132205	0.0703229	0.177958	0	0.163474
838	gamma	91	22	756	-0.0669205	0.053862	-0.131074	0.156716	0	0.0859038
839	gamma	91	22	756	-0.222655	0.0419328	-0.0919329	0.24451	0	0.226569
840	gamma	91	22	763	0.0329192	0.0913346	-0.123246	0.156893	0	0.097086
841	gamma	91	22	763	0.0569909	-0.0234944	-0.223884	0.232216	0	0.0616438
842	gamma	91	22	766	-0.113779	0.148987	0.170052	0.253102	0	0.187464
843	gamma	91	22	766	-0.0559123	-0.0179295	0.108993	0.123803	0	0.0587167
844	gamma	91	22	775	-0.0360796	0.00232577	0.0786924	0.0866005	0	0.0361545
845	gamma	91	22	775	0.0273134	-0.197012	0.285486	0.34794	0	0.198896
846	gamma	91	22	778	-0.0056133	0.011179	0.0116971	0.0171261	0	0.0125092
847	gamma	91	22	778	0.0206001	-0.27809	0.958751	0.99848	0	0.278852
848	gamma	91	22	785	0.101286	-0.122463	0.0417079	0.164304	0	0.158922
849	gamma	91	22	785	-0.025631	-0.0776982	-0.0345091	0.0887966	0	0.0818166
