Particle List (1st event only)
******************************************************
JobID: 20200430	No. Events: 1000	SNN: 62.4

Simulation Parameters:
Version: Pythia8 Angantyr
Type of Cut: pseudorapidity (n)
Cut: 0.1
Calorimeter (r=regular, c=calorimeter): r
Counting method: d

I	particle/jet	status	KF	orig	p_x	p_y	p_z	E	m
=========================================================
0	system	-11	90	0	0	0	0	12292.8	12292.8	-nan
1	197Au	-12	1000791970	0	0	0	6143.66	6146.4	183.473	-nan
2	197Au	-12	1000791970	0	0	0	-6143.66	6146.4	183.473	-1.60397e-05
3	n0	-13	2112	1	0	0	31.1859	31.2	0.93957	-nan
4	n0	-13	2112	2	0	0	-31.1859	31.2	0.93957	-0
5	g	-21	21	17	0	0	0.38666	0.38666	0	-nan
6	g	-21	21	18	0	0	-12.3808	12.3808	0	-0
7	g	-23	21	5	-0.950558	-0.380935	-11.6384	11.6833	0	1.02405
8	g	-23	21	5	0.950558	0.380935	-0.355715	1.08407	0	1.02405
9	g	-31	21	43	0	0	1.18903	1.18903	0	-nan
10	d	-31	1	44	0	0	-1.42164	1.42164	0	-0
11	g	-33	21	9	-0.808238	-0.424536	0.785179	1.20415	0	0.912951
12	d	-33	1	9	0.808238	0.424536	-1.01779	1.40651	0.33	0.939166
13	g	-31	21	47	0	0	0.588693	0.588693	0	-nan
14	d	-31	1	48	0	0	-2.0837	2.0837	0	-0
15	g	-33	21	13	0.690695	-0.310403	0.203132	0.78401	0	0.757238
16	d	-33	1	13	-0.690695	0.310403	-1.69814	1.88838	0.33	0.769072
17	g	-41	21	37	-1.11022e-16	-2.77556e-17	0.547141	0.547141	0	1.14439e-16
18	g	-42	21	28	0	0	-12.3808	12.3808	0	-0
19	g	-44	21	7	-0.914802	-0.367045	-9.76916	9.81877	0	0.98569
20	g	-44	21	8	1.52973	0.605921	-1.28304	2.08649	0	1.64537
21	g	-43	21	17	-0.614932	-0.238876	-0.781403	1.02264	0	0.6597
22	u	-31	2	51	0	0	8.17395	8.17395	0	-nan
23	ubar	-31	-2	52	0	0	-0.498015	0.498015	0	-0
24	g	-33	21	22	0.535433	0.35933	7.94654	7.97266	0	0.644831
25	g	-33	21	22	-0.535433	-0.35933	-0.270602	0.699308	0	0.644831
26	g	-51	21	20	1.42449	0.425451	-2.0349	2.52012	0	1.48667
27	g	-51	21	20	0.105241	0.180471	0.0905346	0.227688	0	0.208915
28	g	-53	21	38	-5.2321e-15	-3.9443e-31	-13.0421	13.0421	0	-5.2321e-15
29	g	-31	21	55	0	0	0.313841	0.313841	0	-nan
30	u	-31	2	56	0	0	-3.06975	3.06975	0	-0
31	g	-33	21	29	-0.0590144	-0.372598	0.17092	0.414157	0	0.377243
32	u	-33	2	29	0.0590144	0.372598	-2.92683	2.96943	0.33	0.379594
33	g	-31	21	59	0	0	0.914494	0.914494	0	-nan
34	g	-31	21	60	0	0	-1.84199	1.84199	0	-0
35	g	-33	21	33	-0.20017	0.198533	0.881584	0.925567	0	0.281928
36	g	-33	21	33	0.20017	-0.198533	-1.80908	1.83091	0	0.281928
37	g	-61	21	3	-0.846707	0.150092	0.229808	0.890086	0	0.859907
38	g	-61	21	4	-0.635725	-0.110286	-13.1972	13.2129	0	0.645221
39	g	-62	21	19	-1.46279	-0.446478	-10.5283	10.6388	0	1.52941
40	g	-62	21	26	0.988854	0.478235	-1.20335	1.62929	0	1.09843
41	g	-62	21	21	-0.867248	-0.215721	-1.28554	1.56565	0	0.893675
42	g	-62	21	27	-0.141246	0.22377	0.0498262	0.269269	0	0.264619
43	g	-61	21	3	0.215484	-0.563728	0.907586	1.08992	0	0.603508
44	d	-61	1	4	-1.41315	0.0310679	-1.16808	1.83368	0	1.4135
45	g	-62	21	11	-0.809684	-0.978451	0.916276	1.56605	0	1.27002
46	d	-62	1	12	-0.387986	0.445791	-1.17677	1.35755	0.33	0.609259
47	g	-61	21	3	0.158313	-0.279959	0.534962	0.6242	0	0.321621
48	d	-61	1	4	-0.257934	0.146803	-2.03417	2.05571	0	0.296785
49	g	-62	21	15	0.76861	-0.507809	-0.055592	0.922888	0	0.921212
50	d	-62	1	16	-0.868231	0.374653	-1.44362	1.75702	0.33	0.96275
51	u	-61	2	3	-0.138196	1.63709	6.47797	6.68306	0	1.64291
52	ubar	-61	-2	4	1.58218	-1.10791	1.73654	2.59737	0	1.93152
53	g	-62	21	24	0.46067	1.96195	6.62724	6.92688	0	2.0153
54	g	-62	21	25	0.983318	-1.43277	1.58728	2.35355	0	1.73774
55	g	-61	21	3	0.648952	-1.0451	-0.672145	1.40184	0	1.23019
56	u	-61	2	4	-0.306435	-0.238773	-2.65575	2.68401	0	0.388478
57	g	-62	21	31	0.505841	-1.4004	-1.16993	1.8936	0	1.48895
58	u	-62	2	32	-0.163324	0.116521	-2.15797	2.19225	0.33	0.202941
59	g	-61	21	3	0.198388	-0.165545	0.87663	0.913916	0	0.258385
60	g	-61	21	4	0.892722	-0.265632	-1.89446	2.11104	0	0.931404
61	g	-62	21	35	-0.00994878	0.0395238	0.825677	0.826682	0	0.0407567
62	g	-62	21	36	1.10106	-0.4707	-1.8435	2.19827	0	1.19745
63	dd_1	-63	1103	3	-0.236234	0.267156	17.475	17.4956	0.77133	0.356968
64	d	-63	1	4	0.651813	-0.413884	0.751144	1.12662	0.33	0.807532
65	dbar	-63	-1	4	-0.162176	0.260491	-3.0316	3.06491	0.33	0.308644
66	u	-63	2	4	-0.721507	1.26492	-4.15502	4.41516	0.33	1.46031
67	n0	-13	2112	1	0	0	31.1859	31.2	0.93827	-nan
68	p_diffr+	-15	9902210	67	-0.000714392	0.0109073	31.0973	31.2683	3.26493	0.0109907
69	g	-24	21	68	-0.000653139	0.00997009	-0.0713261	0.0720225	0	0.00999146
70	u	-63	2	68	0.404084	0.13145	12.803	12.8142	0.325	0.425063
71	dd_1	-63	1103	68	-0.404145	-0.130513	18.3657	18.3821	0.65	0.424962
72	n0	-13	2112	1	0	0	31.1859	31.2	0.93827	-nan
73	p_diffr+	-15	9902210	72	0.0180377	-0.0551293	31.171	31.2015	1.37681	0.0580617
74	u	-24	2	73	0.0291614	-0.0891282	1.12792	1.15484	0.229468	0.0956855
75	dd_1	-63	1103	73	-0.0111237	0.0339989	30.0431	30.0467	0.458936	0.0357766
76	n0	-13	2112	1	0	0	31.1859	31.2	0.93827	-nan
77	p_diffr+	-15	9902210	76	-0.0992382	0.27346	31.127	31.2877	3.1532	0.292399
78	g	-24	21	77	-0.0962938	0.265348	0.208755	0.351085	0	0.28228
79	d	-63	1	77	-0.0282173	-0.01941	5.30761	5.31766	0.325	0.0343127
80	ud_1	-63	2103	77	0.0252728	0.027522	25.6106	25.6189	0.65	0.0373775
81	p+	-13	2212	1	0	0	31.1859	31.2	0.93827	-nan
82	p_diffr+	-15	9902210	81	0.452126	0.203964	31.1669	31.2425	2.11457	0.497143
83	d	-24	1	82	0.491049	0.221524	2.87257	2.94066	0.325	0.542025
84	uu_1	-63	2203	82	-0.0389233	-0.0175602	28.2944	28.3019	0.65	0.0427124
85	n0	-13	2112	1	0	0	31.1859	31.2	0.93957	-nan
86	p+	-13	2212	2	0	0	-31.1859	31.2	0.93827	-0
87	g	-21	21	95	0	0	1.31449	1.31449	0	-nan
88	g	-21	21	96	0	0	-8.07802	8.07802	0	-0
89	g	-23	21	87	-1.21261	-0.302397	0.955374	1.57309	0	1.24975
90	g	-23	21	87	1.21261	0.302397	-7.71891	7.81942	0	1.24975
91	g	-31	21	105	0	0	7.45145	7.45145	0	-nan
92	u	-31	2	106	0	0	-0.272099	0.272099	0	-0
93	g	-33	21	91	0.852643	-0.151985	6.54118	6.59826	0	0.866083
94	u	-33	2	91	-0.852643	0.151985	0.638176	1.12529	0.33	0.905913
95	g	-41	21	100	1.11022e-16	2.22045e-16	3.49203	3.49203	0	2.48253e-16
96	g	-42	21	101	-3.05311e-16	-3.05311e-16	-8.07802	8.07802	0	-4.31775e-16
97	g	-44	21	89	-0.844139	0.0369065	1.13752	1.417	0	0.844945
98	g	-44	21	90	1.22726	0.315886	-7.85617	7.95772	0	1.26726
99	g	-43	21	95	-0.383124	-0.352793	2.13265	2.19532	0	0.520813
100	g	-61	21	85	0.00968714	-0.730257	3.4682	3.54426	0	0.730321
101	g	-61	21	86	-0.268655	-0.470457	-8.08476	8.10289	0	0.541761
102	g	-62	21	97	-0.845126	-0.239229	1.14671	1.44445	0	0.878333
103	g	-62	21	98	0.965029	-0.151682	-7.86149	7.92195	0	0.976877
104	g	-62	21	99	-0.378871	-0.809803	2.09822	2.28075	0	0.894049
105	g	-61	21	85	0.793047	0.389286	7.93292	7.98196	0	0.88344
106	u	-61	2	86	0.163428	0.342378	-0.138081	0.40373	0	0.379383
107	g	-62	21	93	1.58567	0.241385	7.09608	7.27509	0	1.60394
108	u	-62	2	94	-0.629198	0.49028	0.698761	1.1106	0.33	0.835392
109	ud_0	-63	2101	85	-0.780438	-0.132817	18.4442	18.4703	0.57933	0.792048
110	d	-63	1	85	-0.103476	0.224571	0.191475	0.454645	0.33	0.359467
111	u	-63	2	86	0.0228234	0.170231	-3.81491	3.833	0.33	0.172394
112	ud_0	-63	2101	86	0.354384	-0.0830306	-8.91835	8.94456	0.57933	0.364747
113	ubar	-63	-2	86	-0.27198	0.040878	-9.87423	9.88357	0.33	0.275188
114	n0	-13	2112	2	0	0	-31.1859	31.2	0.93827	-0
115	p_diffr+	-15	9902210	114	0.0811803	0.249216	-30.3924	31.9811	9.95095	0.275795
116	g	-24	21	115	0.0789979	0.242516	0.744883	0.787341	0	0.255058
117	u	-63	2	115	0.311121	0.0530948	-26.2122	26.2161	0.325	0.315643
118	dd_1	-63	1103	115	-0.308939	-0.0463947	-4.92512	4.97764	0.65	0.315101
119	n0	-13	2112	1	0	0	31.1859	31.2	0.93957	-nan
120	p+	-13	2212	2	0	0	-31.1859	31.2	0.93827	-0
121	d	-21	1	129	0	0	15.9107	15.9107	0	-nan
122	g	-21	21	130	0	0	-1.83417	1.83417	0	-0
123	d	-23	1	121	-1.59062	-0.925594	15.3777	15.491	0.33	1.84075
124	g	-23	21	121	1.59062	0.925594	-1.30122	2.25388	0	1.84033
125	d	-31	1	134	0	0	1.1606	1.1606	0	-nan
126	g	-31	21	135	0	0	-4.62092	4.62092	0	-0
127	d	-33	1	125	1.35496	1.22512	0.0139138	1.85632	0.33	1.85627
128	g	-33	21	125	-1.35496	-1.22512	-3.47424	3.9252	0	1.8267
129	d	-42	1	160	-2.05391e-15	4.21885e-15	15.9107	15.9107	0	4.69225e-15
130	g	-41	21	161	1.33227e-15	-3.10862e-15	-5.99542	5.99542	0	-3.38208e-15
131	d	-44	1	123	-1.56723	-0.971832	14.9082	15.0254	0.33	1.84453
132	g	-44	21	124	2.32503	-0.525964	-1.06842	2.61227	0	2.38378
133	g	-43	21	130	-0.757805	1.4978	-3.92449	4.26841	0	1.67859
134	d	-41	1	142	-1.11022e-16	-6.66134e-16	2.45977	2.45977	0	6.75322e-16
135	g	-42	21	143	5.55112e-17	3.33067e-16	-4.62092	4.62092	0	-3.37661e-16
136	d	-44	1	127	1.80429	2.3097	-0.721009	3.03627	0.33	2.94837
137	g	-44	21	128	-1.24661	-0.963605	-1.94435	2.50261	0	1.57562
138	g	-43	21	134	-0.557683	-1.34609	0.504208	1.54182	0	1.45704
139	g	-51	21	132	2.65759	-0.949602	-0.53461	2.87234	0	2.82215
140	g	-51	21	132	-0.433811	0.361093	0.426786	0.70762	0	0.564429
141	d	-52	1	131	-1.46597	-0.909287	13.9476	14.0578	0.33	1.72555
142	d	-42	1	167	-4.16334e-17	-2.77556e-16	2.45977	2.45977	0	2.80661e-16
143	g	-41	21	168	6.93889e-17	3.33067e-16	-6.51408	6.51408	0	-3.40218e-16
144	d	-44	1	136	1.87536	2.62681	-0.657428	3.31032	0.33	3.24371
145	g	-44	21	137	-1.1625	-0.588283	-2.16729	2.52876	0	1.30288
146	g	-44	21	138	-0.538058	-1.25852	0.306986	1.40272	0	1.36871
147	g	-43	21	143	-0.174794	-0.780008	-1.53657	1.73205	0	0.799353
148	g	-51	21	145	-0.150857	-0.558794	-1.5816	1.68418	0	0.578799
149	g	-51	21	145	-0.870859	0.166889	-0.633008	1.08947	0	0.886706
150	d	-52	1	144	1.73457	2.43043	-0.610112	3.06543	0.33	3.00337
151	dbar	-51	-1	140	-0.267326	0.48345	0.356594	0.735694	0.33	0.618108
152	d	-51	1	140	0.564343	-0.383494	-0.0768239	0.761809	0.33	0.757025
153	g	-52	21	139	1.92676	-0.688465	-0.387594	2.08245	0	2.04607
154	d	-51	1	150	0.028904	0.422766	0.203558	0.574371	0.33	0.517734
155	g	-51	21	150	1.52408	2.04246	-0.945659	2.71822	0	2.54843
156	g	-52	21	149	-0.689276	0.132091	-0.501019	0.862304	0	0.701818
157	g	-51	21	146	0.0821454	-0.0987408	-0.433293	0.45193	0	0.128443
158	g	-51	21	146	-0.687987	-1.46226	0.144413	1.62246	0	1.61602
159	g	-52	21	147	-0.107011	-0.477529	-0.940704	1.06038	0	0.489372
160	d	-61	1	119	0.259711	-1.0651	15.8244	15.8623	0	1.09631
161	g	-61	21	120	0.692916	1.26698	-5.89677	6.07102	0	1.44408
162	d	-62	1	141	-1.23205	-1.82602	13.6736	13.8538	0.33	2.20342
163	g	-62	21	153	2.08542	-0.482667	-0.372336	2.17269	0	2.14055
164	g	-62	21	133	-0.282874	2.34265	-3.68719	4.3776	0	2.35967
165	dbar	-62	-1	151	-0.236952	0.483979	0.410768	0.753666	0.33	0.599383
166	d	-62	1	152	0.619083	-0.316068	-0.0972105	0.775573	0.33	0.768098
167	d	-61	1	119	-0.888318	0.946039	2.35324	2.68735	0	1.29773
168	g	-61	21	120	-0.787846	0.584386	-6.56734	6.64019	0	0.980923
169	d	-62	1	154	-0.141908	0.595621	0.126782	0.707019	0.33	0.692333
170	g	-62	21	148	-0.358815	-0.399248	-1.53334	1.62458	0	0.536793
171	g	-62	21	157	0.0290008	-0.0586438	-0.413121	0.418269	0	0.0654228
172	g	-62	21	159	-0.242279	-0.37086	-0.894323	0.998023	0	0.442986
173	g	-62	21	156	-0.854378	0.277726	-0.615553	1.08904	0	0.898384
174	g	-62	21	155	0.973826	2.55404	-1.1169	2.95278	0	2.73339
175	g	-62	21	158	-1.08161	-1.0682	0.232353	1.53783	0	1.52018
176	u	-63	2	119	0.347907	-0.0655601	12.5225	12.5318	0.33	0.354153
177	ud_0	-63	2101	120	-0.480053	-0.76183	-14.3489	14.3887	0.57933	0.901195
178	u	-63	2	120	0.574983	-1.08954	-3.94678	4.14773	0.33	1.23586
179	n0	-13	2112	2	0	0	-31.1859	31.2	0.93827	-0
180	p_diffr+	-15	9902210	179	0.2807	0.184624	-31.1262	31.2709	2.98512	0.337515
181	g	-24	21	180	0.23571	0.155033	-0.307714	0.417472	0	0.282125
182	u	-63	2	180	-0.338532	-0.247503	-19.0735	19.0808	0.325	0.41942
183	dd_1	-63	1103	180	0.383522	0.277094	-11.7451	11.7725	0.65	0.473872
184	p+	-13	2212	1	0	0	31.1859	31.2	0.93827	-nan
185	n0	-13	2112	2	0	0	-31.1859	31.2	0.93957	-0
186	ubar	-21	-2	193	0	0	3.2749	3.2749	0	-nan
187	g	-21	21	194	0	0	-1.28921	1.28921	0	-0
188	ubar	-23	-2	186	-0.312149	-1.04458	2.91621	3.13078	0.33	1.09633
189	g	-23	21	186	0.312149	1.04458	-0.930521	1.43334	0	1.09022
190	g	-51	21	189	0.381579	0.688223	-1.03708	1.30184	0	0.786926
191	g	-51	21	189	-0.114363	0.205994	0.522377	0.573053	0	0.235611
192	ubar	-52	-2	188	-0.267217	-0.894217	2.5004	2.68922	0.33	0.940396
193	ubar	-61	-2	184	-0.91604	-1.39866	3.45943	3.84227	0	1.67194
194	g	-61	21	185	-0.587165	-0.272727	-1.19608	1.36005	0	0.647413
195	ubar	-62	-2	192	-1.09832	-2.0783	2.60193	3.52201	0.33	2.36105
196	g	-62	21	190	-0.129483	0.439445	-0.924659	1.03193	0	0.458124
197	g	-62	21	191	-0.275406	-0.0325351	0.586079	0.64838	0	0.277322
198	uu_1	-63	2203	184	-0.0654809	0.369513	11.4647	11.4967	0.77133	0.376117
199	d	-63	1	184	0.362454	-0.0440431	2.73178	2.77576	0.33	0.367728
200	u	-63	2	184	0.706745	0.994482	11.6619	11.7302	0.33	1.22052
201	ud_0	-63	2101	185	0.212642	0.425457	-22.0583	22.0711	0.57933	0.475801
202	d	-63	1	185	0.374523	-0.15273	-7.58825	7.60618	0.33	0.404849
203	n0	-13	2112	2	0	0	-31.1859	31.2	0.93827	-0
204	p_diffr+	-15	9902210	203	-0.0876777	0.0787093	-29.661	32.7178	13.8081	0.129966
205	Pomeron	-13	990	204	-0.0876777	0.0787092	1.51906	1.52362	0	0.117824
206	p+	-13	2212	204	-2.51135e-08	1.3616e-07	-31.18	31.1941	0.93827	-7.89041e-08
207	g	-21	21	211	-0.0511726	0.0459382	0.886589	0.889252	0	0.0687674
208	dbar	-21	-1	212	3.08198e-06	-2.76587e-06	-0.236346	0.236346	0	4.14109e-06
209	g	-23	21	207	-0.108574	-0.298089	0.550232	0.635138	0	0.317247
210	dbar	-23	-1	207	0.0574049	0.344025	0.100012	0.49046	0.33	0.47146
211	g	-61	21	205	0.169031	-0.0275439	0.373896	0.411252	0	0.17126
212	dbar	-61	-1	206	-0.936872	-0.050195	0.434592	1.03398	0	0.938216
213	g	-62	21	209	-0.119217	-0.361776	0.438488	0.580832	0	0.380913
214	dbar	-62	-1	210	-0.648625	0.284037	0.37	0.864402	0.33	0.766116
215	u	-63	2	205	0.499323	-0.139719	-0.465885	0.771229	0.33	0.573671
216	ubar	-63	-2	205	-0.706918	0.201883	-1.18124	1.42994	0.33	0.755576
217	u	-63	2	206	0.310107	-0.236362	-3.25347	3.29332	0.33	0.391887
218	dd_1	-63	1103	206	0.224914	0.307547	-25.0646	25.0794	0.77133	0.381194
219	d	-63	1	206	0.352738	0.0230998	-0.504242	0.698654	0.33	0.401051
220	p+	-13	2212	1	0	0	31.1859	31.2	0.93827	-nan
221	n0	-13	2112	2	0	0	-31.1859	31.2	0.93957	-0
222	u	-21	2	230	0	0	5.78219	5.78219	0	-nan
223	dbar	-21	-1	231	0	0	-0.949309	0.949309	0	-0
224	u	-23	2	222	-0.0824202	1.27745	5.19523	5.36078	0.33	1.28254
225	dbar	-23	-1	222	0.0824202	-1.27745	-0.362346	1.37072	0.33	1.3189
226	u	-31	2	234	0	0	0.159961	0.159961	0	-nan
227	g	-31	21	235	0	0	-8.09542	8.09542	0	-0
228	u	-33	2	226	-1.00017	-0.467977	-4.58571	4.72832	0.33	1.10694
229	g	-33	21	226	1.00017	0.467977	-3.34975	3.52706	0	1.10424
230	u	-61	2	220	1.12207	-0.564478	6.05749	6.18635	0	1.25605
231	dbar	-61	-1	221	0.528901	-0.236801	-0.867189	1.04299	0	0.579492
232	u	-62	2	224	0.952641	0.758699	5.33542	5.48258	0.33	1.22006
233	dbar	-62	-1	225	0.698325	-1.55998	-0.145113	1.74675	0.33	1.74049
234	u	-61	2	220	-0.87477	-0.359822	-1.03328	1.40085	0	0.945883
235	g	-61	21	221	-0.833139	-0.235284	-9.10273	9.14381	0	0.865725
236	u	-62	2	228	-2.16262	-0.851019	-8.86959	9.17495	0.33	2.32555
237	g	-62	21	229	0.454712	0.255913	-1.26642	1.3697	0	0.52178
238	ud_0	-63	2101	220	0.518504	0.435521	24.2646	24.281	0.57933	0.677337
239	ubar	-63	-2	220	-0.765799	0.488779	-7.42488	7.48753	0.33	0.909373
240	u	-63	2	221	-0.0511275	1.56605	-8.13397	8.29008	0.33	1.56813
241	dd_1	-63	1103	221	0.700751	-0.613878	-3.97934	4.15909	0.77133	0.948057
242	d	-63	1	221	-0.04032	-0.0587876	0.245455	0.417409	0.33	0.116415
243	p+	-13	2212	1	0	0	31.1859	31.2	0.93827	-nan
244	p_diffr+	-15	9902210	243	-0.305066	-0.421302	31.1598	31.1909	1.29331	0.520602
245	u	-24	2	244	-0.394656	-0.545028	9.46216	9.48851	0.215551	0.673084
246	ud_0	-63	2101	244	0.0895902	0.123726	21.6976	21.7024	0.431103	0.152787
247	p+	-13	2212	1	0	0	31.1859	31.2	0.93827	-nan
248	n0	-13	2112	2	0	0	-31.1859	31.2	0.93957	-0
249	u	-21	2	261	0	0	5.36352	5.36352	0	-nan
250	g	-21	21	262	0	0	-1.21073	1.21073	0	-0
251	u	-23	2	249	0.784	-0.790426	5.02661	5.15899	0.33	1.11558
252	g	-23	21	249	-0.784	0.790426	-0.873812	1.41527	0	1.1133
253	d	-31	1	291	0	0	3.93683	3.93683	0	-nan
254	g	-31	21	292	0	0	-2.72184	2.72184	0	-0
255	d	-33	1	253	0.512201	-0.851877	3.77229	3.91499	0.33	0.997555
256	g	-33	21	253	-0.512201	0.851877	-2.5573	2.74369	0	0.994005
257	u	-31	2	316	0	0	1.68202	1.68202	0	-nan
258	dbar	-31	-1	317	0	0	-1.20694	1.20694	0	-0
259	u	-33	2	257	0.00800975	0.949475	1.26125	1.61283	0.33	0.970031
260	dbar	-33	-1	257	-0.00800975	-0.949475	-0.786165	1.27614	0.33	0.982942
261	u	-42	2	304	-4.78784e-16	-9.29812e-16	5.36352	5.36352	0	1.04584e-15
262	g	-41	21	305	4.71845e-16	9.71445e-16	-1.46206	1.46206	0	-1.07997e-15
263	u	-44	2	251	0.789498	-0.779868	4.15267	4.31104	0.33	1.113
264	g	-44	21	252	-0.688927	0.973002	-1.10978	1.62879	0	1.19221
265	g	-43	21	262	-0.100571	-0.193133	0.85857	0.885753	0	0.21775
266	g	-31	21	321	0	0	0.570985	0.570985	0	-nan
267	g	-31	21	322	0	0	-7.97377	7.97377	0	-0
268	g	-33	21	266	0.665006	0.301694	0.312998	0.794493	0	0.730241
269	g	-33	21	266	-0.665006	-0.301694	-7.71579	7.75027	0	0.730241
270	ubar	-31	-2	325	0	0	4.43991	4.43991	0	-nan
271	g	-31	21	326	0	0	-0.176179	0.176179	0	-0
272	ubar	-33	-2	270	-0.572711	0.266147	3.70493	3.77283	0.33	0.633961
273	g	-33	21	270	0.572711	-0.266147	0.558807	0.843266	0	0.631532
274	g	-51	21	264	-0.373175	1.26744	-0.663513	1.47848	0	1.32124
275	g	-51	21	264	-0.258422	-0.351255	-0.146302	0.459963	0	0.436075
276	u	-52	2	263	0.732168	-0.723053	3.85271	4.00139	0.33	1.03253
277	dbar	-51	-1	260	-0.297155	-0.575123	-0.863736	1.12872	0.33	0.676932
278	g	-51	21	260	0.290931	-0.162726	0.355468	0.487317	0	0.333347
279	u	-52	2	259	0.00622448	0.737849	0.98335	1.27292	0.33	0.763995
280	g	-51	21	275	0.385226	-0.421361	0.0484721	0.572969	0	0.570915
281	g	-51	21	275	-0.439386	-0.122433	0.861693	0.974969	0	0.456124
282	u	-52	2	276	0.527906	-0.530514	2.79624	2.91341	0.33	0.753266
283	g	-31	21	329	0	0	0.22874	0.22874	0	-nan
284	g	-31	21	330	0	0	-6.72592	6.72592	0	-0
285	g	-33	21	283	0.30123	-0.364665	-6.46316	6.48044	0	0.47299
286	g	-33	21	283	-0.30123	0.364665	-0.0340172	0.474212	0	0.47299
287	g	-31	21	333	0	0	2.75284	2.75284	0	-nan
288	g	-31	21	334	0	0	-0.107726	0.107726	0	-0
289	g	-33	21	287	0.470777	-0.00888733	2.04109	2.0947	0	0.470861
290	g	-33	21	287	-0.470777	0.00888733	0.604027	0.765871	0	0.470861
291	d	-42	1	311	-9.71445e-17	9.71445e-17	3.93683	3.93683	0	1.37383e-16
292	g	-41	21	312	8.32667e-17	-8.32667e-17	-3.29181	3.29181	0	-1.17757e-16
293	d	-44	1	255	0.518383	-0.857885	3.76895	3.9139	0.33	1.00592
294	g	-44	21	256	-0.282576	0.628699	-2.64813	2.73637	0	0.689283
295	g	-43	21	292	-0.235807	0.229186	-0.475798	0.578373	0	0.328833
296	g	-31	21	337	0	0	0.0577295	0.0577295	0	-nan
297	d	-31	1	338	0	0	-1.37034	1.37034	0	-0
298	g	-33	21	296	-0.182268	-0.0233247	-0.471585	0.50612	0	0.183754
299	d	-33	1	296	0.182268	0.0233247	-0.841025	0.921948	0.33	0.196793
300	g	-31	21	341	0	0	3.34873	3.34873	0	-nan
301	g	-31	21	342	0	0	-0.0124365	0.0124365	0	-0
302	g	-33	21	300	0.181023	-0.0874487	1.37937	1.39395	0	0.201039
303	g	-33	21	300	-0.181023	0.0874487	1.95692	1.96722	0	0.201039
304	u	-61	2	247	0.567434	0.304431	5.26213	5.30139	0	0.643941
305	g	-61	21	248	-0.581217	0.996336	-1.25682	1.7059	0	1.15347
306	u	-62	2	282	0.784959	-0.336083	2.45558	2.62066	0.33	0.860732
307	g	-62	21	274	-0.723066	2.04282	-0.0399363	2.16738	0	2.16701
308	g	-62	21	265	-0.0153181	-0.138565	0.810355	0.822259	0	0.139409
309	g	-62	21	280	0.297356	-0.231165	-0.146245	0.404036	0	0.37664
310	g	-62	21	281	-0.357713	-0.0362399	0.925562	0.992943	0	0.359544
311	d	-61	1	247	0.234328	-1.70773	3.78547	4.15945	0	1.72373
312	g	-61	21	248	0.00583822	0.510019	-3.13123	3.1725	0	0.510052
313	d	-62	1	293	0.745216	-2.48262	3.36074	4.25702	0.33	2.59988
314	g	-62	21	294	-0.273745	1.00462	-2.32772	2.55	0	1.04125
315	g	-62	21	295	-0.231305	0.280293	-0.378779	0.524919	0	0.363409
316	u	-61	2	247	-0.553859	-1.21002	1.38019	1.91724	0	1.33075
317	dbar	-61	-1	248	1.13447	-0.425127	-0.823963	1.46515	0	1.21151
318	u	-62	2	279	-0.326031	-0.0466914	0.968638	1.075	0.33	0.346066
319	dbar	-62	-1	277	0.723528	-1.03357	-0.867916	1.56651	0.33	1.29062
320	g	-62	21	278	0.183112	-0.55488	0.455504	0.740881	0	0.584313
321	g	-61	21	247	-0.530228	0.72222	0.238906	0.927265	0	0.895959
322	g	-61	21	248	-0.185813	-0.116057	-7.81847	7.82154	0	0.219079
323	g	-62	21	268	0.149226	0.997203	0.0977132	1.01303	0	1.00831
324	g	-62	21	269	-0.865267	-0.39104	-7.67728	7.73577	0	0.949526
325	ubar	-61	-2	247	-0.427227	0.562409	4.91987	4.9703	0	0.706277
326	g	-61	21	248	-0.469059	0.120642	0.135598	0.502949	0	0.484325
327	ubar	-62	-2	272	-1.10371	0.850742	4.9997	5.20076	0.33	1.39635
328	g	-62	21	273	0.207425	-0.167691	0.0557641	0.272498	0	0.266731
329	g	-61	21	247	0.705146	0.583256	-0.623711	1.10744	0	0.915106
330	g	-61	21	248	0.294579	-0.2772	-6.42694	6.43965	0	0.404496
331	g	-62	21	285	0.616617	-0.601901	-6.15627	6.21629	0	0.861685
332	g	-62	21	286	0.383109	0.907957	-0.894375	1.33081	0	0.985473
333	g	-61	21	247	0.437681	0.188519	2.78534	2.82581	0	0.476554
334	g	-61	21	248	-0.16431	0.00158945	-0.0193673	0.165455	0	0.164318
335	g	-62	21	289	0.697696	0.110961	1.66248	1.80636	0	0.706464
336	g	-62	21	290	-0.424325	0.0791474	1.10349	1.18491	0	0.431644
337	g	-61	21	247	-0.203531	0.0443382	-0.10745	0.234385	0	0.208305
338	d	-61	1	248	-0.101808	-0.0441849	-1.38606	1.3905	0	0.110983
339	g	-62	21	298	-0.301556	-0.0326758	-0.81604	0.870589	0	0.303321
340	d	-62	1	299	-0.00378374	0.032829	-0.677473	0.754295	0.33	0.0367499
341	g	-61	21	247	-0.114169	0.104347	2.88569	2.88983	0	0.15467
342	g	-61	21	248	0.165272	0.0153738	0.616171	0.638136	0	0.165985
343	g	-62	21	302	0.181523	0.00563307	2.76703	2.77298	0	0.181611
344	g	-62	21	303	-0.13042	0.114087	0.734829	0.754983	0	0.173278
345	u	-63	2	247	-0.115574	0.408224	7.01527	7.03583	0.33	0.424736
346	ud_0	-63	2101	248	-0.0246842	0.140658	-5.76444	5.79524	0.57933	0.143526
347	d	-63	1	248	-0.0732668	-0.922049	-1.66614	1.93403	0.33	0.938721
348	p+	-13	2212	1	0	0	31.1859	31.2	0.93827	-nan
349	p+	-13	2212	2	0	0	-31.1859	31.2	0.93827	-0
350	g	-21	21	354	0	0	1.01013	1.01013	0	-nan
351	d	-21	1	355	0	0	-15.5021	15.5021	0	-0
352	g	-23	21	350	-0.205576	-1.81191	0.0776848	1.82519	0	1.82354
353	d	-23	1	350	0.205576	1.81191	-14.5697	14.6871	0.33	1.824
354	g	-41	21	362	2.22045e-16	0	3.60135	3.60135	0	2.22045e-16
355	d	-42	1	363	-4.996e-16	-4.44089e-16	-15.5021	15.5021	0	-6.68443e-16
356	g	-44	21	352	-1.00363	-2.79185	-1.23246	3.21257	0	2.96676
357	d	-44	1	353	0.156347	1.75147	-13.042	13.1642	0.33	1.75898
358	g	-43	21	354	0.84728	1.04038	2.37374	2.7267	0	1.34174
359	d	-51	1	358	1.0756	0.644706	-0.514139	1.39492	0.33	1.29066
360	dbar	-51	-1	358	-0.21855	0.506089	2.06457	2.16223	0.33	0.557797
361	d	-52	1	357	0.146574	1.64105	-12.2187	12.3337	0.33	1.64817
362	g	-41	21	399	0	0	10.9971	10.9971	0	-nan
363	d	-42	1	374	1.66533e-16	-2.77556e-16	-15.5021	15.5021	0	-3.23683e-16
364	g	-44	21	356	-0.898697	-3.01528	-1.49098	3.48175	0	3.14636
365	d	-44	1	361	0.152667	1.62807	-11.9771	12.0928	0.33	1.63583
366	d	-44	1	359	1.12228	0.545319	-0.4978	1.38332	0.33	1.28484
367	dbar	-44	-1	360	0.00543646	0.0291378	2.11186	2.1377	0.33	0.0300003
368	g	-43	21	362	-0.381684	0.81275	7.34907	7.40372	0	0.897912
369	d	-51	1	365	0.684944	1.49274	-11.2108	11.3353	0.33	1.64308
370	g	-51	21	365	-0.532028	0.136577	-0.662134	0.860307	0	0.549279
371	dbar	-52	-1	367	0.00518785	0.0278916	2.0077	2.03483	0.33	0.0287506
372	g	-51	21	364	-1.01998	-2.31876	-1.81607	3.11691	0	2.53318
373	g	-51	21	364	0.121279	-0.696519	-0.0172766	0.70721	0	0.706999
374	d	-53	1	400	-1.00294e-15	-5.55112e-16	-15.8445	15.8445	0	-1.14631e-15
375	g	-31	21	408	0	0	0.168815	0.168815	0	-nan
376	g	-31	21	409	0	0	-4.70007	4.70007	0	-0
377	g	-33	21	375	-0.0543831	-0.441099	-0.155861	0.470976	0	0.444439
378	g	-33	21	375	0.0543831	0.441099	-4.3754	4.39791	0	0.444439
379	d	-31	1	412	0	0	0.166366	0.166366	0	-nan
380	u	-31	2	413	0	0	-1.91155	1.91155	0	-0
381	d	-33	1	379	0.298308	-0.00525063	-0.234113	0.502717	0.33	0.395494
382	u	-33	2	379	-0.298308	0.00525063	-1.51107	1.5752	0.33	0.305126
383	g	-31	21	416	0	0	2.6362	2.6362	0	-nan
384	g	-31	21	417	0	0	-1.37745	1.37745	0	-0
385	g	-33	21	383	0.104379	0.351096	-1.34003	1.38919	0	0.366283
386	g	-33	21	383	-0.104379	-0.351096	2.59878	2.62447	0	0.366283
387	g	-31	21	420	0	0	0.377658	0.377658	0	-nan
388	g	-31	21	421	0	0	-0.37812	0.37812	0	-0
389	g	-33	21	387	0.269279	-0.1369	0.226809	0.37775	0	0.302081
390	g	-33	21	387	-0.269279	0.1369	-0.227271	0.378027	0	0.302081
391	g	-31	21	424	0	0	8.76861	8.76861	0	-nan
392	g	-31	21	425	0	0	-0.531397	0.531397	0	-0
393	g	-33	21	391	0.048253	-0.270679	8.73074	8.73507	0	0.274946
394	g	-33	21	391	-0.048253	0.270679	-0.493523	0.564943	0	0.274946
395	g	-31	21	428	0	0	0.467496	0.467496	0	-nan
396	g	-31	21	429	0	0	-0.323787	0.323787	0	-0
397	g	-33	21	395	0.229642	0.0940384	-0.232863	0.3403	0	0.24815
398	g	-33	21	395	-0.229642	-0.0940384	0.376573	0.450983	0	0.24815
399	g	-61	21	348	-0.472867	0.789802	10.9406	10.9792	0	0.920538
400	d	-61	1	349	1.86275	-0.190764	-15.7959	15.9065	0	1.87249
401	g	-62	21	372	-0.761012	-2.30284	-1.79635	3.01813	0	2.42533
402	d	-62	1	369	2.00947	1.36225	-11.1843	11.4495	0.33	2.4287
403	d	-62	1	366	1.2123	0.567869	-0.430052	1.44429	0.33	1.37508
404	dbar	-62	-1	371	-0.0800751	0.172892	1.99659	2.03262	0.33	0.193097
405	g	-62	21	368	-0.692712	1.34105	7.24648	7.40201	0	1.50939
406	g	-62	21	370	-0.445117	0.133372	-0.708719	0.847467	0	0.464669
407	g	-62	21	373	0.147036	-0.675552	0.0210232	0.691688	0	0.691369
408	g	-61	21	348	0.495053	-0.135657	-0.491485	0.71066	0	0.513304
409	g	-61	21	349	-1.06326	0.211247	-4.26855	4.40406	0	1.08404
410	g	-62	21	377	0.312505	-0.548654	-0.852882	1.06117	0	0.631411
411	g	-62	21	378	-0.880712	0.624243	-3.90716	4.05354	0	1.07951
412	d	-61	1	348	-0.331674	-0.288214	-0.118913	0.455209	0	0.439403
413	u	-61	2	349	-0.0589189	0.230188	-1.73015	1.74638	0	0.237609
414	d	-62	1	381	0.0282621	-0.21813	-0.167934	0.430675	0.33	0.34231
415	u	-62	2	382	-0.418855	0.160104	-1.68112	1.77092	0.33	0.456405
416	g	-61	21	348	0.294284	-0.146372	2.34715	2.37005	0	0.328675
417	g	-61	21	349	-1.55419	0.0162209	-1.0207	1.85946	0	1.55427
418	g	-62	21	385	-1.43422	0.367554	-1.03722	1.80773	0	1.48057
419	g	-62	21	386	0.17431	-0.497706	2.36366	2.42178	0	0.527347
420	g	-61	21	348	0.208343	-0.00180665	0.354226	0.410957	0	0.208351
421	g	-61	21	349	0.557226	-0.123612	-0.354888	0.672105	0	0.570772
422	g	-62	21	389	0.64539	-0.174487	0.316995	0.739906	0	0.668562
423	g	-62	21	390	0.120178	0.0490687	-0.317657	0.343157	0	0.12981
424	g	-61	21	348	0.66496	1.10608	8.26423	8.3644	0	1.29058
425	g	-61	21	349	-0.553254	-0.789125	-0.00209599	0.963749	0	0.963747
426	g	-62	21	393	0.723193	0.851752	8.42572	8.49948	0	1.11736
427	g	-62	21	394	-0.611487	-0.534795	-0.163582	0.828662	0	0.812356
428	g	-61	21	348	-0.324021	-0.0209488	0.22238	0.393549	0	0.324697
429	g	-61	21	349	0.155694	0.563132	-0.0444873	0.58595	0	0.584258
430	g	-62	21	397	0.230496	0.490329	0.197919	0.576821	0	0.541803
431	g	-62	21	398	-0.398823	0.051854	-0.0200257	0.402678	0	0.40218
432	ud_0	-63	2101	348	-0.511247	-0.13733	6.06115	6.11174	0.57933	0.531765
433	u	-63	2	348	-0.170792	-0.518697	0.110856	0.647615	0.33	0.63467
434	dbar	-63	-1	348	0.147961	-0.646859	0.432092	0.857859	0.33	0.718883
435	u	-63	2	349	0.653953	0.0827137	-4.9055	4.96058	0.33	0.660626
436	p+	-13	2212	1	0	0	31.1859	31.2	0.93827	-nan
437	p+	-13	2212	2	0	0	-31.1859	31.2	0.93827	-0
438	p_diffr+	-15	9902210	436	0.268557	-0.439877	31.1253	31.2563	2.81165	0.517476
439	p+	14	2212	437	-0.268557	0.439877	-31.1253	31.1437	0.93827	0.500079
440	g	-24	21	438	0.228089	-0.373593	0.911049	1.01075	0	0.437718
441	u	-63	2	438	-0.35916	-0.00953461	6.12167	6.14081	0.325	0.359791
442	ud_0	-63	2101	438	0.399628	-0.0567493	24.0926	24.1047	0.65	0.403784
443	NucRem	14	1000721849	1	0	0	5738.2	5740.8	172.787	-nan
444	NucRem	14	1000751869	2	-1.28786e-14	5.40679e-14	-5800.57	5803.2	174.663	-1.52695e-05
445	d	-73	1	313	0.928328	-3.0375	3.81625	4.99791	0.571933	3.1972
446	g	-73	21	315	-0.532861	0.247618	-1.19482	1.39551	0.417845	0.615838
447	d	-73	1	166	2.70451	-0.798736	-0.469546	2.94827	0.720735	2.90823
448	d	-73	1	402	2.12965	1.41132	-11.5019	11.7926	0.494599	2.55709
449	g	-73	21	406	-1.87933	0.500927	-1.74593	2.6552	0.467934	1.97587
450	g	-73	21	336	-0.554746	0.193235	1.83832	1.93989	0.196663	0.590479
451	u	-71	2	111	0.0228234	0.170231	-3.81491	3.833	0.33	0.172394
452	ubar	-71	-2	113	-0.27198	0.040878	-9.87423	9.88357	0.33	0.275188
453	pi0	-81	111	451	-0.249323	0.211034	-13.7006	13.7052	0.13498	0.326661
454	d	-72	1	83	0.491065	0.221531	2.87365	2.94172	0.325	0.54204
455	uu_1	-72	2203	84	-0.0387728	-0.0174928	28.3048	28.3122	0.65	0.0425474
456	pi+	82	211	245	-0.0837617	-0.351842	12.5872	12.5931	0.13957	0.361697
457	n0	82	2112	245	-0.221304	-0.0694606	18.5726	18.5978	0.93957	0.220512
458	Delta0	-81	2114	74	0.0180163	-0.0551434	31.1734	31.1991	1.26419	0.0580596
459	u	-72	2	182	-0.338519	-0.247495	-19.0749	19.0823	0.325	0.419404
460	g	-72	21	181	0.23571	0.155033	-0.307746	0.417495	0	0.282125
461	dd_1	-72	1103	183	0.38353	0.2771	-11.746	11.7734	0.65	0.473882
462	u	-71	2	66	-0.721507	1.26492	-4.15502	4.41516	0.33	1.46031
463	dbar	-71	-1	65	-0.162176	0.260491	-3.0316	3.06491	0.33	0.308644
464	rho+	-82	213	462	-0.885963	1.34132	-5.30909	5.58872	0.680603	1.61956
465	pi0	-82	111	462	0.00228089	0.184088	-1.87753	1.89136	0.13498	0.184573
466	u	-71	2	200	0.706745	0.994482	11.6619	11.7302	0.33	1.22052
467	uu_1	-71	2203	198	-0.0654809	0.369513	11.4647	11.4967	0.77133	0.376117
468	p+	82	2212	466	0.501274	0.649959	9.68101	9.76094	0.93827	0.745358
469	pi+	82	211	466	0.13999	0.714035	13.4456	13.466	0.13957	0.727668
470	u	-71	2	240	-0.0511275	1.56605	-8.13397	8.29008	0.33	1.56813
471	ubar	-71	-2	239	-0.765799	0.488779	-7.42488	7.48753	0.33	0.909373
472	pi+	82	211	470	0.112562	0.780291	-3.69379	3.77956	0.13957	0.788906
473	rho-	-82	-213	470	-0.929489	1.27454	-11.8651	11.9981	0.827769	1.58124
474	u	-71	2	215	0.499323	-0.139719	-0.465885	0.771229	0.33	0.573671
475	dbar	-71	-1	214	-0.648625	0.284037	0.37	0.864402	0.33	0.766116
476	pi+	82	211	474	0.433711	0.100145	-0.391537	0.609028	0.13957	0.457293
477	omega	-82	223	474	-0.583013	0.0441735	0.295652	1.0266	0.790346	0.916137
478	n0	83	2112	454	0.659932	0.133991	8.98654	9.06059	0.93957	0.606838
479	pi+	84	211	454	-0.20764	0.0700469	22.1919	22.1934	0.13957	0.219141
480	pi+	83	211	318	-0.0855726	-0.337103	0.722758	0.814137	0.13957	0.35302
481	eta	-84	221	318	0.516848	-0.593617	-0.780901	1.23671	0.54785	0.877934
482	eta	-84	221	318	-0.033778	-0.149546	0.158864	0.590663	0.54785	0.41017
483	u	-71	2	441	-0.35916	-0.00953461	6.12167	6.14081	0.325	0.359791
484	g	-71	21	440	0.228089	-0.373593	0.911049	1.01075	0	0.437718
485	ud_0	-71	2101	442	0.399628	-0.0567493	24.0926	24.1047	0.65	0.403784
486	K*+	-83	323	483	0.506178	-0.163961	10.1959	10.2458	0.858335	0.533948
487	Kbar0	-84	-311	483	-0.513274	-0.31341	6.27381	6.32218	0.49761	0.603266
488	n0	84	2112	483	0.275653	0.0374938	14.6556	14.6884	0.93957	0.26093
489	u	-71	2	236	-2.16262	-0.851019	-8.86959	9.17495	0.33	2.32555
490	dd_1	-71	1103	241	0.700751	-0.613878	-3.97934	4.15909	0.77133	0.948057
491	Delta0	-83	2114	489	-2.09209	-0.61458	-9.36996	9.69513	1.20197	2.19745
492	pi0	-84	111	489	0.630221	-0.850317	-3.47897	3.63891	0.13498	1.05913
493	d	-71	1	242	-0.04032	-0.0587876	0.245455	0.417409	0.33	0.116415
494	ud_0	-71	2101	238	0.518504	0.435521	24.2646	24.281	0.57933	0.677337
495	Delta+	-83	2214	493	-0.32363	-0.0423844	5.74348	5.89252	1.27582	0.334325
496	rho-	-84	-213	493	0.801814	0.419118	18.7666	18.8059	0.810487	0.905588
497	pi+	83	211	459	0.251766	0.300253	-3.53046	3.55488	0.13957	0.392142
498	Delta-	-84	1114	459	-0.499515	-0.00166459	-22.3466	22.3854	1.21913	0.50026
499	omega	-84	223	459	0.52847	-0.11395	-5.25157	5.33295	0.754429	0.546107
500	d	-71	1	79	-0.0282173	-0.01941	5.30761	5.31766	0.325	0.0343127
501	g	-71	21	78	-0.0962938	0.265348	0.208755	0.351085	0	0.28228
502	ud_1	-71	2103	80	0.0252728	0.027522	25.6106	25.6189	0.65	0.0373775
503	K0	-83	311	500	-0.598466	0.423433	6.30055	6.36255	0.49761	0.735367
504	Lambda0	84	3122	500	0.750654	-0.179817	16.9925	17.0466	1.11568	0.722921
505	omega	-84	223	500	-0.251426	0.0298439	7.83394	7.87853	0.797788	0.2545
506	d	-71	1	219	0.352738	0.0230998	-0.504242	0.698654	0.33	0.401051
507	dd_1	-71	1103	218	0.224914	0.307547	-25.0646	25.0794	0.77133	0.381194
508	pi0	-83	111	506	-0.0730173	0.530989	-1.79963	1.8826	0.13498	0.537369
509	n0	83	2112	506	0.222127	-0.509027	-4.97707	5.09534	0.93957	0.460874
510	pi-	84	-211	506	0.428542	0.308685	-18.7922	18.8001	0.13957	0.528157
511	u	-71	2	70	0.404084	0.13145	12.803	12.8142	0.325	0.425063
512	g	-71	21	69	-0.000653139	0.00997009	-0.0713261	0.0720225	0	0.00999146
513	dd_1	-71	1103	71	-0.404145	-0.130513	18.3657	18.3821	0.65	0.424962
514	pi+	83	211	511	0.417909	-0.0772723	4.07237	4.09687	0.13957	0.42524
515	pi-	83	-211	511	0.491541	0.0536806	1.268	1.36814	0.13957	0.497056
516	Delta0	-84	2114	511	-0.910164	0.0344989	25.757	25.8033	1.24796	0.911885
517	d	-71	1	162	-1.23205	-1.82602	13.6736	13.8538	0.33	2.20342
518	dbar	-71	-1	165	-0.236952	0.483979	0.410768	0.753666	0.33	0.599383
519	rho-	-83	-213	517	-0.233522	-0.833988	4.24008	4.37916	0.669854	0.876378
520	pi0	-83	111	517	-0.937997	-0.836309	8.75068	8.84149	0.13498	1.25683
521	rho+	-84	213	517	-0.297487	0.32826	1.09357	1.38681	0.72876	0.520693
522	u	-71	2	217	0.310107	-0.236362	-3.25347	3.29332	0.33	0.391887
523	g	-71	21	213	-0.119217	-0.361776	0.438488	0.580832	0	0.380913
524	ubar	-71	-2	216	-0.706918	0.201883	-1.18124	1.42994	0.33	0.755576
525	pi+	83	211	522	-0.582795	-0.588588	-3.03234	3.14653	0.13957	0.829119
526	pi-	84	-211	522	0.686156	0.124419	-0.355559	0.795105	0.13957	0.708343
527	pi0	-84	111	522	-0.342853	-0.184249	-0.256351	0.485213	0.13498	0.40522
528	pi+	84	211	522	-0.355687	0.181386	0.0621719	0.427503	0.13957	0.422413
529	pi-	84	-211	522	0.0791512	0.0707769	-0.414139	0.449739	0.13957	0.111695
530	pi+	83	211	108	-0.392589	0.360655	0.387665	0.673767	0.13957	0.544922
531	Sigma0	-84	3212	108	-0.370086	0.0410609	11.8074	11.8733	1.19264	0.37425
532	K*0	-84	313	108	-0.64696	-0.0442536	6.94796	7.03385	0.883356	0.653647
533	u	-71	2	415	-0.418855	0.160104	-1.68112	1.77092	0.33	0.456405
534	ud_0	-71	2101	432	-0.511247	-0.13733	6.06115	6.11174	0.57933	0.531765
535	K*+	-83	323	533	-0.453015	0.156684	-1.13932	1.51059	0.868369	0.585814
536	K*-	-83	-323	533	0.117617	-0.182002	0.3564	0.982389	0.889443	0.510378
537	pi+	84	211	533	-0.242574	0.363899	2.14755	2.19607	0.13957	0.438224
538	n0	84	2112	533	-0.352129	-0.315807	3.01539	3.19361	0.93957	0.349301
539	d	-71	1	347	-0.0732668	-0.922049	-1.66614	1.93403	0.33	0.938721
540	ubar	-71	-2	327	-1.10371	0.850742	4.9997	5.20076	0.33	1.39635
541	n0	83	2112	539	0.0903083	-0.940605	-1.29061	1.85509	0.93957	0.540841
542	pi0	-84	111	539	-0.937327	0.335873	1.33383	1.66995	0.13498	0.998956
543	Deltabar-	-84	-2214	539	-0.329958	0.533425	3.29034	3.60975	1.34557	0.675945
544	u	-71	2	232	0.952641	0.758699	5.33542	5.48258	0.33	1.22006
545	g	-71	21	237	0.454712	0.255913	-1.26642	1.3697	0	0.52178
546	dbar	-71	-1	233	0.698325	-1.55998	-0.145113	1.74675	0.33	1.74049
547	rho0	-83	113	544	0.800192	0.481402	3.50826	3.72783	0.846643	0.958897
548	pi0	-83	111	544	-0.00629302	0.41584	1.47815	1.54146	0.13498	0.417491
549	Sigma+	83	3222	544	1.00785	-0.695645	-0.700262	1.84517	1.18937	1.60179
550	Sigmabar0	-84	-3212	544	0.303924	-0.746963	-0.362265	1.48457	1.19264	1.35421
551	d	-71	1	403	1.2123	0.567869	-0.430052	1.44429	0.33	1.37508
552	g	-71	21	422	0.64539	-0.174487	0.316995	0.739906	0	0.668562
553	g	-71	21	419	0.17431	-0.497706	2.36366	2.42178	0	0.527347
554	g	-71	21	426	0.723193	0.851752	8.42572	8.49948	0	1.11736
555	dbar	-71	-1	434	0.147961	-0.646859	0.432092	0.857859	0.33	0.718883
556	pi-	83	-211	551	0.390152	-0.155345	0.77737	0.894502	0.13957	0.425148
557	rho0	-83	113	551	0.757145	0.691045	-0.0504303	1.32658	0.840504	1.32497
558	pi+	83	211	551	0.264596	-0.0732264	-0.232372	0.38581	0.13957	0.294486
559	K0	-84	311	551	-0.00349477	0.301788	5.85184	5.88071	0.49761	0.302894
560	K*-	-84	-323	551	1.21727	-0.146473	3.69489	3.98753	0.863091	1.25582
561	pi0	-84	111	551	0.252243	-0.334506	0.202893	0.484671	0.13498	0.43621
562	pi+	84	211	551	-0.0907446	-0.239414	0.68578	0.745203	0.13957	0.260647
563	pi0	-84	111	551	0.115985	0.0567011	0.178439	0.258317	0.13498	0.15142
564	g	-71	21	104	-0.378871	-0.809803	2.09822	2.28075	0	0.894049
565	g	-71	21	103	0.965029	-0.151682	-7.86149	7.92195	0	0.976877
566	K*0	-83	313	564	0.341136	-0.415549	-2.94478	3.12609	0.900922	0.56146
567	Kbar0	-83	-311	564	0.141514	0.483477	-0.704511	0.998863	0.49761	0.58099
568	rho-	-83	-213	564	-1.26987	0.0542415	-1.01955	1.74283	0.618423	1.3595
569	pi+	83	211	564	0.975876	-0.67929	-0.780686	1.42924	0.13957	1.19473
570	pi-	83	-211	564	0.231257	-0.0450404	-0.980789	1.0183	0.13957	0.237847
571	rho+	-84	213	564	-0.425722	-0.322301	0.367665	1.02624	0.795527	0.845243
572	eta	-84	221	564	0.591971	-0.0370215	0.299381	0.861144	0.54785	0.768765
573	u	-71	2	117	0.311121	0.0530948	-26.2122	26.2161	0.325	0.315643
574	g	-71	21	116	0.0789979	0.242516	0.744883	0.787341	0	0.255058
575	dd_1	-71	1103	118	-0.308939	-0.0463947	-4.92512	4.97764	0.65	0.315101
576	pi0	-83	111	573	0.269701	-0.416779	-8.99841	9.0131	0.13498	0.496487
577	pi+	83	211	573	-0.102443	0.432954	-2.16198	2.21169	0.13957	0.445797
578	pi0	-83	111	573	0.0812419	0.248566	-1.91561	1.93809	0.13498	0.262143
579	omega	-83	223	573	0.466656	0.418945	-5.1625	5.25912	0.783359	0.634198
580	K0	-83	311	573	-0.304602	-0.646671	-4.4797	4.56359	0.49761	0.719107
581	K-	84	-321	573	0.0971864	0.151647	-0.269511	0.590591	0.49368	0.328159
582	rho+	-84	213	573	-0.172402	0.00863887	-1.98347	2.11579	0.715961	0.18344
583	pi0	-84	111	573	-0.120224	0.258774	-0.34681	0.468951	0.13498	0.297947
584	pi-	84	-211	573	0.448227	-0.0995641	-1.41544	1.49458	0.13957	0.461167
585	pi0	-84	111	573	-0.32573	-0.077787	-0.332834	0.491069	0.13498	0.348306
586	p+	84	2212	573	-0.254826	-0.268731	-1.15482	1.53334	0.93827	0.181717
587	rho-	-84	-213	573	-0.00160512	0.239225	-2.17133	2.30118	0.723554	0.252012
588	g	-71	21	323	0.149226	0.997203	0.0977132	1.01303	0	1.00831
589	g	-71	21	450	-0.554746	0.193235	1.83832	1.93989	0.196663	0.590479
590	g	-71	21	343	0.181523	0.00563307	2.76703	2.77298	0	0.181611
591	g	-71	21	335	0.697696	0.110961	1.66248	1.80636	0	0.706464
592	g	-71	21	314	-0.273745	1.00462	-2.32772	2.55	0	1.04125
593	g	-71	21	332	0.383109	0.907957	-0.894375	1.33081	0	0.985473
594	pi-	83	-211	588	-0.318955	-0.181918	1.91276	1.95268	0.13957	0.368129
595	pi0	-83	111	588	0.0344848	0.462446	1.41604	1.49614	0.13498	0.465629
596	omega	-83	223	588	0.386684	0.197733	0.0680046	0.895722	0.780429	0.884939
597	K*+	-84	323	588	-0.169648	1.11756	1.18432	1.86511	0.893475	1.28774
598	Sigma*0	-84	3214	588	0.512038	-0.571044	-0.22998	1.62399	1.41286	1.55556
599	pi-	84	-211	588	-0.608511	0.933744	0.296922	1.16181	0.13957	1.12265
600	Deltabar+	-84	-1114	588	0.74697	1.26109	-1.50463	2.41762	1.19695	1.68698
601	d	-71	1	447	2.70451	-0.798736	-0.469546	2.94827	0.720735	2.90823
602	g	-71	21	164	-0.282874	2.34265	-3.68719	4.3776	0	2.35967
603	ud_0	-71	2101	177	-0.480053	-0.76183	-14.3489	14.3887	0.57933	0.901195
604	pi-	83	-211	601	0.898448	-0.345082	0.156714	0.985053	0.13957	0.972249
605	omega	-83	223	601	0.700664	0.065313	-0.350686	1.11205	0.786433	0.995305
606	pi0	-83	111	601	0.7925	-0.324627	-0.341137	0.931683	0.13498	0.865543
607	pi0	-84	111	601	0.199466	0.41862	-0.873105	0.997778	0.13498	0.468015
608	rho0	-84	113	601	-0.313736	1.11285	-2.16866	2.58773	0.810153	1.21744
609	pi0	-84	111	601	-0.0958587	-0.000828525	-0.64224	0.663236	0.13498	0.0979114
610	pi+	84	211	601	-0.0768359	-0.0148595	-0.231783	0.281652	0.13957	0.0901002
611	eta	-84	221	601	-0.0758115	-0.344553	-7.69291	7.72046	0.54785	0.353686
612	n0	84	2112	601	-0.0872554	0.215245	-6.36178	6.43498	0.93957	0.200495
613	u	-71	2	306	0.784959	-0.336083	2.45558	2.62066	0.33	0.860732
614	g	-71	21	310	-0.357713	-0.0362399	0.925562	0.992943	0	0.359544
615	g	-71	21	309	0.297356	-0.231165	-0.146245	0.404036	0	0.37664
616	g	-71	21	307	-0.723066	2.04282	-0.0399363	2.16738	0	2.16701
617	ud_0	-71	2101	346	-0.0246842	0.140658	-5.76444	5.79524	0.57933	0.143526
618	rho0	-83	113	613	-0.0944195	0.0890307	0.778905	1.019	0.644078	0.16747
619	K*+	-83	323	613	0.905481	-0.450474	1.74548	2.20332	0.886061	1.1046
620	K-	83	-321	613	-0.274402	0.100502	1.08777	1.22978	0.49368	0.319066
621	pi0	-84	111	613	-0.208008	0.719601	-1.18069	1.40475	0.13498	0.752543
622	rho+	-84	213	613	0.264066	1.21251	-0.434609	1.42001	0.536325	1.34019
623	n0	84	2112	613	-0.615866	-0.0911746	-4.56634	4.70339	0.93957	0.508458
624	d	-71	1	202	0.374523	-0.15273	-7.58825	7.60618	0.33	0.404849
625	g	-71	21	196	-0.129483	0.439445	-0.924659	1.03193	0	0.458124
626	g	-71	21	197	-0.275406	-0.0325351	0.586079	0.64838	0	0.277322
627	ubar	-71	-2	195	-1.09832	-2.0783	2.60193	3.52201	0.33	2.36105
628	pi0	-83	111	624	0.322636	0.283653	-4.87069	4.89147	0.13498	0.42976
629	Delta+	-83	2214	624	-0.0374738	-0.229303	-2.48281	2.83624	1.35128	0.264266
630	Deltabar--	-84	-2224	624	-0.345951	-0.439178	-0.487106	1.44241	1.23722	1.08753
631	omega	-84	223	624	-0.167948	-1.13842	1.47852	2.0254	0.76941	1.244
632	omega	-84	223	624	-0.899946	-0.300867	1.03719	1.61298	0.790906	1.08878
633	d	-71	1	448	2.12965	1.41132	-11.5019	11.7926	0.494599	2.55709
634	g	-71	21	411	-0.880712	0.624243	-3.90716	4.05354	0	1.07951
635	g	-71	21	449	-1.87933	0.500927	-1.74593	2.6552	0.467934	1.97587
636	g	-71	21	431	-0.398823	0.051854	-0.0200257	0.402678	0	0.40218
637	g	-71	21	430	0.230496	0.490329	0.197919	0.576821	0	0.541803
638	dbar	-71	-1	404	-0.0800751	0.172892	1.99659	2.03262	0.33	0.193097
639	rho-	-83	-213	633	0.544823	0.6654	-4.67633	4.80214	0.672951	0.868565
640	eta	-83	221	633	0.70076	0.23175	-2.68202	2.83516	0.54785	0.752265
641	pi+	83	211	633	-0.55992	0.257729	-2.73214	2.80428	0.13957	0.617153
642	eta'	-83	331	633	0.179415	0.5484	-1.06988	1.5477	0.958029	0.73467
643	K0	-83	311	633	-0.726773	0.214424	-2.70717	2.85492	0.49761	0.769524
644	K*-	-83	-323	633	-0.632206	0.11075	-2.57824	2.82757	0.967384	0.683053
645	pi+	84	211	633	-0.188493	1.05847	-0.162093	1.0962	0.13957	1.08395
646	omega	-84	223	633	-0.174292	-0.302481	0.241842	0.893088	0.78565	0.734136
647	rho0	-84	113	633	-0.0221135	0.46712	1.38549	1.85244	1.13722	0.592418
648	d	-71	1	199	0.362454	-0.0440431	2.73178	2.77576	0.33	0.367728
649	ud_0	-71	2101	201	0.212642	0.425457	-22.0583	22.0711	0.57933	0.475801
650	pi-	83	-211	648	-0.11882	-0.0510377	0.0304682	0.192695	0.13957	0.187559
651	pi+	83	211	648	0.440729	0.0897512	1.91519	1.97224	0.13957	0.450905
652	K*0	-83	313	648	-0.345224	-0.531534	-0.0974788	1.1068	0.902104	1.09394
653	Kbar0	-84	-311	648	0.43675	0.537738	-1.00091	1.31505	0.49761	0.748406
654	rho-	-84	-213	648	-0.0816892	0.0991644	-11.5985	11.6269	0.800999	0.128784
655	p+	84	2212	648	0.243351	0.237333	-8.57532	8.6332	0.93827	0.304784
656	d	-71	1	110	-0.103476	0.224571	0.191475	0.454645	0.33	0.359467
657	g	-71	21	107	1.58567	0.241385	7.09608	7.27509	0	1.60394
658	g	-71	21	102	-0.845126	-0.239229	1.14671	1.44445	0	0.878333
659	ud_0	-71	2101	112	0.354384	-0.0830306	-8.91835	8.94456	0.57933	0.364747
660	pi-	83	-211	656	-0.276282	-0.00115445	0.82027	0.87673	0.13957	0.279853
661	pi+	83	211	656	1.03354	0.0758303	2.58721	2.79054	0.13957	1.03761
662	rho-	-83	-213	656	0.270055	0.137285	1.21064	1.4268	0.691609	0.346358
663	pi+	83	211	656	0.179	0.49614	3.56781	3.60929	0.13957	0.527837
664	pi-	84	-211	656	-0.26003	-0.0222666	-0.186788	0.349973	0.13957	0.284592
665	rho+	-84	213	656	-0.251397	-0.726579	-2.40859	2.71207	0.981274	0.824718
666	Delta0	-84	2114	656	0.403759	0.164567	-3.04364	3.31738	1.24545	0.47042
667	pi0	-84	111	656	-0.107187	0.0198751	-3.03101	3.03597	0.13498	0.109122
668	g	-71	21	410	0.312505	-0.548654	-0.852882	1.06117	0	0.631411
669	g	-71	21	407	0.147036	-0.675552	0.0210232	0.691688	0	0.691369
670	g	-71	21	401	-0.761012	-2.30284	-1.79635	3.01813	0	2.42533
671	g	-71	21	427	-0.611487	-0.534795	-0.163582	0.828662	0	0.812356
672	g	-71	21	405	-0.692712	1.34105	7.24648	7.40201	0	1.50939
673	u	-71	2	433	-0.170792	-0.518697	0.110856	0.647615	0.33	0.63467
674	d	-71	1	414	0.0282621	-0.21813	-0.167934	0.430675	0.33	0.34231
675	u	-71	2	435	0.653953	0.0827137	-4.9055	4.96058	0.33	0.660626
676	K+	86	321	668	0.257001	0.0650904	-2.31813	2.3849	0.49368	0.270985
677	K-	86	-321	668	0.543079	-0.251703	-1.12369	1.36553	0.49368	0.641997
678	pi0	-86	111	668	-0.203026	-1.18912	-0.4143	1.28261	0.13498	1.21306
679	pi+	83	211	668	-0.0577578	-0.0202775	0.0979263	0.181153	0.13957	0.0960222
680	pi-	83	-211	668	-0.261875	-0.078697	0.0817925	0.317713	0.13957	0.304387
681	pi+	83	211	668	0.302961	0.00199997	0.3607	0.491298	0.13957	0.315986
682	pi-	83	-211	668	-0.580461	-0.13608	2.60178	2.67286	0.13957	0.597013
683	pi+	83	211	668	0.140411	0.373632	0.358345	0.554263	0.13957	0.412434
684	pi-	83	-211	668	-0.150723	-0.217257	0.0548452	0.303983	0.13957	0.297648
685	Sigma0	-83	3212	668	-0.300769	0.428584	2.4993	2.81834	1.19264	0.577882
686	Sigmabar0	-84	-3212	668	-0.0621071	-0.117596	0.658903	1.36902	1.19264	0.270854
687	rho0	-84	113	668	-0.482683	-0.581051	-0.45754	1.32898	0.993099	1.13672
688	Delta++	-88	2224	668	-0.171457	-0.497074	-1.1275	1.73468	1.20887	0.733164
689	rho-	-84	-213	668	-0.0668392	-1.15536	-1.78032	2.23519	0.698004	1.21821
690	g	-71	21	54	0.983318	-1.43277	1.58728	2.35355	0	1.73774
691	g	-71	21	61	-0.00994878	0.0395238	0.825677	0.826682	0	0.0407567
692	g	-71	21	53	0.46067	1.96195	6.62724	6.92688	0	2.0153
693	g	-71	21	49	0.76861	-0.507809	-0.055592	0.922888	0	0.921212
694	g	-71	21	57	0.505841	-1.4004	-1.16993	1.8936	0	1.48895
695	g	-71	21	62	1.10106	-0.4707	-1.8435	2.19827	0	1.19745
696	d	-71	1	46	-0.387986	0.445791	-1.17677	1.35755	0.33	0.609259
697	g	-71	21	45	-0.809684	-0.978451	0.916276	1.56605	0	1.27002
698	g	-71	21	42	-0.141246	0.22377	0.0498262	0.269269	0	0.264619
699	g	-71	21	40	0.988854	0.478235	-1.20335	1.62929	0	1.09843
700	d	-71	1	50	-0.868231	0.374653	-1.44362	1.75702	0.33	0.96275
701	u	-71	2	58	-0.163324	0.116521	-2.15797	2.19225	0.33	0.202941
702	rho+	-85	213	690	0.0404468	0.139463	-1.81034	2.00148	0.841132	0.160027
703	rho-	-86	-213	690	-0.325949	0.28144	-1.56711	1.97818	1.1278	0.524173
704	rho0	-86	113	690	0.109759	0.812785	-0.676744	1.2868	0.724716	0.99254
705	pi0	-86	111	690	-0.299857	-0.845627	-0.35401	0.973931	0.13498	0.905961
706	pi-	83	-211	690	0.354997	0.269702	-1.08336	1.1798	0.13957	0.448981
707	rho+	-83	213	690	3.28543e-05	-0.408534	-0.928364	1.26752	0.760158	0.510534
708	n0	83	2112	690	0.495716	-0.609244	-0.26021	1.25196	0.93957	0.296544
709	nbar0	83	-2112	690	0.252688	0.0226293	-0.328706	1.02723	0.93957	1.2017
710	pi0	-83	111	690	0.22056	0.0842113	-0.359415	0.450708	0.13498	0.247448
711	pi0	-83	111	690	0.59861	0.0586337	-0.607131	0.865216	0.13498	0.60893
712	pi-	83	-211	690	-0.366218	-0.388137	0.973405	1.11882	0.13957	0.537836
713	rho0	-84	113	690	0.505826	-0.176364	0.652698	1.13865	0.763898	0.722379
714	rho+	-84	213	690	0.0559964	0.290164	0.951401	1.23452	0.729074	0.3662
715	K0	-84	311	690	-0.00994448	-0.119777	0.663315	0.837883	0.49761	0.149387
716	K*-	-84	-323	690	0.259429	0.0178765	1.25257	1.5559	0.88559	0.316274
717	eta	-84	221	690	0.377471	0.0375218	0.37282	0.763562	0.54785	0.544574
718	pi0	-84	111	690	-0.226675	0.0788019	1.02192	1.05836	0.13498	0.241957
719	Delta++	-88	2224	690	0.665398	-0.70228	2.53086	2.97712	1.23372	1.06302
720	rho-	-84	-213	690	-0.280356	0.00705171	0.511972	0.925664	0.718394	0.444706
721	g	-71	21	170	-0.358815	-0.399248	-1.53334	1.62458	0	0.536793
722	g	-71	21	173	-0.854378	0.277726	-0.615553	1.08904	0	0.898384
723	g	-71	21	174	0.973826	2.55404	-1.1169	2.95278	0	2.73339
724	d	-71	1	169	-0.141908	0.595621	0.126782	0.707019	0.33	0.692333
725	g	-71	21	171	0.0290008	-0.0586438	-0.413121	0.418269	0	0.0654228
726	g	-71	21	175	-1.08161	-1.0682	0.232353	1.53783	0	1.52018
727	g	-71	21	172	-0.242279	-0.37086	-0.894323	0.998023	0	0.442986
728	u	-71	2	178	0.574983	-1.08954	-3.94678	4.14773	0.33	1.23586
729	u	-71	2	176	0.347907	-0.0655601	12.5225	12.5318	0.33	0.354153
730	omega	-85	223	721	-0.0102986	-0.899561	-3.46722	3.66908	0.794526	0.921484
731	eta	-85	221	721	0.226997	-0.52884	-0.327	0.859225	0.54785	0.747052
732	pi+	85	211	721	-0.352002	-0.316747	-0.677697	0.838443	0.13957	0.480234
733	eta	-85	221	721	0.0304624	0.432345	-0.118799	0.708592	0.54785	0.683385
734	rho0	-86	113	721	-0.0965438	1.99439	-1.02432	2.46814	1.02739	2.19603
735	pi0	-86	111	721	-0.494722	0.494952	0.133136	0.725032	0.13498	0.712257
736	rho0	-86	113	721	0.857321	0.287263	-1.12885	1.65701	0.808618	1.03589
737	pi-	86	-211	721	-0.466278	0.397931	-0.0243603	0.629156	0.13957	0.62866
738	rho0	-83	113	721	0.120855	0.0325976	5.62402	5.67069	0.715197	0.126181
739	pi0	-83	111	721	0.633005	-0.0802924	4.48966	4.53679	0.13498	0.638359
740	rho+	-84	213	721	-0.593429	0.162547	1.66931	2.02309	0.963186	0.699674
741	Delta0	-88	2114	721	-0.60864	-1.60126	-0.786297	2.22181	1.17632	2.01926
742	g	-71	21	308	-0.0153181	-0.138565	0.810355	0.822259	0	0.139409
743	d	-71	1	340	-0.00378374	0.032829	-0.677473	0.754295	0.33	0.0367499
744	u	-71	2	345	-0.115574	0.408224	7.01527	7.03583	0.33	0.424736
745	g	-71	21	331	0.616617	-0.601901	-6.15627	6.21629	0	0.861685
746	g	-71	21	324	-0.865267	-0.39104	-7.67728	7.73577	0	0.949526
747	g	-71	21	446	-0.532861	0.247618	-1.19482	1.39551	0.417845	0.615838
748	g	-71	21	328	0.207425	-0.167691	0.0557641	0.272498	0	0.266731
749	d	-71	1	445	0.928328	-3.0375	3.81625	4.99791	0.571933	3.1972
750	rho-	-85	-213	742	-0.31166	-0.0534415	-0.00345565	0.760423	0.691551	0.760378
751	pi0	-85	111	742	0.298409	-0.0191838	0.0861542	0.339202	0.13498	0.325943
752	eta	-86	221	742	0.149788	0.746569	4.19987	4.30335	0.54785	0.767694
753	pi+	86	211	742	0.199575	-0.605918	1.22842	1.39121	0.13957	0.641175
754	eta	-86	221	742	-0.322851	-0.00824221	0.47867	0.795968	0.54785	0.445184
755	pi-	83	-211	742	0.0403843	-0.600778	1.02481	1.19678	0.13957	0.606271
756	K+	83	321	742	0.639688	-1.07885	1.49292	2.01138	0.49368	1.29382
757	K-	83	-321	742	0.063713	-1.38623	0.644861	1.60788	0.49368	1.45813
758	rho+	-83	213	742	-0.0152375	0.239034	-0.315338	1.00826	0.927239	0.609856
759	omega	-84	223	742	-0.415096	0.129467	-0.972648	1.38728	0.888505	0.566177
760	n0	84	2112	742	0.353365	-0.685858	-4.61887	4.77619	0.93957	0.632111
761	Kbar0	-84	-311	742	-0.107752	-0.183795	-1.47775	1.57377	0.49761	0.224574
762	Sigmabar0	-84	-3212	742	0.0791245	0.282367	-4.44618	4.61269	1.19264	0.303566
763	pi-	84	-211	742	-0.624324	-0.404136	-0.892746	1.17029	0.13957	0.749057
764	pi0	-84	111	742	0.620003	-0.311983	-0.465588	0.846599	0.13498	0.703067
765	pi+	84	211	742	-0.383442	-0.114353	0.0129477	0.423972	0.13957	0.42375
766	n0	88	2112	742	-0.0441224	0.407306	0.0157232	1.02513	0.93957	0.0854933
767	d	-71	1	64	0.651813	-0.413884	0.751144	1.12662	0.33	0.807532
768	g	-71	21	39	-1.46279	-0.446478	-10.5283	10.6388	0	1.52941
769	g	-71	21	41	-0.867248	-0.215721	-1.28554	1.56565	0	0.893675
770	dd_1	-71	1103	63	-0.236234	0.267156	17.475	17.4956	0.77133	0.356968
771	omega	-83	223	767	0.422196	-0.12013	0.558315	1.05532	0.780585	0.652258
772	rho-	-83	-213	767	-0.738486	-0.149612	-5.27079	5.37971	0.769628	0.76132
773	eta'	-83	331	767	-0.425822	-0.932821	-1.42877	2.00259	0.957858	1.16765
774	rho0	-83	113	767	-0.770112	0.645655	-3.4226	3.66043	0.821348	1.03126
775	K*+	-83	323	767	0.35379	-0.509302	-0.756589	1.34183	0.918441	0.850601
776	Kbar0	-83	-311	767	-0.47599	0.0857569	0.466138	0.835955	0.49761	0.601908
777	rho-	-84	-213	767	-0.0890537	-0.124707	2.37375	2.50387	0.781777	0.161304
778	p+	84	2212	767	0.226064	-0.102358	4.39053	4.49652	0.93827	0.200795
779	rho-	-84	-213	767	-0.417049	0.398591	9.50231	9.55045	0.764543	0.57875
780	n0	91	2112	458	-0.0450727	-0.284574	22.7024	22.7237	0.93957	0.276445
781	pi0	-91	111	458	0.063089	0.229431	8.47104	8.47545	0.13498	0.237977
782	pi+	91	211	464	-0.82882	0.761389	-3.79213	3.95808	0.13957	1.12616
783	pi0	-91	111	464	-0.0571429	0.579932	-1.51696	1.63064	0.13498	0.584747
784	pi-	91	-211	473	-0.878958	1.31552	-9.83039	9.95787	0.13957	1.5823
785	pi0	-91	111	473	-0.0505308	-0.0409818	-2.03468	2.04019	0.13498	0.0652034
786	K0	-91	311	486	0.37165	-0.0974849	4.23899	4.28536	0.49761	0.386839
787	pi+	91	211	486	0.134528	-0.0664761	5.95687	5.96039	0.13957	0.150097
788	K_L0	91	130	487	-0.513274	-0.31341	6.27381	6.32218	0.49761	0.603266
789	n0	91	2112	491	-2.00207	-0.664641	-8.92356	9.21752	0.93957	1.9044
790	pi0	-91	111	491	-0.0900174	0.050061	-0.446407	0.477607	0.13498	0.107379
791	p+	91	2212	495	-0.42072	-0.0663312	3.66005	3.80233	0.93827	0.331054
792	pi0	-91	111	495	0.0970893	0.0239468	2.08343	2.09019	0.13498	0.100208
793	pi-	91	-211	496	0.844289	0.351873	17.9815	18.0053	0.13957	0.914707
794	pi0	-91	111	496	-0.0424743	0.0672447	0.785082	0.800561	0.13498	0.0806908
795	n0	91	2112	498	-0.334654	0.0960694	-20.3711	20.3957	0.93957	0.332484
796	pi-	91	-211	498	-0.164861	-0.097734	-1.97555	1.98972	0.13957	0.192127
797	K_L0	91	130	503	-0.598466	0.423433	6.30055	6.36255	0.49761	0.735367
798	p+	91	2212	516	-0.819843	0.0453126	17.3911	17.4357	0.93827	0.778036
799	pi-	91	-211	516	-0.090321	-0.0108137	8.36586	8.36752	0.13957	0.0909787
800	pi-	91	-211	519	-0.367945	-0.257635	2.24658	2.29529	0.13957	0.450009
801	pi0	-91	111	519	0.134423	-0.576353	1.9935	2.08387	0.13498	0.593067
802	pi+	91	211	521	-0.0230713	-0.0389068	0.82645	0.839372	0.13957	0.0458715
803	pi0	-91	111	521	-0.274415	0.367166	0.267122	0.547438	0.13498	0.472986
804	K+	91	321	532	-0.676475	0.0486503	6.51226	6.56607	0.49368	0.680147
805	pi-	91	-211	532	0.0295148	-0.0929039	0.435698	0.467776	0.13957	0.102132
806	K+	91	321	535	-0.311335	-0.0988644	-0.995165	1.15792	0.49368	0.361122
807	pi0	-91	111	535	-0.14168	0.255548	-0.144157	0.352674	0.13498	0.316277
808	Kbar0	-91	-311	536	-0.158655	-0.0544703	0.0481609	0.527327	0.49761	0.506851
809	pi-	91	-211	536	0.276272	-0.127532	0.308239	0.455062	0.13957	0.319695
810	nbar0	91	-2112	543	-0.477164	0.384113	3.09202	3.28917	0.93957	0.821781
811	pi-	91	-211	543	0.147205	0.149312	0.198313	0.320579	0.13957	0.232907
812	pi+	91	211	547	0.725988	0.658745	2.43572	2.6293	0.13957	0.981692
813	pi-	91	-211	547	0.0742042	-0.177343	1.07254	1.09853	0.13957	0.193812
814	pi+	91	211	557	0.285794	0.279768	-0.411814	0.590778	0.13957	0.411586
815	pi-	91	-211	557	0.471351	0.411277	0.361383	0.735798	0.13957	0.637123
816	K_L0	91	130	559	-0.00349477	0.301788	5.85184	5.88071	0.49761	0.302894
817	Kbar0	-91	-311	560	1.02352	-0.0577817	3.45329	3.63645	0.49761	1.03489
818	pi-	91	-211	560	0.193744	-0.0886918	0.241608	0.35108	0.13957	0.232218
819	K+	91	321	566	0.349746	-0.392921	-2.88241	2.97131	0.49368	0.533446
820	pi-	91	-211	566	-0.00860957	-0.0226284	-0.0623729	0.154778	0.13957	0.0560079
821	K_L0	91	130	567	0.141514	0.483477	-0.704511	0.998863	0.49761	0.58099
822	pi-	91	-211	568	-1.21233	0.064813	-0.7447	1.43108	0.13957	1.21987
823	pi0	-91	111	568	-0.0575474	-0.0105715	-0.274852	0.311748	0.13498	0.0649102
824	pi+	91	211	571	-0.523884	0.0349298	0.107423	0.553799	0.13957	0.54256
825	pi0	-91	111	571	0.098162	-0.357231	0.260242	0.472436	0.13498	0.386587
826	K_L0	91	130	580	-0.304602	-0.646671	-4.4797	4.56359	0.49761	0.719107
827	pi+	91	211	582	0.120307	0.251607	-0.623008	0.696705	0.13957	0.284661
828	pi0	-91	111	582	-0.292709	-0.242968	-1.36047	1.41908	0.13498	0.382143
829	pi-	91	-211	587	0.191802	0.0251864	-1.78328	1.79917	0.13957	0.194034
830	pi0	-91	111	587	-0.193408	0.214038	-0.388047	0.502015	0.13498	0.299506
831	K0	-91	311	597	-0.0473924	0.283902	0.59583	0.827934	0.49761	0.360135
832	pi+	91	211	597	-0.122255	0.833658	0.588494	1.03718	0.13957	0.850308
833	Lambda0	91	3122	598	0.266926	-0.236562	-0.179575	1.18499	1.11568	0.0619059
834	pi0	-91	111	598	0.245112	-0.334482	-0.0504048	0.438997	0.13498	0.43579
835	nbar0	91	-2112	600	0.489489	1.10498	-1.38642	2.06532	0.93957	1.9745
836	pi+	91	211	600	0.257481	0.156111	-0.118206	0.352306	0.13957	0.327942
837	pi+	91	211	608	-0.195823	1.02623	-1.1956	1.59388	0.13957	1.04878
838	pi-	91	-211	608	-0.117913	0.0866213	-0.97306	0.993848	0.13957	0.147775
839	pi+	91	211	618	0.235436	0.00204407	0.22829	0.356413	0.13957	0.25588
840	pi-	91	-211	618	-0.329856	0.0869867	0.550615	0.662592	0.13957	0.348962
841	K0	-91	311	619	0.235511	-0.201677	0.552177	0.805391	0.49761	0.394334
842	pi+	91	211	619	0.669969	-0.248797	1.1933	1.39793	0.13957	0.718263
843	pi+	91	211	622	0.124546	0.0932057	-0.121056	0.241523	0.13957	0.190608
844	pi0	-91	111	622	0.13952	1.1193	-0.313553	1.17849	0.13498	1.13543
845	p+	91	2212	629	-0.14806	-0.45508	-1.66595	1.97098	0.93827	0.285125
846	pi0	-91	111	629	0.110586	0.225777	-0.816855	0.865261	0.13498	0.254521
847	pbar-	91	-2212	630	-0.199508	-0.270926	-0.591806	1.15922	0.93827	1.03666
848	pi-	91	-211	630	-0.146443	-0.168252	0.104699	0.283189	0.13957	0.256353
849	pi-	91	-211	639	0.48046	0.736457	-3.38075	3.49602	0.13957	0.880025
850	pi0	-91	111	639	0.0643629	-0.0710564	-1.29558	1.30611	0.13498	0.096389
851	K_S0	91	310	643	-0.726773	0.214424	-2.70717	2.85492	0.49761	0.769524
852	K-	91	-321	644	-0.504625	-0.127822	-2.325	2.43317	0.49368	0.531619
853	pi0	-91	111	644	-0.127581	0.238572	-0.253245	0.394393	0.13498	0.287931
854	pi+	91	211	647	0.0226713	-0.0316086	-0.163557	0.218503	0.13957	0.0505562
855	pi-	91	-211	647	-0.0447848	0.498729	1.54905	1.63394	0.13957	0.502572
856	K0	-91	311	652	-0.450799	-0.194042	-0.174867	0.720462	0.49761	0.678671
857	pi0	-91	111	652	0.105574	-0.337493	0.0773883	0.386336	0.13498	0.377405
858	K_L0	91	130	653	0.43675	0.537738	-1.00091	1.31505	0.49761	0.748406
859	pi-	91	-211	654	0.251238	-0.193873	-4.68596	4.69877	0.13957	0.317484
860	pi0	-91	111	654	-0.332927	0.293038	-6.91256	6.92809	0.13498	0.443606
861	pi-	91	-211	662	0.0898506	0.378402	0.796693	0.897475	0.13957	0.393713
862	pi0	-91	111	662	0.180205	-0.241117	0.413951	0.529326	0.13498	0.311308
863	pi+	91	211	665	-0.198956	0.161733	-0.989179	1.03136	0.13957	0.258781
864	pi0	-91	111	665	-0.0524411	-0.888313	-1.41941	1.68071	0.13498	0.892743
865	p+	91	2212	666	0.316505	0.322378	-2.06746	2.31491	0.93827	0.293887
866	pi-	91	-211	666	0.0872545	-0.157811	-0.976185	1.00246	0.13957	0.1821
867	pi+	91	211	687	-0.246899	-0.0194838	-0.621113	0.683081	0.13957	0.253004
868	pi-	91	-211	687	-0.235784	-0.561567	0.163573	0.6459	0.13957	0.623796
869	p+	91	2212	688	-0.144077	-0.182146	-0.901788	1.32193	0.93827	0.0956838
870	pi+	91	211	688	-0.0273798	-0.314928	-0.225715	0.412742	0.13957	0.335904
871	pi-	91	-211	689	0.0277474	0.00193891	-0.410018	0.434014	0.13957	0.0293754
872	pi0	-91	111	689	-0.0945866	-1.1573	-1.3703	1.80118	0.13498	1.16443
873	pi+	91	211	702	-0.347763	-0.0391352	-0.575711	0.688036	0.13957	0.357389
874	pi0	-91	111	702	0.38821	0.178598	-1.23463	1.31344	0.13498	0.429597
875	pi-	91	-211	703	-0.44634	0.238543	-1.6804	1.76049	0.13957	0.507684
876	pi0	-91	111	703	0.120392	0.042897	0.113292	0.21769	0.13498	0.162902
877	pi+	91	211	704	0.231837	0.782659	-0.328059	0.890733	0.13957	0.826483
878	pi-	91	-211	704	-0.122078	0.0301262	-0.348685	0.39607	0.13957	0.134359
879	pi+	91	211	707	-0.232521	0.00954534	-0.0777018	0.282267	0.13957	0.267737
880	pi0	-91	111	707	0.232554	-0.418079	-0.850663	0.98525	0.13498	0.482959
881	pi+	91	211	713	0.479951	0.0596882	0.69689	0.859681	0.13957	0.490151
882	pi-	91	-211	713	0.0258749	-0.236052	-0.0441915	0.278967	0.13957	0.274259
883	pi+	91	211	714	0.0118405	0.285675	0.0500978	0.322087	0.13957	0.317253
884	pi0	-91	111	714	0.0441559	0.00448927	0.901304	0.912435	0.13498	0.0448773
885	K_S0	91	310	715	-0.00994448	-0.119777	0.663315	0.837883	0.49761	0.149387
886	Kbar0	-91	-311	716	-0.0416456	0.152489	0.962711	1.09518	0.49761	0.177448
887	pi-	91	-211	716	0.301075	-0.134612	0.28986	0.460722	0.13957	0.346059
888	p+	91	2212	719	0.486311	-0.437277	2.2686	2.54059	0.93827	0.443844
889	pi+	91	211	719	0.179087	-0.265003	0.262255	0.436528	0.13957	0.337561
890	pi-	91	-211	720	-0.452569	-0.075205	0.16467	0.507021	0.13957	0.477212
891	pi0	-91	111	720	0.172213	0.0822567	0.347302	0.418643	0.13498	0.201617
892	pi+	91	211	734	-0.453763	1.09553	-0.246577	1.21916	0.13957	1.19363
893	pi-	91	-211	734	0.35722	0.898867	-0.777744	1.24897	0.13957	0.973344
894	pi+	91	211	736	0.668217	-0.161372	-0.729546	1.01206	0.13957	0.694058
895	pi-	91	-211	736	0.189104	0.448635	-0.399307	0.64495	0.13957	0.498678
896	pi+	91	211	738	-0.238796	0.131447	1.78559	1.81166	0.13957	0.273396
897	pi-	91	-211	738	0.359651	-0.0988498	3.83842	3.85903	0.13957	0.373232
898	pi+	91	211	740	0.180311	-0.0873489	0.748298	0.787129	0.13957	0.203581
899	pi0	-91	111	740	-0.773741	0.249896	0.921008	1.23596	0.13498	0.817987
900	n0	91	2112	741	-0.379855	-1.1371	-0.713763	1.68212	0.93957	0.638036
901	pi0	-91	111	741	-0.228786	-0.464157	-0.0725336	0.53969	0.13498	0.534466
902	pi-	91	-211	750	-0.337497	-0.0859049	0.263464	0.458451	0.13957	0.365614
903	pi0	-91	111	750	0.0258374	0.0324634	-0.26692	0.301972	0.13498	0.0463819
904	pi+	91	211	758	-0.0366625	0.206408	0.291578	0.385287	0.13957	0.224914
905	pi0	-91	111	758	0.0214251	0.0326265	-0.606917	0.622969	0.13498	0.0399821
906	K_L0	91	130	761	-0.107752	-0.183795	-1.47775	1.57377	0.49761	0.224574
907	pi-	91	-211	772	-0.0606138	0.231151	-1.73515	1.75708	0.13957	0.239723
908	pi0	-91	111	772	-0.677872	-0.380763	-3.53564	3.62263	0.13498	0.778031
909	pi+	91	211	774	-0.54619	0.137973	-2.56253	2.62744	0.13957	0.564144
910	pi-	91	-211	774	-0.223922	0.507682	-0.860062	1.03299	0.13957	0.560006
911	K+	91	321	775	-0.0800272	-0.147686	-0.428064	0.674666	0.49368	0.246448
912	pi0	-91	111	775	0.433817	-0.361616	-0.328525	0.667167	0.13498	0.576695
913	K_S0	91	310	776	-0.47599	0.0857569	0.466138	0.835955	0.49761	0.601908
914	pi-	91	-211	777	0.150573	0.205616	0.472986	0.555109	0.13957	0.263312
915	pi0	-91	111	777	-0.239626	-0.330323	1.90076	1.94876	0.13498	0.409068
916	pi-	91	-211	779	-0.0888221	-0.00276933	6.40599	6.40812	0.13957	0.0888864
917	pi0	-91	111	779	-0.328227	0.401361	3.09632	3.14233	0.13498	0.518961
918	K_S0	91	310	786	0.37165	-0.0974849	4.23899	4.28536	0.49761	0.386839
919	K_S0	91	310	808	-0.158655	-0.0544703	0.0481609	0.527327	0.49761	0.506851
920	K_S0	91	310	817	1.02352	-0.0577817	3.45329	3.63645	0.49761	1.03489
921	K_S0	91	310	831	-0.0473924	0.283902	0.59583	0.827934	0.49761	0.360135
922	K_L0	91	130	841	0.235511	-0.201677	0.552177	0.805391	0.49761	0.394334
923	K_S0	91	310	856	-0.450799	-0.194042	-0.174867	0.720462	0.49761	0.678671
924	K_S0	91	310	886	-0.0416456	0.152489	0.962711	1.09518	0.49761	0.177448
925	gamma	91	22	453	-0.0996465	0.00681151	-3.60404	3.60542	0	0.0998791
926	gamma	91	22	453	-0.149676	0.204223	-10.0966	10.0997	0	0.253199
927	gamma	91	22	465	0.0531863	0.156106	-1.54656	1.55533	0	0.164917
928	gamma	91	22	465	-0.0509054	0.0279822	-0.330966	0.336025	0	0.0580893
929	pi+	91	211	477	-0.398518	0.129708	-0.0279055	0.442605	0.13957	0.441627
930	pi-	91	-211	477	-0.042578	-0.0287202	0.348154	0.378588	0.13957	0.0552505
931	pi0	-91	111	477	-0.141917	-0.0568146	-0.0245965	0.205409	0.13498	0.202801
932	pi+	91	211	481	0.118854	-0.0747045	-0.15211	0.249648	0.13957	0.169313
933	pi-	91	-211	481	0.0854551	-0.311103	-0.376622	0.515181	0.13957	0.33516
934	pi0	-91	111	481	0.312539	-0.20781	-0.252168	0.471884	0.13498	0.391687
935	gamma	91	22	482	-0.155704	-0.278754	0.235942	0.397009	0	0.319292
936	gamma	91	22	482	0.121926	0.129209	-0.0770777	0.193654	0	0.177653
937	gamma	91	22	492	0.535736	-0.770481	-3.17355	3.30939	0	0.938432
938	gamma	91	22	492	0.0944844	-0.0798367	-0.305417	0.329516	0	0.123698
939	pi+	91	211	499	0.0425311	0.168614	-1.8231	1.83669	0.13957	0.174399
940	pi-	91	-211	499	0.136627	-0.130468	-0.708157	0.746093	0.13957	0.19231
941	pi0	-91	111	499	0.349312	-0.152096	-2.72031	2.75017	0.13498	0.381448
942	pi+	91	211	505	0.0881826	0.055808	2.76424	2.76973	0.13957	0.104491
943	pi-	91	-211	505	0.0459297	0.117142	1.14682	1.16211	0.13957	0.126742
944	pi0	-91	111	505	-0.385539	-0.143106	3.92288	3.94669	0.13498	0.411482
945	gamma	91	22	508	-0.046914	0.231901	-0.576569	0.623226	0	0.236599
946	gamma	91	22	508	-0.0261033	0.299089	-1.22306	1.25937	0	0.300226
947	gamma	91	22	520	-0.408895	-0.37987	4.35346	4.38909	0	0.558119
948	gamma	91	22	520	-0.529102	-0.45644	4.39722	4.4524	0	0.698775
949	gamma	91	22	527	-0.0446443	-0.0598933	-0.103865	0.127939	0	0.0747016
950	gamma	91	22	527	-0.298209	-0.124356	-0.152486	0.357274	0	0.323099
951	Lambda0	91	3122	531	-0.285999	0.0179865	10.4944	10.5574	1.11568	0.257724
952	gamma	91	22	531	-0.0840872	0.0230744	1.31296	1.31586	0	0.0871956
953	gamma	91	22	542	-0.0738367	0.00891972	0.0544075	0.0921499	0	0.0743735
954	gamma	91	22	542	-0.86349	0.326953	1.27943	1.5778	0	0.923317
955	gamma	91	22	548	-0.034619	0.310912	0.890593	0.943939	0	0.312834
956	gamma	91	22	548	0.0283259	0.104928	0.587558	0.597526	0	0.108684
957	Lambdabar0	91	-3122	550	0.225906	-0.699722	-0.385058	1.39056	1.11568	2.22022
958	gamma	91	22	550	0.0780188	-0.0472408	0.0227922	0.0940112	0	0.0912065
959	gamma	91	22	561	0.0785254	-0.0272515	0.0138336	0.084263	0	0.0831197
960	gamma	91	22	561	0.173718	-0.307254	0.18906	0.400408	0	0.352963
961	gamma	91	22	563	-0.0120134	0.0328643	-0.00286278	0.0351081	0	0.0349912
962	gamma	91	22	563	0.127999	0.0238368	0.181302	0.223209	0	0.130199
963	gamma	91	22	572	-0.00577347	0.172522	0.0435971	0.178039	0	0.172619
964	gamma	91	22	572	0.597745	-0.209543	0.255784	0.683105	0	0.633409
965	gamma	91	22	576	0.0684727	-0.197849	-4.50804	4.51289	0	0.209363
966	gamma	91	22	576	0.201229	-0.218931	-4.49037	4.50021	0	0.297361
967	gamma	91	22	578	-0.0263322	0.111183	-0.582289	0.593393	0	0.114259
968	gamma	91	22	578	0.107574	0.137383	-1.33332	1.34469	0	0.174489
969	pi+	91	211	579	0.424827	0.308151	-3.66077	3.70083	0.13957	0.525192
970	pi-	91	-211	579	0.056453	-0.0504333	-0.312493	0.350517	0.13957	0.082524
971	pi0	-91	111	579	-0.0146235	0.161228	-1.18924	1.20777	0.13498	0.16291
972	gamma	91	22	583	0.00446861	0.004505	0.0109578	0.0126624	0	0.00634535
973	gamma	91	22	583	-0.124693	0.254269	-0.357768	0.456288	0	0.283198
974	gamma	91	22	585	-0.335726	-0.0850866	-0.32997	0.478364	0	0.346341
975	gamma	91	22	585	0.00999643	0.00729965	-0.00286369	0.0127049	0	0.0123779
976	gamma	91	22	595	0.0607391	0.331842	0.846931	0.911647	0	0.337355
977	gamma	91	22	595	-0.0262543	0.130604	0.569109	0.584493	0	0.133217
978	pi+	91	211	596	0.162664	-0.0910977	0.0130396	0.233255	0.13957	0.232687
979	pi-	91	-211	596	-0.0650966	-0.0749018	0.0506938	0.178599	0.13957	0.159048
980	pi0	-91	111	596	0.289117	0.363733	0.00427124	0.483867	0.13498	0.483847
981	pi+	91	211	605	0.138786	0.218113	-0.0858147	0.30607	0.13957	0.290484
982	pi-	91	-211	605	0.18216	-0.0165236	-0.301197	0.379018	0.13957	0.196732
983	pi0	-91	111	605	0.379718	-0.136276	0.0363261	0.426961	0.13498	0.425241
984	gamma	91	22	606	0.0117025	-0.00160258	-0.0282757	0.0306437	0	0.0118118
985	gamma	91	22	606	0.780798	-0.323025	-0.312861	0.90104	0	0.84498
986	gamma	91	22	607	0.196637	0.273658	-0.639031	0.722437	0	0.336979
987	gamma	91	22	607	0.00282865	0.144963	-0.234074	0.275341	0	0.14499
988	gamma	91	22	609	-0.0524379	-0.0677737	-0.342338	0.3529	0	0.0856914
989	gamma	91	22	609	-0.0434207	0.0669452	-0.299903	0.310336	0	0.0797936
990	pi0	-91	111	611	0.05087	-0.10319	-0.994403	1.0101	0.13498	0.116088
991	pi0	-91	111	611	-0.0113842	-0.0872008	-3.09934	3.10352	0.13498	0.0880241
992	pi0	-91	111	611	-0.115297	-0.154162	-3.59917	3.60684	0.13498	0.192643
993	gamma	91	22	621	-0.219289	0.616146	-0.971734	1.17132	0	0.654005
994	gamma	91	22	621	0.0112809	0.103455	-0.208952	0.233434	0	0.104068
995	gamma	91	22	628	0.254872	0.152207	-3.59255	3.60479	0	0.296861
996	gamma	91	22	628	0.0677641	0.131447	-1.27815	1.28667	0	0.147886
997	pi0	-91	111	631	-0.449212	-0.884767	1.00115	1.41602	0.13498	0.996811
998	gamma	91	22	631	0.281264	-0.253656	0.477375	0.609375	0	0.378749
999	pi+	91	211	632	-0.512614	-0.113633	0.709153	0.893344	0.13957	0.531585
1000	pi-	91	-211	632	-0.112133	-0.242452	0.0569269	0.30672	0.13957	0.299983
1001	pi0	-91	111	632	-0.275199	0.0552174	0.271108	0.412919	0.13498	0.297001
1002	pi0	-91	111	640	0.0786468	-0.0144883	-0.40685	0.436052	0.13498	0.084101
1003	pi0	-91	111	640	0.321356	0.123492	-1.54481	1.58845	0.13498	0.345517
1004	pi0	-91	111	640	0.300757	0.122747	-0.730361	0.810659	0.13498	0.329439
1005	pi0	-91	111	642	0.105847	0.156514	-0.122974	0.262759	0.13498	0.220223
1006	pi0	-91	111	642	0.11175	0.239324	-0.28344	0.41027	0.13498	0.2797
1007	eta	-91	221	642	-0.0381821	0.152562	-0.663462	0.874674	0.54785	0.201743
1008	pi+	91	211	646	0.0815832	-0.00304361	0.213471	0.267796	0.13957	0.0956591
1009	pi-	91	-211	646	0.0345437	-0.22178	0.109215	0.285985	0.13957	0.257158
1010	pi0	-91	111	646	-0.290419	-0.0776575	-0.0808438	0.339307	0.13498	0.327665
1011	gamma	91	22	667	-0.0481104	0.0196198	-2.64116	2.64167	0	0.0519572
1012	gamma	91	22	667	-0.0590765	0.000255393	-0.389843	0.394293	0	0.0590771
1013	gamma	91	22	678	-0.0416694	-0.168436	-0.10974	0.205304	0	0.173514
1014	gamma	91	22	678	-0.161356	-1.02068	-0.30456	1.07731	0	1.03336
1015	Lambda0	91	3122	685	-0.293899	0.472359	2.46491	2.76225	1.11568	0.36251
1016	gamma	91	22	685	-0.00687036	-0.0437748	0.0343909	0.0560907	0	0.0443106
1017	Lambdabar0	91	-3122	686	-0.0103737	-0.124341	0.680255	1.31265	1.11568	0.438097
1018	gamma	91	22	686	-0.0517335	0.00674505	-0.0213528	0.0563719	0	0.0521713
1019	gamma	91	22	705	-0.23632	-0.608927	-0.317129	0.726092	0	0.653176
1020	gamma	91	22	705	-0.0635365	-0.236701	-0.0368808	0.247839	0	0.24508
1021	gamma	91	22	710	0.00753539	-0.0123387	0.00695869	0.0160452	0	0.0144577
1022	gamma	91	22	710	0.213025	0.0965499	-0.366374	0.434662	0	0.233884
1023	gamma	91	22	711	0.338238	0.085628	-0.404478	0.534172	0	0.348908
1024	gamma	91	22	711	0.260372	-0.0269942	-0.202653	0.331044	0	0.261767
1025	pi+	91	211	717	0.117622	-0.052111	0.0280427	0.191877	0.13957	0.187475
1026	pi-	91	-211	717	0.337709	0.0954195	0.278058	0.468986	0.13957	0.367585
1027	gamma	91	22	717	-0.0778596	-0.00578665	0.066719	0.102699	0	0.0780743
1028	gamma	91	22	718	-0.0990267	-0.0217947	0.549273	0.558554	0	0.101397
1029	gamma	91	22	718	-0.127648	0.100597	0.472642	0.499804	0	0.162523
1030	pi+	91	211	730	-0.160112	-0.218635	-0.565196	0.642155	0.13957	0.27763
1031	pi-	91	-211	730	0.00355472	-0.604452	-2.44729	2.52469	0.13957	0.605388
1032	pi0	-91	111	730	0.146258	-0.0764732	-0.454733	0.502236	0.13498	0.171349
1033	pi0	-91	111	731	-0.0176897	-0.22327	-0.0467638	0.265648	0.13498	0.26004
1034	pi0	-91	111	731	0.0282619	-0.0602577	-0.160401	0.219949	0.13498	0.0842964
1035	pi0	-91	111	731	0.216425	-0.245312	-0.119836	0.373628	0.13498	0.35083
1036	pi0	-91	111	733	0.0405143	0.2463	0.0262738	0.284982	0.13498	0.283416
1037	pi0	-91	111	733	0.0146231	0.00722307	-0.144223	0.198207	0.13498	0.0222726
1038	pi0	-91	111	733	-0.024675	0.178822	-0.000849544	0.225403	0.13498	0.2254
1039	gamma	91	22	735	-0.473857	0.415225	0.123853	0.642099	0	0.630041
1040	gamma	91	22	735	-0.0208654	0.0797268	0.00928254	0.082933	0	0.0824119
1041	gamma	91	22	739	0.579552	-0.0337079	4.06532	4.10656	0	0.580531
1042	gamma	91	22	739	0.0534526	-0.0465845	0.424341	0.430224	0	0.0709034
1043	gamma	91	22	751	0.187501	-0.0194162	-0.014991	0.189099	0	0.188504
1044	gamma	91	22	751	0.110908	0.0002324	0.101145	0.150103	0	0.110908
1045	gamma	91	22	752	-0.0387397	0.454282	1.20528	1.28863	0	0.45593
1046	gamma	91	22	752	0.188528	0.292288	2.99459	3.01472	0	0.347814
1047	gamma	91	22	754	-0.210371	-0.0874309	-0.0635964	0.236526	0	0.227816
1048	gamma	91	22	754	-0.11248	0.0791886	0.542266	0.559442	0	0.137559
1049	pi0	-91	111	759	-0.285449	0.179454	-1.12436	1.18156	0.13498	0.339393
1050	gamma	91	22	759	-0.129647	-0.0499872	0.151707	0.205724	0	0.13895
1051	Lambdabar0	91	-3122	762	0.0552772	0.195696	-4.2071	4.35727	1.11568	0.26423
1052	gamma	91	22	762	0.0238473	0.0866707	-0.239077	0.255418	0	0.0898916
1053	gamma	91	22	764	0.324098	-0.233124	-0.23503	0.463277	0	0.399232
1054	gamma	91	22	764	0.295905	-0.0788594	-0.230558	0.383322	0	0.306233
1055	pi+	91	211	771	0.313628	0.00248821	0.0685783	0.350073	0.13957	0.341993
1056	pi-	91	-211	771	0.0614203	-0.234575	0.143858	0.314599	0.13957	0.270567
1057	pi0	-91	111	771	0.0471487	0.111957	0.345879	0.390652	0.13498	0.129453
1058	rho0	-91	113	773	-0.468854	-0.62742	-1.07151	1.53061	0.762347	0.903257
1059	gamma	91	22	773	0.0430321	-0.305401	-0.357268	0.471977	0	0.308418
1060	gamma	91	22	781	-0.00806892	0.0828135	4.89202	4.89273	0	0.0832056
1061	gamma	91	22	781	0.0711579	0.146617	3.57902	3.58273	0	0.162973
1062	gamma	91	22	783	0.0401171	0.278879	-0.724604	0.777453	0	0.28175
1063	gamma	91	22	783	-0.09726	0.301052	-0.792356	0.853182	0	0.316373
1064	gamma	91	22	785	-0.0415835	0.0459845	-0.770145	0.772636	0	0.0619981
1065	gamma	91	22	785	-0.00894731	-0.0869663	-1.26453	1.26755	0	0.0874254
1066	gamma	91	22	790	-0.0839847	-0.0114599	-0.368665	0.378283	0	0.0847629
1067	gamma	91	22	790	-0.00603271	0.0615208	-0.0777423	0.0993231	0	0.0618159
1068	gamma	91	22	792	0.118699	0.0510083	1.80464	1.80926	0	0.129195
1069	gamma	91	22	792	-0.0216098	-0.0270615	0.278784	0.280927	0	0.0346311
1070	gamma	91	22	794	-0.0513408	0.1003	0.697289	0.706334	0	0.112676
1071	gamma	91	22	794	0.00886657	-0.033055	0.0877925	0.0942272	0	0.0342235
1072	gamma	91	22	801	0.122905	-0.342474	1.38116	1.42828	0	0.36386
1073	gamma	91	22	801	0.0115187	-0.233879	0.612343	0.655588	0	0.234162
1074	gamma	91	22	803	-0.0832936	0.0777116	0.134081	0.175939	0	0.113916
1075	gamma	91	22	803	-0.191122	0.289455	0.133041	0.371499	0	0.34686
1076	gamma	91	22	807	0.0156639	0.0927846	-0.0276807	0.0980844	0	0.0940975
1077	gamma	91	22	807	-0.157344	0.162764	-0.116477	0.25459	0	0.226383
1078	gamma	91	22	823	0.020504	-0.0379435	-0.0280339	0.0514395	0	0.0431291
1079	gamma	91	22	823	-0.0780514	0.0273719	-0.246818	0.260309	0	0.0827118
1080	gamma	91	22	825	0.0751135	-0.362412	0.250301	0.446806	0	0.370114
1081	gamma	91	22	825	0.0230485	0.00518099	0.00994125	0.0256302	0	0.0236237
1082	gamma	91	22	828	-0.0969881	-0.0859798	-0.713362	0.725041	0	0.129612
1083	gamma	91	22	828	-0.195721	-0.156989	-0.647104	0.694043	0	0.250902
1084	gamma	91	22	830	-0.00836406	0.099584	-0.140858	0.172708	0	0.0999347
1085	gamma	91	22	830	-0.185043	0.114454	-0.247188	0.329307	0	0.217579
1086	gamma	91	22	834	0.0677412	-0.0899412	0.0463829	0.121777	0	0.112598
1087	gamma	91	22	834	0.177371	-0.244541	-0.0967876	0.31722	0	0.302094
1088	gamma	91	22	844	0.0692522	0.887226	-0.207295	0.913749	0	0.889925
1089	gamma	91	22	844	0.0702674	0.232074	-0.106258	0.264739	0	0.242478
1090	gamma	91	22	846	0.0810055	0.0833903	-0.541739	0.554073	0	0.116258
1091	gamma	91	22	846	0.0295805	0.142386	-0.275116	0.311187	0	0.145427
1092	gamma	91	22	850	-0.0273662	-0.0577226	-0.750196	0.752911	0	0.0638812
1093	gamma	91	22	850	0.0917292	-0.0133339	-0.545382	0.553203	0	0.0926932
1094	gamma	91	22	853	-0.0030024	0.131547	-0.0727282	0.150343	0	0.131582
1095	gamma	91	22	853	-0.124579	0.107024	-0.180516	0.24405	0	0.164238
1096	gamma	91	22	857	-0.00133821	-0.0101832	0.0384682	0.0398157	0	0.0102708
1097	gamma	91	22	857	0.106912	-0.32731	0.0389201	0.346521	0	0.344328
1098	gamma	91	22	860	-0.138221	0.185347	-4.23145	4.23776	0	0.231211
1099	gamma	91	22	860	-0.194707	0.107691	-2.68111	2.69033	0	0.222504
1100	gamma	91	22	862	0.142487	-0.12514	0.332161	0.382483	0	0.189638
1101	gamma	91	22	862	0.0377179	-0.115977	0.0817902	0.146843	0	0.121956
1102	gamma	91	22	864	-0.0219773	-0.465834	-0.868519	0.985804	0	0.466352
1103	gamma	91	22	864	-0.0304638	-0.422479	-0.550887	0.694905	0	0.423576
1104	gamma	91	22	872	-0.0748046	-0.24084	-0.306116	0.396619	0	0.25219
1105	gamma	91	22	872	-0.0197821	-0.916458	-1.06419	1.40456	0	0.916671
1106	gamma	91	22	874	0.131824	0.0639138	-0.629304	0.646132	0	0.146501
1107	gamma	91	22	874	0.256386	0.114684	-0.605325	0.667312	0	0.280867
1108	gamma	91	22	876	0.13588	0.065053	0.116537	0.190463	0	0.15065
1109	gamma	91	22	876	-0.0154885	-0.022156	-0.00324507	0.027227	0	0.027033
1110	gamma	91	22	880	0.0255259	-0.0747371	-0.0615534	0.10013	0	0.0789759
1111	gamma	91	22	880	0.207028	-0.343342	-0.789109	0.88512	0	0.400929
1112	gamma	91	22	884	-0.046902	-0.00176707	0.21325	0.218354	0	0.0469353
1113	gamma	91	22	884	0.0910579	0.00625634	0.688053	0.694081	0	0.0912726
1114	gamma	91	22	891	0.0427587	0.0918644	0.12171	0.158369	0	0.101328
1115	gamma	91	22	891	0.129455	-0.00960765	0.225593	0.260275	0	0.129811
1116	gamma	91	22	899	-0.686098	0.173664	0.778732	1.05229	0	0.707736
1117	gamma	91	22	899	-0.0876422	0.0762312	0.142276	0.18367	0	0.116157
1118	gamma	91	22	901	-0.0687306	-0.0367434	-0.0185206	0.0801061	0	0.0779357
1119	gamma	91	22	901	-0.160055	-0.427414	-0.054013	0.459584	0	0.456399
1120	gamma	91	22	903	0.0145625	-0.0237967	-0.234329	0.235984	0	0.0278989
1121	gamma	91	22	903	0.0112749	0.0562601	-0.0325912	0.0659887	0	0.0573787
1122	gamma	91	22	905	-0.0077557	0.00322654	0.0049182	0.00973397	0	0.00840009
1123	gamma	91	22	905	0.0291808	0.0293999	-0.611835	0.613235	0	0.0414231
1124	gamma	91	22	908	-0.133669	-0.0283904	-0.486404	0.505235	0	0.13665
1125	gamma	91	22	908	-0.544204	-0.352373	-3.04924	3.1174	0	0.648324
1126	gamma	91	22	912	0.385315	-0.36279	-0.318331	0.617591	0	0.52923
1127	gamma	91	22	912	0.0485024	0.00117383	-0.0101938	0.049576	0	0.0485166
1128	gamma	91	22	915	-0.189322	-0.281093	1.28333	1.32733	0	0.338904
1129	gamma	91	22	915	-0.0503046	-0.0492304	0.617432	0.621431	0	0.070386
1130	gamma	91	22	917	-0.263531	0.220714	2.02045	2.04948	0	0.343749
1131	gamma	91	22	917	-0.0646959	0.180646	1.07587	1.09285	0	0.191882
1132	gamma	91	22	931	-0.150489	-0.0760755	0.00544028	0.168713	0	0.168625
1133	gamma	91	22	931	0.00857143	0.0192609	-0.0300367	0.0366968	0	0.021082
1134	gamma	91	22	934	0.259208	-0.101914	-0.156118	0.319292	0	0.278523
1135	gamma	91	22	934	0.0533316	-0.105897	-0.0960507	0.152591	0	0.118568
1136	gamma	91	22	941	0.302669	-0.106699	-1.86668	1.89407	0	0.320926
1137	gamma	91	22	941	0.0466425	-0.0453969	-0.853624	0.856102	0	0.0650877
1138	gamma	91	22	944	-0.142016	-0.116796	1.95267	1.96131	0	0.183874
1139	gamma	91	22	944	-0.243523	-0.0263102	1.97021	1.98538	0	0.24494
1140	gamma	91	22	971	-0.0149962	0.0492113	-0.826534	0.828134	0	0.0514455
1141	e-	91	11	971	-0.000197119	0.0886847	-0.29323	0.306348	0.000511	0.0886851
1142	e+	91	-11	971	0.000569809	0.0233317	-0.0694736	0.0732908	0.000511	0.0233392
1143	gamma	91	22	980	0.302461	0.330503	0.00531576	0.448044	0	0.448012
1144	gamma	91	22	980	-0.0133441	0.0332291	-0.00104453	0.0358235	0	0.0358083
1145	gamma	91	22	983	0.168192	-0.00171961	-0.0218076	0.169609	0	0.168201
1146	e-	91	11	983	0.0741656	-0.0475492	0.0200223	0.0903472	0.000511	0.0881006
1147	e+	91	-11	983	0.13736	-0.0870073	0.0381114	0.167005	0.000511	0.162599
1148	gamma	91	22	990	0.0406791	-0.136515	-0.788274	0.801042	0	0.142447
1149	gamma	91	22	990	0.0101909	0.0333259	-0.206128	0.209054	0	0.0348492
1150	gamma	91	22	991	-0.0365122	0.0254874	-1.03583	1.03679	0	0.0445281
1151	gamma	91	22	991	0.025128	-0.112688	-2.06351	2.06674	0	0.115456
1152	gamma	91	22	992	-0.125197	-0.171234	-3.07969	3.08699	0	0.212121
1153	gamma	91	22	992	0.00989999	0.0170716	-0.519473	0.519847	0	0.0197345
1154	gamma	91	22	997	-0.418438	-0.797382	0.847438	1.23655	0	0.900505
1155	gamma	91	22	997	-0.0307739	-0.0873842	0.15371	0.179471	0	0.0926446
1156	gamma	91	22	1001	-0.114798	0.0917239	0.126376	0.193811	0	0.146942
1157	gamma	91	22	1001	-0.160401	-0.0365064	0.144732	0.219108	0	0.164503
1158	gamma	91	22	1002	0.00677177	-0.0554745	-0.27325	0.278906	0	0.0558863
1159	gamma	91	22	1002	0.071875	0.0409863	-0.1336	0.157146	0	0.0827399
1160	gamma	91	22	1003	0.287002	0.0920448	-1.46802	1.49864	0	0.301401
1161	gamma	91	22	1003	0.0343537	0.031447	-0.0767872	0.0898073	0	0.0465735
1162	gamma	91	22	1004	0.00670312	0.0199771	-0.0056133	0.0218065	0	0.0210717
1163	gamma	91	22	1004	0.294054	0.10277	-0.724747	0.788852	0	0.311495
1164	gamma	91	22	1005	0.0227047	-0.0242125	-0.020028	0.0387669	0	0.0331926
1165	gamma	91	22	1005	0.0831423	0.180726	-0.102946	0.223992	0	0.198934
1166	gamma	91	22	1006	-0.00274811	0.111009	-0.174048	0.206454	0	0.111043
1167	gamma	91	22	1006	0.114498	0.128316	-0.109392	0.203817	0	0.171973
1168	gamma	91	22	1007	0.0744794	-0.124312	0.00224788	0.144933	0	0.144916
1169	gamma	91	22	1007	-0.112661	0.276874	-0.66571	0.729741	0	0.298918
1170	gamma	91	22	1010	-0.165061	-0.0453817	-0.114013	0.205678	0	0.171186
1171	gamma	91	22	1010	-0.125358	-0.0322757	0.0331693	0.133629	0	0.129447
1172	gamma	91	22	1032	0.0687683	-0.101181	-0.342023	0.363245	0	0.122339
1173	gamma	91	22	1032	0.0774902	0.0247082	-0.11271	0.138992	0	0.081334
1174	gamma	91	22	1033	-0.00670492	-0.203977	0.0103718	0.20435	0	0.204087
1175	gamma	91	22	1033	-0.0109848	-0.0192927	-0.0571356	0.0612973	0	0.0222008
1176	gamma	91	22	1034	-0.0210784	0.0205801	0.00448716	0.0297989	0	0.0294591
1177	gamma	91	22	1034	0.0493403	-0.0808378	-0.164888	0.19015	0	0.0947059
1178	gamma	91	22	1035	-0.0126679	0.00268811	0.00469272	0.013774	0	0.01295
1179	gamma	91	22	1035	0.229093	-0.248	-0.124529	0.359854	0	0.33762
1180	gamma	91	22	1036	0.0769614	0.0891149	0.0365786	0.123298	0	0.117748
1181	gamma	91	22	1036	-0.036447	0.157185	-0.0103049	0.161684	0	0.161355
1182	gamma	91	22	1037	-0.0183432	-0.0338922	-0.140148	0.14535	0	0.0385377
1183	gamma	91	22	1037	0.0329663	0.0411152	-0.00407527	0.0528568	0	0.0526995
1184	gamma	91	22	1038	0.00102908	0.0723543	0.065284	0.0974588	0	0.0723616
1185	gamma	91	22	1038	-0.025704	0.106468	-0.0661336	0.127944	0	0.109527
1186	gamma	91	22	1049	-0.272511	0.198933	-1.01092	1.06573	0	0.337397
1187	gamma	91	22	1049	-0.0129376	-0.0194792	-0.11344	0.115825	0	0.0233842
1188	gamma	91	22	1057	0.0612271	0.00866405	0.212804	0.221606	0	0.0618371
1189	gamma	91	22	1057	-0.0140785	0.103293	0.133075	0.169046	0	0.104248
1190	pi+	91	211	1058	-0.22749	-0.268031	-1.00131	1.07037	0.13957	0.354584
1191	pi-	91	-211	1058	-0.241364	-0.359389	-0.0701971	0.460244	0.13957	0.45431
