Particle List (1st event only)
******************************************************
JobID: 20200430	No. Events: 10000	SNN: 39

Simulation Parameters:
Version: Pythia8 Angantyr
Type of Cut: pseudorapidity (n)
Cut: 0.1
Calorimeter (r=regular, c=calorimeter): r
Counting method: d

I	particle/jet	status	KF	orig	p_x	p_y	p_z	E	m
=========================================================
0	system	-11	90	0	0	0	0	7683	7683	-nan
1	197Au	-12	1000791970	0	0	0	3837.12	3841.5	183.473	-nan
2	197Au	-12	1000791970	0	0	0	-3837.12	3841.5	183.473	-1.60397e-05
3	n0	-13	2112	1	0	0	19.4774	19.5	0.93957	-nan
4	n0	-13	2112	2	0	0	-19.4774	19.5	0.93957	-0
5	g	-21	21	17	0	0	4.30473	4.30473	0	-nan
6	d	-21	1	18	0	0	-1.27037	1.27037	0	-0
7	g	-23	21	5	0.547996	1.02839	3.91042	4.08035	0	1.16528
8	d	-23	1	5	-0.547996	-1.02839	-0.876061	1.49475	0.33	1.19477
9	g	-31	21	21	0	0	6.01921	6.01921	0	-nan
10	d	-31	1	22	0	0	-0.236774	0.236774	0	-0
11	g	-33	21	9	0.163234	0.797714	5.04109	5.10642	0	0.814243
12	d	-33	1	9	-0.163234	-0.797714	0.741349	1.14956	0.33	0.85002
13	g	-31	21	25	0	0	0.869206	0.869206	0	-nan
14	g	-31	21	26	0	0	-0.842889	0.842889	0	-0
15	g	-33	21	13	0.213075	-0.251264	-0.776941	0.843903	0	0.329446
16	g	-33	21	13	-0.213075	0.251264	0.803258	0.868193	0	0.329446
17	g	-61	21	3	0.707209	-0.607453	4.13198	4.23585	0	0.932279
18	d	-61	1	4	0.827651	1.10784	-0.921952	1.66202	0	1.38286
19	g	-62	21	7	1.31964	0.471726	4.4138	4.63094	0	1.40142
20	d	-62	1	8	0.215222	0.0286585	-1.20377	1.26693	0.33	0.224884
21	g	-61	21	3	-0.221128	0.985822	5.68604	5.77511	0	1.01032
22	d	-61	1	4	-1.31828	-0.123494	1.50404	2.00381	0	1.32405
23	g	-62	21	11	-0.23355	1.46073	4.00146	4.26614	0	1.47928
24	d	-62	1	12	-1.30585	-0.598398	3.18863	3.51278	0.33	1.44281
25	g	-61	21	3	-0.0608397	-0.835907	0.785652	1.14878	0	0.838118
26	g	-61	21	4	-5.28e-05	0.00256745	-0.756368	0.756372	0	0.00256799
27	g	-62	21	15	0.210692	-0.280633	-0.799204	0.872854	0	0.350921
28	g	-62	21	16	-0.271584	-0.552707	0.828489	1.0323	0	0.615827
29	u	-63	2	3	-0.188069	0.282791	2.13217	2.18412	0.33	0.343563
30	dd_1	-63	1103	3	-0.237172	0.174747	4.24786	4.32736	0.77133	0.299391
31	ud_1	-63	2103	4	0.711971	-0.355643	-10.5057	10.564	0.77133	0.797985
32	dbar	-63	-1	4	0.016139	0.354723	-3.35285	3.38771	0.33	0.356787
33	n0	-13	2112	1	0	0	19.4774	19.5	0.93827	-nan
34	p_diffr+	-15	9902210	33	0.0681296	-0.0228959	19.2414	19.7378	4.39836	0.0737278
35	u	-24	2	34	0.0697901	-0.023454	-0.128413	0.357121	0.325	0.17763
36	dd_1	-63	1103	34	-0.00166052	0.000558107	19.3698	19.3807	0.65	0.00175279
37	n0	-13	2112	1	0	0	19.4774	19.5	0.93827	-nan
38	p_diffr+	-15	9902210	37	0.00998755	0.0345145	19.3398	19.635	3.39163	0.0364789
39	u	-24	2	38	0.0104061	0.035961	0.0461584	0.330389	0.325	0.208115
40	dd_1	-63	1103	38	-0.0004185	-0.00144644	19.2937	19.3046	0.65	0.00150662
41	n0	-13	2112	1	0	0	19.4774	19.5	0.93827	-nan
42	p_diffr+	-15	9902210	41	-0.218645	-0.153384	19.4074	19.5712	2.51241	0.269309
43	d	-24	1	42	-0.235161	-0.16497	0.540302	0.692869	0.325	0.325257
44	ud_1	-63	2103	42	0.0165153	0.011586	18.8671	18.8783	0.65	0.020186
45	p+	-13	2212	1	0	0	19.4774	19.5	0.93827	-nan
46	p_diffr+	-15	9902210	45	-0.0969047	-0.844228	16.9701	22.0108	13.9917	1.1008
47	g	-24	21	46	-0.0962894	-0.838873	-2.4217	2.56469	0	0.844382
48	d	-63	1	46	-0.507306	0.0506684	9.89042	9.90888	0.325	0.510105
49	uu_1	-63	2203	46	0.506691	-0.0560227	9.5014	9.53724	0.65	0.510967
50	n0	-13	2112	1	0	0	19.4774	19.5	0.93827	-nan
51	p+	-13	2212	2	0	0	-19.4774	19.5	0.93827	-0
52	g	-21	21	72	0	0	0.533155	0.533155	0	-nan
53	dbar	-21	-1	73	0	0	-0.795504	0.795504	0	-0
54	g	-23	21	52	-0.232403	-0.558901	-0.195197	0.63599	0	0.605295
55	dbar	-23	-1	52	0.232403	0.558901	-0.067152	0.692669	0.33	0.688446
56	u	-31	2	76	0	0	5.28731	5.28731	0	-nan
57	u	-31	2	77	0	0	-2.75913	2.75913	0	-0
58	u	-33	2	56	-0.546232	-0.305549	-2.6895	2.78101	0.33	0.630337
59	u	-33	2	56	0.546232	0.305549	5.21768	5.26543	0.33	0.627116
60	g	-31	21	80	0	0	6.56149	6.56149	0	-nan
61	d	-31	1	81	0	0	-0.081644	0.081644	0	-0
62	g	-33	21	60	0.017437	-0.439073	5.51724	5.53471	0	0.439419
63	d	-33	1	60	-0.017437	0.439073	0.962599	1.10842	0.33	0.460292
64	g	-31	21	84	0	0	0.640966	0.640966	0	-nan
65	g	-31	21	85	0	0	-0.660971	0.660971	0	-0
66	g	-33	21	64	-0.253536	-0.353387	0.474304	0.643527	0	0.434928
67	g	-33	21	64	0.253536	0.353387	-0.494309	0.65841	0	0.434928
68	g	-31	21	88	0	0	0.380025	0.380025	0	-nan
69	g	-31	21	89	0	0	-0.494889	0.494889	0	-0
70	g	-33	21	68	0.339592	-0.266051	-0.102142	0.443327	0	0.4314
71	g	-33	21	68	-0.339592	0.266051	-0.0127216	0.431587	0	0.4314
72	g	-61	21	50	-0.537529	-1.00834	0.229339	1.16545	0	1.14267
73	dbar	-61	-1	51	-0.178226	0.0936095	-0.580846	0.614743	0	0.201313
74	g	-62	21	54	-0.611828	-0.87757	-0.707347	1.2825	0	1.0698
75	dbar	-62	-1	55	-0.103926	-0.037161	0.355841	0.497699	0.33	0.147441
76	u	-61	2	50	-0.981452	0.738279	5.21951	5.36205	0	1.22813
77	u	-61	2	51	0.617885	0.135001	-2.67202	2.74585	0	0.632461
78	u	-62	2	58	0.0680847	-0.170343	-2.70196	2.72821	0.33	0.184802
79	u	-62	2	59	-0.431652	1.04362	5.24945	5.37969	0.33	1.1315
80	g	-61	21	50	-0.121853	0.384127	6.91208	6.92382	0	0.402991
81	d	-61	1	51	-0.324637	0.200926	0.340623	0.511649	0	0.381786
82	g	-62	21	62	-0.106392	-0.124217	5.32446	5.32697	0	0.163552
83	d	-62	1	63	-0.340099	0.70927	1.92824	2.10849	0.33	0.796409
84	g	-61	21	50	1.07906	0.312845	0.315228	1.16688	0	1.12349
85	g	-61	21	51	-0.20482	-0.117434	-0.339512	0.413534	0	0.236097
86	g	-62	21	66	0.794053	-0.0433987	0.540815	0.961709	0	0.795238
87	g	-62	21	67	0.0801864	0.23881	-0.565099	0.618706	0	0.251913
88	g	-61	21	50	-0.158783	-0.442808	0.350867	0.586855	0	0.470416
89	g	-61	21	51	-0.146676	-0.561105	-0.531161	0.786438	0	0.579959
90	g	-62	21	70	0.161979	-0.855655	-0.125698	0.879877	0	0.870852
91	g	-62	21	71	-0.467438	-0.148258	-0.0545955	0.493416	0	0.490387
92	dd_1	-63	1103	50	1.26015	0.433681	2.90081	3.24444	0.57933	1.35446
93	ud_0	-63	2101	51	0.254273	-0.243722	-10.5796	10.6013	0.57933	0.352742
94	d	-63	1	51	-0.456155	-0.01727	-3.17324	3.22284	0.33	0.458894
95	dbar	-63	-1	51	0.438356	0.509995	0.88892	1.16247	0.33	0.70135
96	n0	-13	2112	2	0	0	-19.4774	19.5	0.93827	-0
97	p_diffr+	-15	9902210	96	-0.539593	-0.417784	-18.7584	19.9916	6.87919	0.72681
98	g	-24	21	97	-0.527328	-0.408269	0.403658	0.77955	0	0.666902
99	d	-63	1	97	0.0231528	-0.279598	-13.434	13.4409	0.325	0.280637
100	ud_1	-63	2103	97	-0.0354187	0.270083	-5.72799	5.77119	0.65	0.27414
101	n0	-13	2112	1	0	0	19.4774	19.5	0.93827	-nan
102	p+	-13	2212	2	0	0	-19.4774	19.5	0.93827	-0
103	d	-21	1	133	0	0	0.916728	0.916728	0	-nan
104	d	-21	1	134	0	0	-6.0276	6.0276	0	-0
105	d	-23	1	103	0.240941	1.06914	-5.58821	5.70422	0.33	1.09779
106	d	-23	1	103	-0.240941	-1.06914	0.477338	1.24011	0.33	1.13695
107	g	-31	21	137	0	0	3.25835	3.25835	0	-nan
108	u	-31	2	138	0	0	-2.02204	2.02204	0	-0
109	g	-33	21	107	-0.723468	0.408614	3.10211	3.21146	0	0.830886
110	u	-33	2	107	0.723468	-0.408614	-1.8658	2.06893	0.33	0.841661
111	g	-31	21	141	0	0	0.678919	0.678919	0	-nan
112	g	-31	21	142	0	0	-5.20277	5.20277	0	-0
113	g	-33	21	111	-0.702918	-0.416516	0.386476	0.903849	0	0.817055
114	g	-33	21	111	0.702918	0.416516	-4.91033	4.97784	0	0.817055
115	u	-31	2	146	0	0	5.36282	5.36282	0	-nan
116	g	-31	21	147	0	0	-0.155611	0.155611	0	-0
117	u	-33	2	115	-0.542337	-0.4499	4.29935	4.36919	0.33	0.706675
118	g	-33	21	115	0.542337	0.4499	0.907861	1.14924	0	0.704656
119	g	-31	21	150	0	0	2.75921	2.75921	0	-nan
120	u	-31	2	151	0	0	-1.38219	1.38219	0	-0
121	g	-33	21	119	0.707806	0.0118832	2.5976	2.69233	0	0.707906
122	u	-33	2	119	-0.707806	-0.0118832	-1.22057	1.44908	0.33	0.727008
123	g	-51	21	113	-0.33027	-0.217174	0.575709	0.698344	0	0.395276
124	g	-51	21	113	-0.234721	-0.117613	-1.15274	1.18226	0	0.262539
125	g	-52	21	114	0.564991	0.334787	-3.94682	4.00109	0	0.656733
126	g	-51	21	121	0.15349	-0.181281	2.23258	2.24518	0	0.237533
127	g	-51	21	121	0.487074	0.192035	0.247118	0.578953	0	0.523564
128	u	-52	2	122	-0.640565	-0.0107543	-1.10267	1.31728	0.33	0.661757
129	g	-31	21	155	0	0	2.88721	2.88721	0	-nan
130	g	-31	21	156	0	0	-0.0330199	0.0330199	0	-0
131	g	-33	21	129	-0.248337	0.183449	1.41175	1.44512	0	0.308747
132	g	-33	21	129	0.248337	-0.183449	1.44243	1.4751	0	0.308747
133	d	-61	1	101	-1.64833	0.791069	0.154	1.8348	0	1.82832
134	d	-61	1	102	-0.0659313	0.997107	-5.93093	6.01452	0	0.999284
135	d	-62	1	105	0.0293932	2.0961	-5.65961	6.04438	0.33	2.09944
136	d	-62	1	106	-1.74365	-0.307928	-0.117321	1.80494	0.33	1.80099
137	g	-61	21	101	-2.18209	-1.00525	2.46748	3.44391	0	2.40251
138	u	-61	2	102	1.14078	1.01166	-1.20598	1.94402	0	1.52474
139	g	-62	21	109	-2.70667	-0.470847	2.07785	3.4446	0	2.74732
140	u	-62	2	110	1.66536	0.477253	-0.816357	1.94333	0.33	1.75793
141	g	-61	21	101	0.99821	-1.04482	-0.0927672	1.44799	0	1.44501
142	g	-61	21	102	-0.483666	0.343454	-4.55064	4.58914	0	0.593206
143	g	-62	21	123	0.609876	-1.20122	-0.05871	1.34845	0	1.34717
144	g	-62	21	125	0.217123	0.570602	-3.64743	3.69817	0	0.610515
145	g	-62	21	124	-0.312455	-0.0707443	-0.937268	0.990507	0	0.320363
146	u	-61	2	101	0.306139	-0.0925478	4.75576	4.76651	0	0.319822
147	g	-61	21	102	-0.660351	-0.017578	0.557685	0.864514	0	0.660585
148	u	-62	2	117	-0.37509	-0.546559	5.08374	5.13738	0.33	0.664259
149	g	-62	21	118	0.0208771	0.436433	0.22971	0.493636	0	0.436932
150	g	-61	21	101	1.10558	1.083	2.24273	2.72489	0	1.54764
151	u	-61	2	102	0.0876405	-1.40567	-0.798395	1.61896	0	1.4084
152	g	-62	21	126	1.07515	0.718835	1.91633	2.31192	0	1.29332
153	u	-62	2	128	-0.522196	-1.13836	-0.488357	1.38417	0.33	1.2896
154	g	-62	21	127	0.640267	0.0968487	0.0163697	0.647758	0	0.647551
155	g	-61	21	101	0.311484	0.176014	3.03579	3.0568	0	0.357775
156	g	-61	21	102	-0.1138	0.0291823	0.107567	0.159288	0	0.117482
157	g	-62	21	131	-0.0957555	0.314821	2.13456	2.15978	0	0.329062
158	g	-62	21	132	0.29344	-0.109625	1.00879	1.05631	0	0.313248
159	d	-63	1	101	1.44121	0.0202624	2.41768	2.834	0.33	1.45122
160	d	-63	1	102	-0.364847	-0.113791	-1.67878	1.75307	0.33	0.389137
161	dbar	-63	-1	102	0.460174	-0.844362	-1.65483	1.94218	0.33	0.975806
162	n0	-13	2112	2	0	0	-19.4774	19.5	0.93827	-0
163	p_diffr+	-15	9902210	162	-0.332201	0.0722735	-19.3038	19.5054	2.77664	0.34347
164	g	-24	21	163	-0.268098	0.058318	-0.187741	0.332452	0	0.274368
165	d	-63	1	163	0.426562	0.165014	-11.1181	11.1322	0.325	0.457562
166	ud_1	-63	2103	163	-0.490665	-0.151059	-7.99796	8.04074	0.65	0.515077
167	p+	-13	2212	1	0	0	19.4774	19.5	0.93827	-nan
168	n0	-13	2112	2	0	0	-19.4774	19.5	0.93827	-0
169	g	-21	21	173	0	0	3.25662	3.25662	0	-nan
170	u	-21	2	174	0	0	-10.6913	10.6913	0	-0
171	g	-23	21	169	-1.88833	-0.75377	2.82662	3.48192	0	2.03321
172	u	-23	2	169	1.88833	0.75377	-10.2613	10.466	0.33	2.03422
173	g	-41	21	180	-8.88178e-16	2.77556e-17	8.73784	8.73784	0	8.88612e-16
174	u	-42	2	213	-4.44089e-16	1.38778e-17	-10.6913	10.6913	0	-4.44306e-16
175	g	-44	21	171	-3.60234	-0.631002	2.24805	4.29287	0	3.65719
176	u	-44	2	172	1.83271	0.757753	-9.41602	9.62826	0.33	1.98435
177	g	-43	21	173	1.76963	-0.126751	5.21449	5.50804	0	1.77417
178	g	-51	21	175	-2.0431	0.938112	1.03479	2.47489	0	2.24818
179	g	-51	21	175	-1.55925	-1.56911	3.74357	4.3483	0	2.2121
180	g	-53	21	212	-1.77636e-15	5.55112e-17	11.2682	11.2682	0	1.77722e-15
181	g	-51	21	178	-0.094206	-0.711696	0.0668271	0.721007	0	0.717904
182	g	-51	21	178	-2.91025	0.68236	3.27609	4.43486	0	2.98918
183	g	-52	21	179	-0.597883	-0.601667	1.43545	1.66733	0	0.848214
184	g	-51	21	181	-1.13908	0.5831	0.800242	1.50927	0	1.27965
185	g	-51	21	181	-0.334977	-0.971266	0.819886	1.31445	0	1.02741
186	g	-52	21	182	-1.53041	0.358831	1.72279	2.33215	0	1.57191
187	g	-31	21	223	0	0	1.17571	1.17571	0	-nan
188	g	-31	21	224	0	0	-0.371003	0.371003	0	-0
189	g	-33	21	187	0.30711	0.485745	0.0212476	0.575079	0	0.574687
190	g	-33	21	187	-0.30711	-0.485745	0.783459	0.971634	0	0.574687
191	g	-51	21	185	-0.606888	-0.896823	0.393055	1.152	0	1.08287
192	g	-51	21	185	-0.249974	0.192713	0.793474	0.853948	0	0.315635
193	g	-52	21	184	-0.61719	0.315943	0.433598	0.817772	0	0.693357
194	g	-51	21	191	-0.850292	-1.0179	0.948555	1.63061	0	1.32632
195	g	-51	21	191	-0.447652	0.283111	0.222426	0.574472	0	0.529664
196	g	-52	21	186	-0.839352	0.196801	0.944862	1.27906	0	0.862115
197	g	-51	21	193	-0.768489	0.526344	0.229977	0.959428	0	0.931457
198	g	-51	21	193	0.340718	-0.13261	-0.767045	0.849725	0	0.365615
199	u	-52	2	176	1.64329	0.679963	-8.44536	8.63688	0.33	1.77971
200	d	-31	1	227	0	0	1.29325	1.29325	0	-nan
201	g	-31	21	228	0	0	-1.01688	1.01688	0	-0
202	d	-33	1	200	0.359852	0.20855	1.19177	1.30468	0.33	0.429895
203	g	-33	21	200	-0.359852	-0.20855	-0.915393	1.00545	0	0.415916
204	g	-31	21	231	0	0	0.473531	0.473531	0	-nan
205	g	-31	21	232	0	0	-3.33327	3.33327	0	-0
206	g	-33	21	204	0.0491047	-0.388352	0.378784	0.544706	0	0.391444
207	g	-33	21	204	-0.0491047	0.388352	-3.23852	3.26209	0	0.391444
208	u	-31	2	235	0	0	1.90759	1.90759	0	-nan
209	g	-31	21	236	0	0	-0.07844	0.07844	0	-0
210	u	-33	2	208	0.0349774	0.202456	1.69881	1.74272	0.33	0.209241
211	g	-33	21	208	-0.0349774	-0.202456	0.130339	0.243311	0	0.205455
212	g	-61	21	167	1.02854	-0.132206	11.2602	11.3079	0	1.037
213	u	-61	2	168	1.92487	-0.135587	-10.6781	10.8511	0	1.92964
214	g	-62	21	197	-0.655255	0.515408	0.195951	0.856389	0	0.83367
215	u	-62	2	199	3.20267	0.569229	-8.36286	8.97928	0.33	3.25506
216	g	-62	21	177	2.30001	-0.192969	5.28883	5.77053	0	2.30809
217	g	-62	21	183	-0.439806	-0.620895	1.40845	1.60083	0	0.760881
218	g	-62	21	196	-0.714797	0.182335	0.907255	1.16931	0	0.737686
219	g	-62	21	194	-0.677315	-1.03674	0.911091	1.53742	0	1.23838
220	g	-62	21	192	-0.171546	0.182884	0.781843	0.821068	0	0.250748
221	g	-62	21	195	-0.383484	0.27659	0.202535	0.514376	0	0.472824
222	g	-62	21	198	0.492929	-0.143635	-0.751022	0.90975	0	0.51343
223	g	-61	21	167	0.191118	-0.79529	0.806163	1.14844	0	0.817932
224	g	-61	21	168	0.205596	0.465423	0.0577516	0.512077	0	0.50881
225	g	-62	21	189	0.529728	0.303111	0.806173	1.01114	0	0.610318
226	g	-62	21	190	-0.133015	-0.632978	0.0577408	0.649375	0	0.646803
227	d	-61	1	167	-0.162373	0.34024	1.21193	1.26921	0	0.376999
228	g	-61	21	168	-1.07522	0.78104	-0.870051	1.58843	0	1.32896
229	d	-62	1	202	0.147184	0.568352	1.01784	1.22049	0.33	0.609815
230	g	-62	21	203	-1.38478	0.552928	-0.675966	1.63715	0	1.49109
231	g	-61	21	167	-0.48623	0.0172425	0.348728	0.598606	0	0.486536
232	g	-61	21	168	-0.316242	-0.648316	-3.43549	3.5104	0	0.721334
233	g	-62	21	206	-0.439914	-0.381837	0.326317	0.667688	0	0.582515
234	g	-62	21	207	-0.362558	-0.249237	-3.41308	3.44132	0	0.439963
235	u	-61	2	167	-0.603447	0.00385013	2.49362	2.5656	0	0.60346
236	g	-61	21	168	-0.256112	0.260019	0.310865	0.479417	0	0.364971
237	u	-62	2	210	-0.656031	0.276445	2.70807	2.81946	0.33	0.716824
238	g	-62	21	211	-0.203529	-0.0125752	0.0964188	0.225563	0	0.203917
239	u	-63	2	167	0.0323949	0.566163	1.68682	1.80993	0.33	0.576757
240	dd_1	-63	1103	168	-0.48289	-0.722578	-3.19241	3.35893	0.57933	0.882303
241	p+	-13	2212	1	0	0	19.4774	19.5	0.93827	-nan
242	n0	-13	2112	2	0	0	-19.4774	19.5	0.93827	-0
243	u	-21	2	255	0	0	4.01631	4.01631	0	-nan
244	g	-21	21	256	0	0	-8.59144	8.59144	0	-0
245	u	-23	2	243	-0.939945	-0.836482	3.8631	4.07623	0.33	1.2624
246	g	-23	21	243	0.939945	0.836482	-8.43823	8.53152	0	1.25825
247	g	-31	21	259	0	0	1.37577	1.37577	0	-nan
248	d	-31	1	260	0	0	-7.13528	7.13528	0	-0
249	g	-33	21	247	0.385955	0.325659	1.31616	1.40971	0	0.504991
250	d	-33	1	247	-0.385955	-0.325659	-7.07567	7.10134	0.33	0.505537
251	g	-31	21	263	0	0	0.924392	0.924392	0	-nan
252	g	-31	21	264	0	0	-0.336964	0.336964	0	-0
253	g	-33	21	251	-0.36132	-0.299537	-0.0475692	0.471739	0	0.469334
254	g	-33	21	251	0.36132	0.299537	0.634997	0.789618	0	0.469334
255	u	-61	2	241	0.143678	-0.244744	4.00474	4.01478	0	0.283801
256	g	-61	21	242	-0.240039	-0.929213	-8.60281	8.65617	0	0.959716
257	u	-62	2	245	-0.800211	-1.0919	3.90101	4.14239	0.33	1.35805
258	g	-62	21	246	0.70385	-0.0820536	-8.49908	8.52857	0	0.708617
259	g	-61	21	241	-0.107712	0.0111729	1.36797	1.37225	0	0.10829
260	d	-61	1	242	0.443735	0.218665	-7.13963	7.15674	0	0.494687
261	g	-62	21	249	0.281154	0.337909	1.33918	1.40948	0	0.43958
262	d	-62	1	250	0.0548684	-0.108071	-7.11083	7.11952	0.33	0.121332
263	g	-61	21	241	-0.129672	-0.95837	0.981159	1.37767	0	0.967103
264	g	-61	21	242	-0.535512	-0.169706	-0.0755897	0.566822	0	0.561759
265	g	-62	21	253	-0.910144	-0.8742	0.392072	1.32148	0	1.26198
266	g	-62	21	254	0.24496	-0.253876	0.513498	0.623008	0	0.352787
267	ud_0	-63	2101	241	0.0937065	1.19194	12.5076	12.578	0.57933	1.19689
268	ud_1	-63	2103	242	0.714616	0.944608	0.301417	1.44526	0.77133	1.40062
269	p+	-13	2212	1	0	0	19.4774	19.5	0.93827	-nan
270	p_diffr+	-15	9902210	269	-0.3828	-0.0643543	16.1325	21.3323	13.952	0.513137
271	d	-24	1	270	-0.383792	-0.064753	-2.56947	2.61903	0.325	0.392248
272	uu_1	-63	2203	270	0.000992708	0.00039872	18.702	18.7133	0.65	0.00107043
273	p+	-13	2212	1	0	0	19.4774	19.5	0.93827	-nan
274	n0	-13	2112	2	0	0	-19.4774	19.5	0.93957	-0
275	g	-21	21	279	0	0	1.57518	1.57518	0	-nan
276	g	-21	21	280	0	0	-2.68689	2.68689	0	-0
277	g	-23	21	275	1.77601	0.0656914	-1.62925	2.41102	0	1.77723
278	g	-23	21	275	-1.77601	-0.0656914	0.517545	1.85105	0	1.77723
279	g	-41	21	291	5.55112e-17	2.22045e-16	3.28347	3.28347	0	2.28878e-16
280	g	-42	21	292	-2.77556e-17	0	-2.68689	2.68689	0	-2.77556e-17
281	g	-44	21	277	1.80742	-0.173763	-1.44278	2.31918	0	1.81575
282	g	-44	21	278	-1.68085	-0.791193	0.677776	1.97753	0	1.85776
283	g	-43	21	279	-0.126567	0.964957	1.36159	1.67364	0	0.973222
284	g	-51	21	283	0.231236	0.943208	1.42156	1.72161	0	0.971139
285	g	-51	21	283	-0.0986982	-0.00316092	-0.26681	0.284497	0	0.0987488
286	g	-52	21	281	1.54832	-0.148853	-1.23595	1.98671	0	1.55545
287	g	-31	21	305	0	0	0.402058	0.402058	0	-nan
288	u	-31	2	306	0	0	-1.12401	1.12401	0	-0
289	g	-33	21	287	-0.0543054	-0.188892	0.342251	0.394671	0	0.196544
290	u	-33	2	287	0.0543054	0.188892	-1.0642	1.13139	0.33	0.205478
291	g	-42	21	298	5.55112e-16	3.53884e-16	3.28347	3.28347	0	6.58318e-16
292	g	-41	21	299	-5.82867e-16	-4.02456e-16	-3.59552	3.59552	0	-7.08311e-16
293	g	-44	21	286	1.64998	-0.08571	-1.197	2.04025	0	1.65221
294	g	-44	21	282	-1.63985	-0.765727	0.601523	1.90716	0	1.80982
295	g	-44	21	284	0.240702	0.949087	1.43967	1.74108	0	0.979134
296	g	-44	21	285	-0.0813056	0.00764111	-0.27088	0.282922	0	0.0816639
297	g	-43	21	292	-0.169532	-0.105291	-0.885363	0.907577	0	0.199567
298	g	-61	21	273	-0.903128	-0.116873	3.22986	3.35579	0	0.910658
299	g	-61	21	274	-1.99825	0.503255	-3.56904	4.12121	0	2.06065
300	g	-62	21	293	0.756401	0.1177	-1.40909	1.6036	0	0.765503
301	g	-62	21	294	-2.46553	-0.70878	0.7284	2.66679	0	2.56539
302	g	-62	21	295	-0.266481	0.909974	1.46591	1.74584	0	0.948191
303	g	-62	21	296	-0.242876	0.0465764	-0.257946	0.357343	0	0.247301
304	g	-62	21	297	-0.682891	0.0209123	-0.866455	1.10341	0	0.683211
305	g	-61	21	273	0.194981	0.234291	0.348346	0.462877	0	0.304811
306	u	-61	2	274	0.24458	-0.148633	-1.10929	1.14562	0	0.286201
307	g	-62	21	289	0.122012	0.0295544	0.368042	0.388864	0	0.125541
308	u	-62	2	290	0.317549	0.0561042	-1.12899	1.21963	0.33	0.334961
309	uu_1	-63	2203	273	0.275345	-0.0864699	11.7889	11.8177	0.77133	0.28922
310	d	-63	1	273	0.432802	-0.0309488	3.61761	3.65845	0.33	0.435683
311	dd_1	-63	1103	274	1.75367	-0.354623	-14.3063	14.4384	0.77133	1.79173
312	p+	-13	2212	1	0	0	19.4774	19.5	0.93827	-nan
313	p+	-13	2212	2	0	0	-19.4774	19.5	0.93827	-0
314	d	-21	1	326	0	0	1.75823	1.75823	0	-nan
315	u	-21	2	327	0	0	-2.21827	2.21827	0	-0
316	d	-23	1	314	0.729853	0.254808	1.56916	1.78011	0.33	0.78669
317	u	-23	2	314	-0.729853	-0.254808	-2.0292	2.1964	0.33	0.78193
318	g	-31	21	340	0	0	3.92335	3.92335	0	-nan
319	g	-31	21	341	0	0	-0.424936	0.424936	0	-0
320	g	-33	21	318	-0.615768	0.292102	-0.0973923	0.688462	0	0.681538
321	g	-33	21	318	0.615768	-0.292102	3.5958	3.65982	0	0.681538
322	g	-31	21	344	0	0	1.21691	1.21691	0	-nan
323	g	-31	21	345	0	0	-1.07464	1.07464	0	-0
324	g	-33	21	322	0.345389	-0.228494	1.13914	1.21208	0	0.41413
325	g	-33	21	322	-0.345389	0.228494	-0.99687	1.07947	0	0.41413
326	d	-42	1	335	7.97973e-17	4.44089e-16	1.75823	1.75823	0	4.51202e-16
327	u	-41	2	336	-9.02056e-17	-4.71845e-16	-2.72376	2.72376	0	-4.8039e-16
328	d	-44	1	316	0.727348	0.240873	1.48226	1.7009	0.33	0.781036
329	u	-44	2	317	-0.780033	-0.533962	-2.07539	2.30428	0.33	0.955132
330	g	-43	21	327	0.0526854	0.293089	-0.3724	0.476821	0	0.297786
331	g	-31	21	348	0	0	5.26712	5.26712	0	-nan
332	u	-31	2	349	0	0	-0.248553	0.248553	0	-0
333	g	-33	21	331	0.140136	-0.257357	5.06358	5.07206	0	0.293037
334	u	-33	2	331	-0.140136	0.257357	-0.0450156	0.443619	0.33	0.438475
335	d	-61	1	312	1.30402	0.574872	1.55129	2.10652	0	1.42512
336	u	-61	2	313	-0.244759	0.336609	-2.56484	2.59838	0	0.416188
337	d	-62	1	328	1.87639	0.792891	0.987686	2.28778	0.33	2.05857
338	u	-62	2	329	-0.872442	-0.250826	-1.59987	1.86884	0.33	0.922275
339	g	-62	21	330	0.0553157	0.369415	-0.401369	0.548292	0	0.373534
340	g	-61	21	312	-0.498181	-0.395479	3.83863	3.89097	0	0.636072
341	g	-61	21	313	0.454957	-0.68198	-0.0474684	0.82118	0	0.819807
342	g	-62	21	320	-0.170557	-0.334608	-0.343738	0.509125	0	0.375569
343	g	-62	21	321	0.127334	-0.742851	4.1349	4.20303	0	0.753685
344	g	-61	21	312	-0.284866	-0.441623	1.21594	1.32464	0	0.525528
345	g	-61	21	313	-0.0305711	-0.344318	-1.06423	1.11896	0	0.345673
346	g	-62	21	324	0.0653534	-0.672752	1.16964	1.3509	0	0.675919
347	g	-62	21	325	-0.380791	-0.113189	-1.01793	1.0927	0	0.397257
348	g	-61	21	312	0.190638	0.0229861	5.22443	5.22795	0	0.192018
349	u	-61	2	313	0.0234231	0.381862	-0.106349	0.397086	0	0.38258
350	g	-62	21	333	0.318296	-0.228872	4.83279	4.84867	0	0.392039
351	u	-62	2	334	-0.104235	0.63372	0.285284	0.776372	0.33	0.709521
352	uu_1	-63	2203	312	-0.711615	0.239244	3.27232	3.4448	0.77133	0.770314
353	ud_1	-63	2103	313	0.116748	-0.443411	-14.6232	14.6507	0.77133	0.45916
354	ubar	-63	-2	313	-0.319799	0.751238	3.30345	3.41882	0.33	0.820305
355	p+	-13	2212	1	0	0	19.4774	19.5	0.93827	-nan
356	p+	-13	2212	2	0	0	-19.4774	19.5	0.93827	-0
357	p_diffr+	-15	9902210	355	0.362552	-0.00197479	19.2724	19.7014	4.0731	0.370563
358	p+	14	2212	356	-0.362552	0.00197479	-19.2724	19.2986	0.93827	0.345338
359	g	-24	21	357	0.260797	-0.00142054	-0.0299983	0.262521	0	0.260801
360	u	-63	2	357	0.736509	-0.520473	14.0834	14.116	0.325	0.902091
361	ud_0	-63	2101	357	-0.634754	0.519919	5.21899	5.32293	0.65	0.826692
362	p+	-13	2212	1	0	0	19.4774	19.5	0.93827	-nan
363	p+	-13	2212	2	0	0	-19.4774	19.5	0.93827	-0
364	p+	14	2212	362	-0.0251371	0.0292795	19.4644	19.487	0.93827	0.0367743
365	p_diffr+	-15	9902210	363	0.0251371	-0.0292795	-19.4644	19.513	1.37659	0.0386861
366	u	-24	2	365	0.0407758	-0.0474953	-0.635348	0.678398	0.229432	0.0665171
367	ud_1	-63	2103	365	-0.0156387	0.0182158	-18.829	18.8346	0.458864	0.0240151
368	NucRem	14	1000711839	1	0	0	3564.36	3568.5	171.849	-nan
369	NucRem	14	1000741869	2	-8.9477e-15	1.37043e-15	-3622.79	3627	174.663	-1.52695e-05
370	ud_1	-74	2103	229	0.179578	1.13452	2.70466	3.03042	0.740857	1.18458
371	g	-73	21	218	-1.09828	0.458926	1.10979	1.68369	0.431672	1.23147
372	g	-73	21	233	-0.643443	-0.394412	0.422736	0.893251	0.222736	0.779322
373	d	-73	1	310	0.554814	-0.00139441	3.98565	4.04731	0.433051	0.558019
374	u	-73	2	338	-1.25323	-0.364015	-2.6178	2.96154	0.463392	1.3213
375	u	-73	2	374	-1.42379	-0.698623	-2.96154	3.47066	0.871517	1.63845
376	g	-73	21	74	-1.07927	-1.02583	-0.761943	1.77592	0.596807	1.58095
377	d	-73	1	20	0.425914	-0.251974	-2.00298	2.13978	0.567328	0.513235
378	p+	82	2212	366	0.00184734	-0.354519	-15.7595	15.7914	0.93827	0.33405
379	pi0	-82	111	366	0.0232898	0.32524	-3.70486	3.72163	0.13498	0.326287
380	d	-71	1	83	-0.340099	0.70927	1.92824	2.10849	0.33	0.796409
381	dd_1	-71	1103	92	1.26015	0.433681	2.90081	3.24444	0.57933	1.35446
382	Delta0	-82	2114	380	0.998222	0.744217	4.47289	4.79487	1.19739	1.28585
383	pi-	82	-211	380	-0.0781702	0.398734	0.356154	0.558055	0.13957	0.419662
384	p+	82	2212	351	-0.565945	0.893367	2.07009	2.50679	0.93827	0.713584
385	rho+	-82	213	351	-0.249905	-0.0204027	1.48752	1.71438	0.814572	0.284957
386	g	-71	21	304	-0.682891	0.0209123	-0.866455	1.10341	0	0.683211
387	g	-71	21	301	-2.46553	-0.70878	0.7284	2.66679	0	2.56539
388	pi+	83	211	386	-2.13834	-0.151813	0.792026	2.28962	0.13957	2.14772
389	pi-	84	-211	386	-1.01008	-0.536055	-0.930081	1.48059	0.13957	1.14863
390	eta'	-83	331	43	-0.00659313	-0.12621	3.84047	3.9601	0.957711	0.130249
391	Delta0	-84	2114	43	-0.212052	-0.0271732	15.567	15.6111	1.15348	0.214372
392	d	-71	1	165	0.426562	0.165014	-11.1181	11.1322	0.325	0.457562
393	g	-71	21	164	-0.268098	0.058318	-0.187741	0.332452	0	0.274368
394	ud_1	-71	2103	166	-0.490665	-0.151059	-7.99796	8.04074	0.65	0.515077
395	rho-	-83	-213	392	0.5858	0.372737	-7.39713	7.48013	0.867618	0.699048
396	Delta+	-84	2214	392	-0.918001	-0.300464	-11.9066	12.0253	1.38061	0.972351
397	p+	83	2212	39	0.0771973	0.175208	1.41279	1.70675	0.93827	0.1032
398	pi-	84	-211	39	-0.0672097	-0.140693	17.927	17.9283	0.13957	0.155927
399	pi0	-83	111	94	-0.405728	-0.131292	-0.715859	0.844113	0.13498	0.432001
400	pi0	-83	111	94	0.497637	0.416191	-2.14467	2.2447	0.13498	0.649911
401	pi0	-84	111	94	-0.300722	0.0184054	0.146356	0.361126	0.13498	0.324829
402	omega	-84	223	94	0.191014	0.189421	0.429856	0.935367	0.785983	0.496209
403	u	-71	2	360	0.736509	-0.520473	14.0834	14.116	0.325	0.902091
404	g	-71	21	359	0.260797	-0.00142054	-0.0299983	0.262521	0	0.260801
405	ud_0	-71	2101	361	-0.634754	0.519919	5.21899	5.32293	0.65	0.826692
406	rho+	-83	213	403	0.182058	-0.255979	2.46423	2.58424	0.712185	0.326773
407	eta	-83	221	403	0.85684	-0.279038	7.27625	7.35227	0.54785	0.903644
408	n0	84	2112	403	-1.04788	-0.0493571	6.74947	6.89482	0.93957	0.914618
409	pi0	-84	111	403	0.371532	0.5824	2.78242	2.87007	0.13498	0.691581
410	K*+	-83	323	35	0.5178	0.268676	1.85539	2.21767	1.06549	0.665158
411	Xi-	84	3312	35	-0.668844	-0.0940256	9.75659	9.86885	1.32171	0.681561
412	K0	-84	311	35	0.219173	-0.197546	7.62942	7.65132	0.49761	0.295688
413	d	-71	1	337	1.87639	0.792891	0.987686	2.28778	0.33	2.05857
414	g	-71	21	339	0.0553157	0.369415	-0.401369	0.548292	0	0.373534
415	ubar	-71	-2	354	-0.319799	0.751238	3.30345	3.41882	0.33	0.820305
416	pi0	-83	111	413	0.219067	0.107658	-0.336979	0.437442	0.13498	0.256614
417	Delta-	-83	1114	413	1.54284	1.05711	1.958	3.03002	1.35993	2.09289
418	Deltabar0	-84	-2114	413	-0.149999	0.74878	2.26875	2.78743	1.42807	0.889222
419	u	-71	2	257	-0.800211	-1.0919	3.90101	4.14239	0.33	1.35805
420	g	-71	21	265	-0.910144	-0.8742	0.392072	1.32148	0	1.26198
421	ud_1	-71	2103	268	0.714616	0.944608	0.301417	1.44526	0.77133	1.40062
422	pi+	83	211	419	-0.146673	-0.129234	0.529693	0.581609	0.13957	0.201369
423	K0	-83	311	419	-0.804413	-1.32659	1.2441	2.04996	0.49761	1.59926
424	K*-	-83	-323	419	-0.473966	0.160291	1.88972	2.1931	0.994138	0.561321
425	p+	84	2212	419	-0.0818435	-0.120784	0.452698	1.05194	0.93827	0.0348682
426	rho0	-84	113	419	0.511157	0.394819	0.478287	1.03252	0.64821	0.829777
427	u	-71	2	148	-0.37509	-0.546559	5.08374	5.13738	0.33	0.664259
428	dbar	-71	-1	161	0.460174	-0.844362	-1.65483	1.94218	0.33	0.975806
429	eta	-83	221	427	-0.190088	-0.52045	2.3108	2.43863	0.54785	0.568612
430	rho+	-83	213	427	-0.206944	-0.0080722	1.33517	1.76154	1.13024	0.270007
431	pi-	83	-211	427	0.218629	-0.541317	0.932624	1.10909	0.13957	0.588478
432	omega	-84	223	427	0.420896	-0.481205	-0.639242	1.19546	0.78216	0.845357
433	pi+	84	211	427	-0.157409	0.160122	-0.510441	0.574845	0.13957	0.231463
434	d	-71	1	377	0.425914	-0.251974	-2.00298	2.13978	0.567328	0.513235
435	g	-71	21	28	-0.271584	-0.552707	0.828489	1.0323	0	0.615827
436	dd_1	-71	1103	30	-0.237172	0.174747	4.24786	4.32736	0.77133	0.299391
437	rho0	-83	113	434	0.226901	-0.250158	-0.583417	0.783834	0.399947	0.392698
438	pi-	83	-211	434	-0.180771	-0.0163489	0.449914	0.504825	0.13957	0.188871
439	rho0	-83	113	434	0.0806713	0.212882	-0.824623	1.19928	0.840504	0.319148
440	pi+	83	211	434	0.0144609	-0.368929	-0.0240731	0.395446	0.13957	0.394608
441	pi0	-84	111	434	0.306388	0.282951	2.32447	2.36544	0.13498	0.417735
442	Delta-	-84	1114	434	-0.530492	-0.490331	1.7311	2.25061	1.24366	0.86674
443	d	-71	1	99	0.0231528	-0.279598	-13.434	13.4409	0.325	0.280637
444	g	-71	21	98	-0.527328	-0.408269	0.403658	0.77955	0	0.666902
445	ud_1	-71	2103	100	-0.0354187	0.270083	-5.72799	5.77119	0.65	0.27414
446	eta	-83	221	443	-0.21242	-0.374766	-5.18875	5.23534	0.54785	0.433159
447	p+	83	2212	443	0.0352469	0.520652	-4.67335	4.79508	0.93827	0.428007
448	Deltabar-	-84	-2214	443	0.0251982	-0.443674	-2.27482	2.61864	1.2186	0.502065
449	K0	-84	311	443	0.0259802	-0.101716	-1.2887	1.38542	0.49761	0.112488
450	Sigma*+	-84	3224	443	0.0376102	-0.554027	-1.77074	2.32423	1.39935	0.69548
451	pi-	84	-211	443	-0.451208	0.535748	-3.56203	3.63293	0.13957	0.700957
452	K+	83	321	308	-0.0307815	0.350258	-0.179201	0.632029	0.49368	0.563111
453	K-	83	-321	308	0.298632	-0.491961	-0.28956	0.811648	0.49368	0.725047
454	rho+	-83	213	308	-0.0618109	0.107289	1.13111	1.36181	0.748196	0.14819
455	pi-	84	-211	308	-0.356832	-0.250687	1.63518	1.69807	0.13957	0.437569
456	Delta+	-84	2214	308	0.891991	0.179487	7.41219	7.55901	1.17054	0.920979
457	pi+	84	211	308	-0.148305	0.0752493	0.95023	0.974717	0.13957	0.168035
458	g	-71	21	258	0.70385	-0.0820536	-8.49908	8.52857	0	0.708617
459	g	-71	21	266	0.24496	-0.253876	0.513498	0.623008	0	0.352787
460	g	-71	21	261	0.281154	0.337909	1.33918	1.40948	0	0.43958
461	rho+	-83	213	458	0.333268	-0.0153361	-1.10038	1.48815	0.944692	0.431778
462	n0	83	2112	458	-0.0571222	-0.23508	-2.08221	2.29716	0.93957	0.156676
463	rho0	-83	113	458	0.687849	-0.179587	-3.17517	3.34347	0.769235	0.730503
464	nbar0	83	-2112	458	0.078077	-0.206969	-0.725239	1.20735	0.93957	0.626348
465	n0	84	2112	458	-0.0181003	0.454055	0.642011	1.22534	0.93957	0.165099
466	pbar-	84	-2212	458	0.205992	0.184896	-0.205413	0.999582	0.93827	1.55617
467	u	-71	2	29	-0.188069	0.282791	2.13217	2.18412	0.33	0.343563
468	ud_1	-71	2103	31	0.711971	-0.355643	-10.5057	10.564	0.77133	0.797985
469	pi0	-83	111	467	-0.200927	-0.284322	0.77746	0.862481	0.13498	0.352496
470	pi+	83	211	467	-0.000255969	0.576779	1.03983	1.19725	0.13957	0.580738
471	pi0	-84	111	467	-0.157626	-0.118437	-0.747173	0.784449	0.13498	0.200149
472	rho0	-84	113	467	0.419235	0.128207	-1.29382	1.60198	0.836772	0.514108
473	pi0	-84	111	467	0.0303073	0.123009	-0.537133	0.568138	0.13498	0.130422
474	Delta0	-84	2114	467	0.433169	-0.498087	-7.61271	7.73383	1.19289	0.668091
475	u	-71	2	78	0.0680847	-0.170343	-2.70196	2.72821	0.33	0.184802
476	g	-71	21	90	0.161979	-0.855655	-0.125698	0.879877	0	0.870852
477	g	-71	21	86	0.794053	-0.0433987	0.540815	0.961709	0	0.795238
478	g	-71	21	82	-0.106392	-0.124217	5.32446	5.32697	0	0.163552
479	dbar	-71	-1	75	-0.103926	-0.037161	0.355841	0.497699	0.33	0.147441
480	K*+	-83	323	475	0.455877	-0.2746	-0.922549	1.39813	0.905781	0.69863
481	Kbar0	-83	-311	475	0.0196175	-0.116906	-0.13398	0.528789	0.49761	0.350395
482	pi-	83	-211	475	0.203368	-0.278233	-1.32334	1.37459	0.13957	0.346424
483	Delta+	-84	2214	475	-0.390042	-0.301037	0.616938	1.57202	1.35937	0.981003
484	Deltabar-	-84	-2214	475	0.601195	0.235448	2.69274	3.00293	1.16185	0.700186
485	pi+	84	211	475	-0.0762164	-0.495447	2.46366	2.51801	0.13957	0.502047
486	d	-71	1	24	-1.30585	-0.598398	3.18863	3.51278	0.33	1.44281
487	g	-71	21	19	1.31964	0.471726	4.4138	4.63094	0	1.40142
488	g	-71	21	23	-0.23355	1.46073	4.00146	4.26614	0	1.47928
489	dbar	-71	-1	32	0.016139	0.354723	-3.35285	3.38771	0.33	0.356787
490	pi-	83	-211	486	-0.242939	0.270373	1.28732	1.34491	0.13957	0.365458
491	omega	-83	223	486	0.283805	-0.753564	2.67035	2.89592	0.779215	0.83607
492	pi0	-83	111	486	-0.259391	0.992872	2.67464	2.86793	0.13498	1.02733
493	rho+	-83	213	486	-0.463121	-0.354604	0.2779	0.992147	0.75293	0.895685
494	pi-	83	-211	486	0.780591	1.01792	3.79934	4.01247	0.13957	1.28354
495	pi+	83	211	486	-0.239349	0.120114	0.0173874	0.302485	0.13957	0.301849
496	rho-	-84	-213	486	-0.0236143	-0.0538808	-0.784497	1.13023	0.811491	0.0845169
497	K+	84	321	486	0.239368	0.0347649	-0.353245	0.653458	0.49368	0.36919
498	K-	84	-321	486	-0.0887586	0.358024	-0.81909	1.02503	0.49368	0.420894
499	pi+	84	211	486	-0.19022	0.0567544	-0.519065	0.572986	0.13957	0.204671
500	g	-71	21	144	0.217123	0.570602	-3.64743	3.69817	0	0.610515
501	g	-71	21	145	-0.312455	-0.0707443	-0.937268	0.990507	0	0.320363
502	g	-71	21	143	0.609876	-1.20122	-0.05871	1.34845	0	1.34717
503	g	-71	21	139	-2.70667	-0.470847	2.07785	3.4446	0	2.74732
504	d	-71	1	136	-1.74365	-0.307928	-0.117321	1.80494	0.33	1.80099
505	u	-71	2	140	1.66536	0.477253	-0.816357	1.94333	0.33	1.75793
506	d	-71	1	160	-0.364847	-0.113791	-1.67878	1.75307	0.33	0.389137
507	pi-	85	-211	500	-0.178487	0.40922	-0.318505	0.565901	0.13957	0.460683
508	pi+	86	211	500	0.197962	-0.152474	-0.876948	0.922472	0.13957	0.252784
509	rho-	-86	-213	500	-0.044574	0.581137	-0.656193	1.16568	0.767151	0.774112
510	rho-	-83	-213	500	-2.43545	-0.761847	0.959826	2.8963	0.97748	2.71088
511	rho0	-83	113	500	-1.51161	-0.236626	0.0706408	1.7098	0.759906	1.70798
512	rho+	-84	213	500	-0.0841169	-0.284492	0.766684	1.16889	0.830955	0.421822
513	pi-	84	-211	500	0.171505	0.070141	-0.126285	0.264124	0.13957	0.218254
514	omega	-84	223	500	-0.117191	0.0170863	-0.654246	1.02353	0.778166	0.182313
515	pi+	84	211	500	0.654808	-0.949521	-1.53428	1.92454	0.13957	1.15646
516	n0	88	2112	500	0.909509	0.0303723	-1.4514	1.95384	0.93957	0.538791
517	pi+	84	211	500	-0.197609	0.160328	-1.35732	1.388	0.13957	0.255765
518	pi-	83	-211	271	-0.150072	-0.0536022	-0.000674926	0.211837	0.13957	0.211835
519	pi+	83	211	271	-0.08594	0.0750962	-1.82621	1.83509	0.13957	0.114459
520	pi0	-83	111	271	-0.458478	-0.0268103	-0.268349	0.548773	0.13498	0.473818
521	pi0	-84	111	271	0.528995	0.0648113	2.94696	2.99781	0.13498	0.533491
522	omega	-84	223	271	-0.198438	-0.24544	2.06528	2.2342	0.791626	0.337521
523	Delta+	-84	2214	271	0.0281929	0.338629	3.27784	3.53876	1.28963	0.364893
524	rho0	-84	113	271	-0.0470593	-0.217038	9.9377	9.96586	0.714941	0.222655
525	d	-71	1	48	-0.507306	0.0506684	9.89042	9.90888	0.325	0.510105
526	g	-71	21	47	-0.0962894	-0.838873	-2.4217	2.56469	0	0.844382
527	uu_1	-71	2203	49	0.506691	-0.0560227	9.5014	9.53724	0.65	0.510967
528	pi-	83	-211	525	0.0679604	0.434147	1.63385	1.69765	0.13957	0.440926
529	rho0	-83	113	525	-0.339739	-0.359931	7.37095	7.45243	0.981274	0.499295
530	pi+	83	211	525	-0.223918	-0.170683	0.242067	0.396671	0.13957	0.300786
531	pi-	83	-211	525	-0.11884	-0.22955	0.32321	0.436762	0.13957	0.272791
532	pi+	84	211	525	0.245608	-0.434012	-1.09096	1.20763	0.13957	0.502053
533	rho-	-84	-213	525	-0.0628344	0.374241	-0.147906	0.844308	0.739577	0.786667
534	rho0	-84	113	525	-0.593788	-0.393157	0.0113579	1.00337	0.706731	1.00324
535	p+	84	2212	525	0.912154	-0.0951181	2.73601	3.03433	0.93827	0.666164
536	rho+	-84	213	525	0.0164922	0.0298362	5.89154	5.93765	0.737734	0.0343571
537	g	-71	21	149	0.0208771	0.436433	0.22971	0.493636	0	0.436932
538	g	-71	21	157	-0.0957555	0.314821	2.13456	2.15978	0	0.329062
539	g	-71	21	158	0.29344	-0.109625	1.00879	1.05631	0	0.313248
540	g	-71	21	152	1.07515	0.718835	1.91633	2.31192	0	1.29332
541	g	-71	21	154	0.640267	0.0968487	0.0163697	0.647758	0	0.647551
542	d	-71	1	135	0.0293932	2.0961	-5.65961	6.04438	0.33	2.09944
543	d	-71	1	159	1.44121	0.0202624	2.41768	2.834	0.33	1.45122
544	u	-71	2	153	-0.522196	-1.13836	-0.488357	1.38417	0.33	1.2896
545	pi-	85	-211	537	0.606091	-0.0761653	0.0703837	0.63054	0.13957	0.626396
546	eta	-86	221	537	-0.228409	-0.298305	-0.0269713	0.664849	0.54785	0.663142
547	pi0	-86	111	537	0.875092	0.720309	0.989112	1.51036	0.13498	1.13797
548	pi-	83	-211	537	0.282566	1.15021	-4.19098	4.35736	0.13957	1.18502
549	rho+	-83	213	537	0.357393	0.860659	-1.2439	1.72878	0.756924	1.03655
550	pi0	-84	111	537	0.213828	0.219466	0.845804	0.909665	0.13498	0.309841
551	omega	-84	223	537	0.370711	-0.000734815	0.189788	0.8824	0.777935	0.78545
552	pi0	-84	111	537	0.270048	0.681322	0.401314	0.846403	0.13498	0.74239
553	K*0	-84	313	537	0.409227	-0.333796	3.09528	3.26633	0.899601	0.549343
554	Sigma*+	-88	3224	537	-0.274167	-0.487643	1.44564	2.13525	1.46849	0.770607
555	u	-71	2	79	-0.431652	1.04362	5.24945	5.37969	0.33	1.1315
556	g	-71	21	87	0.0801864	0.23881	-0.565099	0.618706	0	0.251913
557	g	-71	21	376	-1.07927	-1.02583	-0.761943	1.77592	0.596807	1.58095
558	ud_0	-71	2101	93	0.254273	-0.243722	-10.5796	10.6013	0.57933	0.352742
559	pi+	83	211	555	0.0871404	0.254132	0.966669	1.01297	0.13957	0.271244
560	pi-	83	-211	555	-0.516607	0.529132	1.71577	1.87356	0.13957	0.741563
561	pi+	83	211	555	-0.100837	-0.132208	1.66234	1.67645	0.13957	0.166853
562	K0	-84	311	555	0.147756	0.710782	0.299723	0.929781	0.49761	0.859418
563	Kbar0	-84	-311	555	-1.25152	-0.524006	-0.500511	1.52938	0.49761	1.43486
564	rho-	-84	-213	555	0.64757	-0.187874	-4.10053	4.24234	0.85352	0.688348
565	eta	-84	221	555	0.0648008	0.116123	-1.79117	1.8778	0.54785	0.139028
566	pi0	-84	111	555	-0.0843683	-0.550978	-0.664062	0.877435	0.13498	0.564115
567	p+	84	2212	555	-0.170399	-0.202221	-4.24545	4.35593	0.93827	0.212468
568	d	-71	1	262	0.0548684	-0.108071	-7.11083	7.11952	0.33	0.121332
569	ud_0	-71	2101	267	0.0937065	1.19194	12.5076	12.578	0.57933	1.19689
570	Sigma-	83	3112	568	-0.34531	-0.122392	-1.55469	1.99629	1.19745	0.457878
571	Sigmabar+	83	-3112	568	0.807732	0.142063	-2.89773	3.24088	1.19745	0.882583
572	K0	-83	311	568	-0.749028	-0.230345	-1.35856	1.64542	0.49761	0.822144
573	K*-	-84	-323	568	0.279264	-0.128025	-0.291923	0.896484	0.789991	0.649874
574	rho+	-84	213	568	0.208496	0.378298	2.59549	2.90395	1.22873	0.476727
575	n0	84	2112	568	-0.052579	1.04427	8.9042	9.01447	0.93957	0.941743
576	ud_1	-74	2103	370	0.179578	1.13452	2.70466	3.03042	0.740857	1.18458
577	g	-71	21	217	-0.439806	-0.620895	1.40845	1.60083	0	0.760881
578	g	-71	21	371	-1.09828	0.458926	1.10979	1.68369	0.431672	1.23147
579	g	-71	21	219	-0.677315	-1.03674	0.911091	1.53742	0	1.23838
580	g	-71	21	220	-0.171546	0.182884	0.781843	0.821068	0	0.250748
581	g	-71	21	214	-0.655255	0.515408	0.195951	0.856389	0	0.83367
582	g	-71	21	222	0.492929	-0.143635	-0.751022	0.90975	0	0.51343
583	u	-71	2	215	3.20267	0.569229	-8.36286	8.97928	0.33	3.25506
584	pi+	83	211	576	-0.0401601	0.0355934	1.26574	1.27454	0.13957	0.0539877
585	Delta-	-87	1114	576	-0.220855	0.675596	1.8989	2.35808	1.20395	0.826641
586	pi0	-83	111	576	-0.864452	-0.525158	1.34725	1.69008	0.13498	1.01471
587	pi0	-83	111	576	-0.768173	-0.477284	1.45544	1.71884	0.13498	0.907174
588	pi0	-84	111	576	-0.240048	0.965258	0.313239	1.05151	0.13498	1.00296
589	rho+	-84	213	576	0.117308	-0.137559	0.598454	1.03235	0.82153	0.298536
590	pi-	84	-211	576	-0.248609	-0.452517	-0.952629	1.0925	0.13957	0.520577
591	Kbar0	-84	-311	576	0.438785	0.580782	-1.16164	1.45838	0.49761	0.774372
592	K*+	-84	323	576	0.334282	0.135043	-1.35369	1.65733	0.88559	0.426528
593	omega	-84	223	576	1.90711	0.0855096	-3.89957	4.4131	0.790215	1.94038
594	eta	-84	221	576	0.417793	0.174428	-1.51359	1.67214	0.54785	0.479192
595	d	-71	1	373	0.554814	-0.00139441	3.98565	4.04731	0.433051	0.558019
596	g	-71	21	302	-0.266481	0.909974	1.46591	1.74584	0	0.948191
597	g	-71	21	303	-0.242876	0.0465764	-0.257946	0.357343	0	0.247301
598	g	-71	21	300	0.756401	0.1177	-1.40909	1.6036	0	0.765503
599	dd_1	-71	1103	311	1.75367	-0.354623	-14.3063	14.4384	0.77133	1.79173
600	pi0	-83	111	595	0.398178	-0.151294	2.1357	2.18195	0.13498	0.42677
601	pi-	83	-211	595	-0.0446478	0.388645	0.695785	0.81033	0.13957	0.397137
602	pi+	83	211	595	-0.248453	0.54196	0.607857	0.862797	0.13957	0.604153
603	pi0	-83	111	595	-0.264226	-0.190071	0.422225	0.549941	0.13498	0.335758
604	pi-	83	-211	595	0.699959	0.0764212	1.16307	1.36675	0.13957	0.707819
605	eta	-84	221	595	0.226514	0.268593	-0.930665	1.13566	0.54785	0.401115
606	eta	-84	221	595	-0.22762	0.0164137	-0.254737	0.645841	0.54785	0.430946
607	pi+	84	211	595	0.390283	-0.173348	-5.06969	5.08956	0.13957	0.427209
608	Delta-	-84	1114	595	1.04104	-0.118905	-7.30449	7.47335	1.18215	1.06117
609	pi0	-84	111	595	0.584502	0.0598181	-1.98689	2.07634	0.13498	0.5888
610	u	-71	2	237	-0.656031	0.276445	2.70807	2.81946	0.33	0.716824
611	g	-71	21	225	0.529728	0.303111	0.806173	1.01114	0	0.610318
612	g	-71	21	234	-0.362558	-0.249237	-3.41308	3.44132	0	0.439963
613	g	-71	21	230	-1.38478	0.552928	-0.675966	1.63715	0	1.49109
614	g	-71	21	372	-0.643443	-0.394412	0.422736	0.893251	0.222736	0.779322
615	g	-71	21	226	-0.133015	-0.632978	0.0577408	0.649375	0	0.646803
616	g	-71	21	216	2.30001	-0.192969	5.28883	5.77053	0	2.30809
617	dd_1	-71	1103	240	-0.48289	-0.722578	-3.19241	3.35893	0.57933	0.882303
618	pi+	83	211	610	-0.105773	0.31852	0.920975	0.99011	0.13957	0.339008
619	Sigma-	83	3112	610	0.158991	0.391457	1.55574	2.00817	1.19745	0.526319
620	Sigmabar+	83	-3112	610	-0.506583	-0.0176055	-0.373802	1.35298	1.19745	1.08891
621	pi-	83	-211	610	0.491262	0.126907	0.193341	0.560628	0.13957	0.523883
622	K*+	-84	323	610	-1.55941	-0.289792	-1.37979	2.35696	1.06569	1.77826
623	Kbar0	-84	-311	610	0.0364409	-0.267158	-1.00574	1.15405	0.49761	0.298839
624	rho-	-84	-213	610	-0.470063	0.0363186	-0.117409	1.11112	0.999262	1.07819
625	omega	-84	223	610	-0.27322	0.240046	0.712887	1.11921	0.782406	0.50862
626	pi+	84	211	610	1.00992	-0.37761	1.76882	2.07623	0.13957	1.08065
627	K0	-84	311	610	-0.16597	-0.262437	0.331827	0.673902	0.49761	0.460457
628	Kbar0	-84	-311	610	0.677902	-0.0174554	1.73681	1.92976	0.49761	0.701862
629	rho-	-84	-213	610	0.212879	0.0131288	-0.585367	1.22462	1.0543	0.419237
630	Delta+	-84	2214	610	-0.466051	-0.388953	-1.26957	1.94198	1.33827	0.837704
631	rho-	-84	-213	610	0.126702	-0.565057	-0.486614	1.08143	0.772884	0.827928
632	u	-71	2	375	-1.42379	-0.698623	-2.96154	3.47066	0.871517	1.63845
633	g	-71	21	346	0.0653534	-0.672752	1.16964	1.3509	0	0.675919
634	g	-71	21	343	0.127334	-0.742851	4.1349	4.20303	0	0.753685
635	g	-71	21	350	0.318296	-0.228872	4.83279	4.84867	0	0.392039
636	ud_1	-71	2103	353	0.116748	-0.443411	-14.6232	14.6507	0.77133	0.45916
637	pi0	-83	111	632	0.0302463	-0.0706895	-0.655002	0.673171	0.13498	0.0784824
638	pi0	-83	111	632	-0.585231	-0.954283	-0.410855	1.20007	0.13498	1.12659
639	pi0	-83	111	632	-0.429848	0.0777516	-0.622633	0.772467	0.13498	0.443649
640	K+	83	321	632	0.181305	0.174262	-0.675196	0.873412	0.49368	0.304841
641	K-	83	-321	632	0.118695	-1.38665	2.60482	2.99428	0.49368	1.41103
642	pi+	83	211	632	-0.789255	0.633744	2.23815	2.46035	0.13957	1.01384
643	K0	-83	311	632	0.095003	-0.197874	0.578588	0.794078	0.49761	0.281661
644	K-	83	-321	632	0.387244	-0.673004	2.90206	3.04443	0.49368	0.786876
645	omega	-84	223	632	0.387025	0.148446	0.517004	1.01842	0.77334	0.637056
646	pi0	-84	111	632	-0.141129	0.166202	-1.24104	1.26726	0.13498	0.219286
647	rho+	-84	213	632	-0.0849472	-0.622779	-2.11689	2.5887	1.35095	0.736839
648	Delta-	-84	1114	632	0.402563	0.627362	-4.986	5.19832	1.26759	0.768614
649	pi+	84	211	632	-0.367729	-0.708998	-5.58038	5.63898	0.13957	0.798933
650	n0	91	2112	382	0.712936	0.489432	3.80398	4.01259	0.93957	0.681215
651	pi0	-91	111	382	0.285286	0.254784	0.668913	0.782283	0.13498	0.388321
652	pi+	91	211	385	0.218628	-0.204405	0.539034	0.632152	0.13957	0.306871
653	pi0	-91	111	385	-0.468533	0.184002	0.948483	1.08223	0.13498	0.50733
654	p+	91	2212	391	-0.215065	0.0615157	11.355	11.3959	0.93827	0.205972
655	pi-	91	-211	391	0.00301266	-0.0886889	4.21199	4.21524	0.13957	0.0887888
656	pi-	91	-211	395	0.143078	0.566468	-4.49297	4.53295	0.13957	0.584535
657	pi0	-91	111	395	0.442722	-0.193731	-2.90416	2.94718	0.13498	0.483762
658	p+	91	2212	396	-0.42138	-0.244162	-5.70916	5.80621	0.93827	0.413746
659	pi0	-91	111	396	-0.496621	-0.0563018	-6.19749	6.21907	0.13498	0.49992
660	pi+	91	211	406	0.209136	0.0748885	1.88462	1.90279	0.13957	0.22274
661	pi0	-91	111	406	-0.0270784	-0.330868	0.57961	0.68145	0.13498	0.338685
662	K+	91	321	410	0.214685	0.540938	0.974462	1.23774	0.49368	0.63465
663	pi0	-91	111	410	0.303116	-0.272262	0.880928	0.979928	0.13498	0.411359
664	K_S0	91	310	412	0.219173	-0.197546	7.62942	7.65132	0.49761	0.295688
665	n0	91	2112	417	1.56939	0.779053	1.57852	2.53859	0.93957	1.188
666	pi-	91	-211	417	-0.0265533	0.278053	0.379473	0.491425	0.13957	0.291314
667	nbar0	91	-2112	418	-0.0298904	0.108766	1.19345	1.5231	0.93957	0.231726
668	pi0	-91	111	418	-0.120109	0.640014	1.0753	1.26433	0.13498	0.65493
669	K_L0	91	130	423	-0.804413	-1.32659	1.2441	2.04996	0.49761	1.59926
670	K-	91	-321	424	-0.322056	-0.0875699	0.534515	0.800509	0.49368	0.423974
671	pi0	-91	111	424	-0.151911	0.247861	1.3552	1.39259	0.13498	0.292085
672	pi+	91	211	426	0.249488	0.156942	0.5559	0.6445	0.13957	0.30191
673	pi-	91	-211	426	0.261669	0.237877	-0.0776132	0.38802	0.13957	0.379
674	pi+	91	211	430	-0.184624	-0.518467	0.953324	1.10959	0.13957	0.554764
675	pi0	-91	111	430	-0.02232	0.510395	0.38185	0.651944	0.13498	0.522198
676	pi+	91	211	437	0.115383	-0.207777	-0.521878	0.590187	0.13957	0.244603
677	pi-	91	-211	437	0.111518	-0.0423804	-0.0615396	0.193647	0.13957	0.172099
678	pi+	91	211	439	-0.339454	0.0493721	-0.214599	0.428018	0.13957	0.362859
679	pi-	91	-211	439	0.420125	0.16351	-0.610024	0.771264	0.13957	0.45839
680	n0	91	2112	442	-0.437241	-0.458828	1.03828	1.53705	0.93957	0.311304
681	pi-	91	-211	442	-0.093251	-0.0315024	0.692818	0.713558	0.13957	0.100367
682	pbar-	91	-2212	448	-0.144386	-0.411788	-2.08951	2.3317	0.93827	0.668469
683	pi0	-91	111	448	0.169584	-0.0318866	-0.185301	0.286935	0.13498	0.195544
684	K_L0	91	130	449	0.0259802	-0.101716	-1.2887	1.38542	0.49761	0.112488
685	Sigma+	91	3222	450	0.169316	-0.465857	-1.60435	2.05773	1.18937	0.607415
686	pi0	-91	111	450	-0.131706	-0.0881701	-0.16639	0.266506	0.13498	0.183814
687	pi+	91	211	454	0.229754	0.270915	0.441208	0.583375	0.13957	0.365846
688	pi0	-91	111	454	-0.291565	-0.163627	0.6899	0.778438	0.13498	0.339483
689	p+	91	2212	456	0.514336	0.147234	5.35259	5.46047	0.93827	0.449756
690	pi0	-91	111	456	0.377655	0.0322523	2.0596	2.09853	0.13498	0.379816
691	pi+	91	211	461	-0.224354	0.255379	-0.407394	0.548637	0.13957	0.351495
692	pi0	-91	111	461	0.557623	-0.270715	-0.69299	0.939513	0.13498	0.626361
693	pi+	91	211	463	0.382522	-0.299092	-0.832193	0.973552	0.13957	0.490639
694	pi-	91	-211	463	0.305327	0.119504	-2.34298	2.36992	0.13957	0.328451
695	pi+	91	211	472	-0.022326	0.156903	0.0166167	0.211832	0.13957	0.210677
696	pi-	91	-211	472	0.441561	-0.0286958	-1.31043	1.39015	0.13957	0.44474
697	n0	91	2112	474	0.400023	-0.595427	-6.94559	7.04547	0.93957	0.627264
698	pi0	-91	111	474	0.0331467	0.0973404	-0.66712	0.688363	0.13498	0.104865
699	K0	-91	311	480	0.0611503	-0.125002	-0.771555	0.928589	0.49761	0.164821
700	pi+	91	211	480	0.394726	-0.149598	-0.150994	0.46954	0.13957	0.442107
701	K_S0	91	310	481	0.0196175	-0.116906	-0.13398	0.528789	0.49761	0.350395
702	p+	91	2212	483	-0.04582	0.00644012	0.264885	0.976041	0.93827	0.00649942
703	pi0	-91	111	483	-0.344222	-0.307477	0.352053	0.59598	0.13498	0.473866
704	pbar-	91	-2212	484	0.338537	0.238684	1.94212	2.1963	0.93827	0.653843
705	pi0	-91	111	484	0.262658	-0.00323655	0.750622	0.806631	0.13498	0.266434
706	pi+	91	211	493	-0.0647319	-0.276114	-0.18138	0.364428	0.13957	0.307009
707	pi0	-91	111	493	-0.398389	-0.0784896	0.459279	0.627719	0.13498	0.415773
708	pi-	91	-211	496	-0.0514433	0.0825133	0.118073	0.207065	0.13957	0.131632
709	pi0	-91	111	496	0.027829	-0.136394	-0.90257	0.923163	0.13498	0.140716
710	pi-	91	-211	509	0.0313621	0.340286	-0.772854	0.856482	0.13957	0.346358
711	pi0	-91	111	509	-0.0759361	0.240851	0.116661	0.309201	0.13498	0.280697
712	pi-	91	-211	510	-0.532157	0.122154	0.477847	0.738871	0.13957	0.556007
713	pi0	-91	111	510	-1.9033	-0.884001	0.481979	2.15743	0.13498	2.10269
714	pi+	91	211	511	-0.414871	0.197061	0.189881	0.516222	0.13957	0.477061
715	pi-	91	-211	511	-1.09674	-0.433687	-0.11924	1.19358	0.13957	1.18752
716	pi+	91	211	512	0.0274269	0.190882	0.583497	0.630188	0.13957	0.197753
717	pi0	-91	111	512	-0.111544	-0.475374	0.183186	0.538701	0.13498	0.504375
718	p+	91	2212	523	-0.1707	0.114772	1.99005	2.20974	0.93827	0.130726
719	pi0	-91	111	523	0.198893	0.223856	1.28779	1.32902	0.13498	0.301006
720	pi+	91	211	524	-0.178131	0.0989676	7.08843	7.09273	0.13957	0.203817
721	pi-	91	-211	524	0.131071	-0.316006	2.84927	2.87313	0.13957	0.342514
722	pi+	91	211	529	-0.132304	-0.343672	6.95998	6.97111	0.13957	0.368333
723	pi-	91	-211	529	-0.207436	-0.0162592	0.410969	0.48132	0.13957	0.217413
724	pi-	91	-211	533	-0.284733	-0.0344154	0.0468764	0.322389	0.13957	0.318167
725	pi0	-91	111	533	0.221899	0.408656	-0.194783	0.521919	0.13498	0.481393
726	pi+	91	211	534	-0.343501	-0.0231039	0.27865	0.464383	0.13957	0.360966
727	pi-	91	-211	534	-0.250287	-0.370054	-0.267292	0.538988	0.13957	0.462524
728	pi+	91	211	536	0.0658725	-0.321561	3.08251	3.10308	0.13957	0.328572
729	pi0	-91	111	536	-0.0493803	0.351398	2.80903	2.83457	0.13498	0.355253
730	pi+	91	211	549	0.356878	0.0629273	-0.345687	0.519905	0.13957	0.376192
731	pi0	-91	111	549	0.000514744	0.797732	-0.898215	1.20888	0.13498	0.802752
732	K+	91	321	553	0.3368	-0.500702	2.68967	2.80039	0.49368	0.613039
733	pi-	91	-211	553	0.0724269	0.166907	0.40561	0.465943	0.13957	0.1907
734	Lambda0	91	3122	554	-0.351144	-0.64534	1.32104	1.87874	1.11568	0.370873
735	pi+	91	211	554	0.0769765	0.157697	0.124605	0.256515	0.13957	0.209151
736	K_S0	91	310	562	0.147756	0.710782	0.299723	0.929781	0.49761	0.859418
737	K_S0	91	310	563	-1.25152	-0.524006	-0.500511	1.52938	0.49761	1.43486
738	pi-	91	-211	564	0.682136	-0.0250689	-3.85061	3.91313	0.13957	0.683031
739	pi0	-91	111	564	-0.034566	-0.162805	-0.249921	0.329212	0.13498	0.182477
740	K_S0	91	310	572	-0.749028	-0.230345	-1.35856	1.64542	0.49761	0.822144
741	Kbar0	-91	-311	573	0.191201	-0.231153	-0.367741	0.687633	0.49761	0.434657
742	pi-	91	-211	573	0.0880631	0.103128	0.0758179	0.208851	0.13957	0.182295
743	pi+	91	211	574	0.0503392	-0.290394	0.147754	0.358014	0.13957	0.320047
744	pi0	-91	111	574	0.158157	0.668692	2.44773	2.54593	0.13498	0.688109
745	n0	91	2112	585	-0.145128	0.419548	1.14528	1.54646	0.93957	0.219344
746	pi-	91	-211	585	-0.0757266	0.256048	0.753624	0.811618	0.13957	0.271049
747	pi+	91	211	589	-0.252095	0.141315	0.0937102	0.33434	0.13957	0.318038
748	pi0	-91	111	589	0.369403	-0.278874	0.504744	0.698008	0.13498	0.471754
749	K_L0	91	130	591	0.438785	0.580782	-1.16164	1.45838	0.49761	0.774372
750	K+	91	321	592	0.426931	-0.0924924	-0.799009	1.03584	0.49368	0.4969
751	pi0	-91	111	592	-0.0926482	0.227535	-0.554684	0.62149	0.13498	0.251682
752	n0	91	2112	608	0.76186	0.0752727	-5.56774	5.69812	0.93957	0.648207
753	pi-	91	-211	608	0.279179	-0.194178	-1.73675	1.77522	0.13957	0.341123
754	K0	-91	311	622	-1.02128	0.219289	-0.828378	1.423	0.49761	1.11495
755	pi+	91	211	622	-0.53813	-0.509081	-0.551414	0.933962	0.13957	0.749188
756	K_L0	91	130	623	0.0364409	-0.267158	-1.00574	1.15405	0.49761	0.298839
757	pi-	91	-211	624	-0.0790567	0.339803	-0.38032	0.534639	0.13957	0.36141
758	pi0	-91	111	624	-0.391007	-0.303484	0.262911	0.576481	0.13498	0.509116
759	K_L0	91	130	627	-0.16597	-0.262437	0.331827	0.673902	0.49761	0.460457
760	K_S0	91	310	628	0.677902	-0.0174554	1.73681	1.92976	0.49761	0.701862
761	pi-	91	-211	629	0.0825915	0.510408	-0.371093	0.651558	0.13957	0.529334
762	pi0	-91	111	629	0.130287	-0.497279	-0.214274	0.573057	0.13498	0.528946
763	p+	91	2212	630	-0.275884	0.0414226	-0.809788	1.27041	0.93827	0.108183
764	pi0	-91	111	630	-0.190167	-0.430376	-0.459783	0.671571	0.13498	0.480319
765	pi-	91	-211	631	-0.271438	-0.347781	-0.107436	0.475029	0.13957	0.46154
766	pi0	-91	111	631	0.39814	-0.217277	-0.379178	0.606399	0.13498	0.465241
767	K_L0	91	130	643	0.095003	-0.197874	0.578588	0.794078	0.49761	0.281661
768	pi+	91	211	647	-0.645291	-0.406446	-1.62576	1.80116	0.13957	0.764926
769	pi0	-91	111	647	0.560344	-0.216333	-0.491127	0.787534	0.13498	0.609676
770	n0	91	2112	648	0.546235	0.628664	-4.51916	4.69033	0.93957	0.679769
771	pi-	91	-211	648	-0.143672	-0.00130172	-0.466831	0.50799	0.13957	0.149428
772	K_L0	91	130	699	0.0611503	-0.125002	-0.771555	0.928589	0.49761	0.164821
773	K_S0	91	310	741	0.191201	-0.231153	-0.367741	0.687633	0.49761	0.434657
774	K_L0	91	130	754	-1.02128	0.219289	-0.828378	1.423	0.49761	1.11495
775	gamma	91	22	379	0.00555775	0.197463	-2.87759	2.88437	0	0.197541
776	gamma	91	22	379	0.017732	0.127777	-0.827265	0.837263	0	0.129002
777	pi+	91	211	390	-0.0935824	-0.049501	0.455757	0.488264	0.13957	0.110478
778	pi-	91	-211	390	-0.0486264	-0.138862	0.777684	0.803691	0.13957	0.1494
779	eta	-91	221	390	0.135616	0.0621525	2.60703	2.66815	0.54785	0.152427
780	gamma	91	22	399	-0.0428935	-0.0543412	-0.0648592	0.0948658	0	0.0692302
781	gamma	91	22	399	-0.362834	-0.0769507	-0.651	0.749247	0	0.370905
782	gamma	91	22	400	0.0588573	0.105365	-0.303459	0.326579	0	0.12069
783	gamma	91	22	400	0.438779	0.310826	-1.84121	1.91813	0	0.537717
784	gamma	91	22	401	-0.159448	-0.0451931	0.118442	0.203703	0	0.165729
785	gamma	91	22	401	-0.141274	0.0635984	0.0279138	0.157424	0	0.154929
786	pi0	-91	111	402	-0.160091	0.318502	0.411386	0.56083	0.13498	0.367268
787	gamma	91	22	402	0.351105	-0.12908	0.01847	0.374537	0	0.374081
788	pi0	-91	111	407	0.0892951	-0.0210854	0.683598	0.702812	0.13498	0.0934913
789	pi0	-91	111	407	0.392292	-0.0519368	3.07703	3.1053	0.13498	0.39609
790	pi0	-91	111	407	0.375253	-0.206016	3.51562	3.54416	0.13498	0.428397
791	gamma	91	22	409	0.290437	0.538063	2.42208	2.49807	0	0.611445
792	gamma	91	22	409	0.0810952	0.0443369	0.360343	0.372007	0	0.092424
793	gamma	91	22	416	0.118477	-0.0109868	-0.108415	0.16097	0	0.118985
794	gamma	91	22	416	0.10059	0.118645	-0.228565	0.276472	0	0.155548
795	pi+	91	211	429	-0.00767804	-0.178192	1.01436	1.03933	0.13957	0.179988
796	pi-	91	-211	429	-0.117938	-0.201666	1.01561	1.05143	0.13957	0.235707
797	pi0	-91	111	429	-0.0644721	-0.140592	0.280832	0.347863	0.13498	0.167818
798	pi+	91	211	432	0.0235366	-0.211755	-0.331894	0.418363	0.13957	0.226006
799	pi-	91	-211	432	0.249459	0.0877744	-0.0838353	0.310551	0.13957	0.296032
800	pi0	-91	111	432	0.147901	-0.357224	-0.223512	0.466542	0.13498	0.403906
801	gamma	91	22	441	0.151411	0.133254	0.764413	0.790575	0	0.201698
802	gamma	91	22	441	0.154977	0.149697	1.56006	1.57487	0	0.215469
803	pi+	91	211	446	0.00198496	-0.27369	-2.36777	2.38762	0.13957	0.274167
804	pi-	91	-211	446	-0.140422	-0.0867799	-1.19331	1.21273	0.13957	0.166177
805	pi0	-91	111	446	-0.0739836	-0.014296	-1.62767	1.635	0.13498	0.0756102
806	gamma	91	22	469	-0.205379	-0.296073	0.75844	0.839685	0	0.360333
807	gamma	91	22	469	0.00445183	0.0117514	0.0190203	0.0227966	0	0.0125664
808	gamma	91	22	471	-0.0500518	0.00897931	-0.0668785	0.0840152	0	0.0508509
809	gamma	91	22	471	-0.107575	-0.127416	-0.680294	0.700434	0	0.166755
810	gamma	91	22	473	-0.0468192	0.0729681	-0.335728	0.346742	0	0.0866971
811	gamma	91	22	473	0.0771265	0.0500408	-0.201404	0.221396	0	0.0919379
812	pi0	-91	111	491	-0.0357239	-0.35614	2.08411	2.11892	0.13498	0.358656
813	gamma	91	22	491	0.319529	-0.397423	0.586248	0.777001	0	0.509945
814	gamma	91	22	492	-0.0446718	0.372971	1.08741	1.15046	0	0.375637
815	gamma	91	22	492	-0.214719	0.619901	1.58724	1.71747	0	0.656035
816	pi+	91	211	514	0.178047	0.00221814	-0.255944	0.341603	0.13957	0.195087
817	pi-	91	-211	514	-0.254463	-0.124831	-0.361414	0.480035	0.13957	0.29623
818	pi0	-91	111	514	-0.0407745	0.139699	-0.0368885	0.201888	0.13498	0.195699
819	gamma	91	22	520	-0.268112	0.0467222	-0.125662	0.299763	0	0.272153
820	gamma	91	22	520	-0.190366	-0.0735326	-0.142687	0.24901	0	0.204074
821	gamma	91	22	521	0.0451125	0.0416046	0.462624	0.466676	0	0.0613684
822	gamma	91	22	521	0.483882	0.0232067	2.48434	2.53113	0	0.484438
823	pi+	91	211	522	0.137753	0.0314932	0.327959	0.383412	0.13957	0.151716
824	pi-	91	-211	522	-0.275495	-0.350193	1.1638	1.25397	0.13957	0.448355
825	pi0	-91	111	522	-0.0606957	0.0732595	0.573521	0.596823	0.13498	0.0976669
826	pi+	91	211	546	0.0199798	-0.0536856	0.0448719	0.1574	0.13957	0.123909
827	pi-	91	-211	546	-0.110351	-0.197111	0.0555876	0.271293	0.13957	0.263435
828	pi0	-91	111	546	-0.138038	-0.0475082	-0.127431	0.236156	0.13498	0.17791
829	gamma	91	22	547	0.358866	0.339176	0.507232	0.707891	0	0.493787
830	gamma	91	22	547	0.516226	0.381132	0.481881	0.802471	0	0.641678
831	gamma	91	22	550	0.228538	0.179976	0.766827	0.820149	0	0.290897
832	gamma	91	22	550	-0.0147102	0.0394898	0.078977	0.0895164	0	0.0421406
833	pi+	91	211	551	-0.206626	-0.0457814	0.126646	0.283389	0.13957	0.243174
834	pi-	91	-211	551	0.577337	0.0450466	0.0631423	0.599011	0.13957	0.595482
835	gamma	91	22	552	0.120633	0.343443	0.124332	0.384661	0	0.364013
836	gamma	91	22	552	0.149415	0.337879	0.276982	0.461742	0	0.369442
837	gamma	91	22	565	-0.101627	-0.120858	-0.174277	0.235175	0	0.157907
838	gamma	91	22	565	0.166428	0.23698	-1.61689	1.64262	0	0.289582
839	gamma	91	22	566	0.0159429	-0.00972597	-0.00626512	0.0196983	0	0.0186754
840	gamma	91	22	566	-0.100311	-0.541252	-0.657797	0.857737	0	0.550469
841	gamma	91	22	586	-0.504261	-0.256124	0.664487	0.872594	0	0.565578
842	gamma	91	22	586	-0.360192	-0.269034	0.682763	0.817485	0	0.449575
843	gamma	91	22	587	-0.212602	-0.18082	0.537853	0.605955	0	0.279098
844	gamma	91	22	587	-0.555571	-0.296464	0.917587	1.11289	0	0.629722
845	gamma	91	22	588	-0.0860778	0.204923	0.0239116	0.22355	0	0.222268
846	gamma	91	22	588	-0.15397	0.760335	0.289327	0.827965	0	0.775768
847	pi+	91	211	593	0.397979	0.0726024	-0.476839	0.640713	0.13957	0.414501
848	pi-	91	-211	593	0.280311	0.140783	-0.739878	0.815655	0.13957	0.318374
849	pi0	-91	111	593	1.22882	-0.127876	-2.68285	2.95673	0.13498	1.23674
850	pi+	91	211	594	0.0866333	0.0239218	-0.210809	0.268324	0.13957	0.105232
851	pi-	91	-211	594	0.119679	0.193281	-0.722873	0.770524	0.13957	0.231158
852	pi0	-91	111	594	0.211481	-0.0427753	-0.579903	0.633294	0.13498	0.220838
853	gamma	91	22	600	0.37492	-0.0981853	1.79738	1.83869	0	0.387564
854	gamma	91	22	600	0.0232579	-0.0531083	0.338319	0.343251	0	0.0579778
855	gamma	91	22	603	-0.1573	-0.0762508	0.127386	0.216298	0	0.174807
856	gamma	91	22	603	-0.106926	-0.11382	0.294839	0.333644	0	0.156167
857	gamma	91	22	605	-0.0290035	0.346317	-0.705034	0.786034	0	0.347529
858	gamma	91	22	605	0.255518	-0.0777239	-0.225631	0.349628	0	0.267077
859	pi0	-91	111	606	-0.03371	-0.142215	-0.067775	0.210177	0.13498	0.190674
860	pi0	-91	111	606	-0.116782	0.0596825	-0.164614	0.250035	0.13498	0.155802
861	pi0	-91	111	606	-0.077128	0.0989463	-0.0223483	0.185629	0.13498	0.182752
862	gamma	91	22	609	0.305527	0.070611	-1.23807	1.27717	0	0.31358
863	gamma	91	22	609	0.278975	-0.0107929	-0.74882	0.799172	0	0.279184
864	pi+	91	211	625	-0.0516811	0.0259881	0.46931	0.493029	0.13957	0.0603146
865	pi-	91	-211	625	-0.271445	0.262981	0.249818	0.474057	0.13957	0.395472
866	pi0	-91	111	625	0.0499064	-0.0489231	-0.00624019	0.152127	0.13498	0.151524
867	gamma	91	22	637	0.0609632	-0.0536324	-0.187195	0.204047	0	0.081197
868	gamma	91	22	637	-0.0307169	-0.017057	-0.467807	0.469124	0	0.035135
869	gamma	91	22	638	-0.499249	-0.805126	-0.293731	0.991844	0	0.947353
870	gamma	91	22	638	-0.0859827	-0.149157	-0.117124	0.208228	0	0.172165
871	gamma	91	22	639	-0.0557995	-0.0357681	-0.0872719	0.109587	0	0.0662793
872	gamma	91	22	639	-0.374048	0.11352	-0.535361	0.66288	0	0.390895
873	pi+	91	211	645	0.242158	0.0793613	-0.064006	0.297515	0.13957	0.288552
874	pi-	91	-211	645	0.178934	-0.027236	0.457283	0.511221	0.13957	0.188142
875	pi0	-91	111	645	-0.0340665	0.0963204	0.123727	0.209681	0.13498	0.133509
876	gamma	91	22	646	0.00843955	-0.0157246	-0.0484061	0.0515911	0	0.0178463
877	gamma	91	22	646	-0.149568	0.181927	-1.19263	1.21566	0	0.235517
878	gamma	91	22	651	-0.014512	0.0159672	0.0474738	0.052147	0	0.0215766
879	gamma	91	22	651	0.299798	0.238817	0.621439	0.730136	0	0.383292
880	gamma	91	22	653	-0.160818	0.133123	0.40351	0.454317	0	0.208768
881	gamma	91	22	653	-0.307715	0.0508796	0.544973	0.627912	0	0.311893
882	gamma	91	22	657	0.0637354	-0.0869945	-0.657184	0.665973	0	0.107844
883	gamma	91	22	657	0.378987	-0.106737	-2.24697	2.28121	0	0.39373
884	gamma	91	22	659	-0.393129	-0.0987154	-4.96939	4.9859	0	0.405334
885	gamma	91	22	659	-0.103492	0.0424137	-1.22809	1.23318	0	0.111846
886	gamma	91	22	661	0.0224902	-0.262664	0.497634	0.56315	0	0.263625
887	e-	91	11	661	-0.0123708	-0.0161212	0.0278427	0.0344733	0.000511	0.0203229
888	e+	91	-11	661	-0.0371977	-0.0520826	0.0541335	0.083827	0.000511	0.0640033
889	gamma	91	22	663	0.153819	-0.185848	0.379806	0.449948	0	0.241246
890	gamma	91	22	663	0.149297	-0.0864141	0.501122	0.529981	0	0.172502
891	gamma	91	22	668	0.0146134	0.0573947	0.163826	0.174203	0	0.0592259
892	gamma	91	22	668	-0.134722	0.58262	0.911478	1.09013	0	0.597993
893	gamma	91	22	671	-0.00380679	0.131757	0.519687	0.536143	0	0.131812
894	gamma	91	22	671	-0.148104	0.116104	0.835516	0.856447	0	0.188189
895	gamma	91	22	675	0.0403455	0.371799	0.243005	0.445998	0	0.373982
896	gamma	91	22	675	-0.0626656	0.138596	0.138845	0.205946	0	0.152104
897	gamma	91	22	683	0.103407	-0.0701906	-0.166512	0.208197	0	0.124979
898	gamma	91	22	683	0.0661773	0.038304	-0.0187888	0.0787379	0	0.0764633
899	gamma	91	22	686	-0.145283	-0.0442449	-0.159112	0.219958	0	0.151871
900	gamma	91	22	686	0.0135775	-0.0439251	-0.00727758	0.0465481	0	0.0459757
901	gamma	91	22	688	-0.253005	-0.0757914	0.524108	0.586894	0	0.264113
902	gamma	91	22	688	-0.0385601	-0.0878352	0.165793	0.191544	0	0.0959265
903	gamma	91	22	690	0.245915	-0.0307409	1.0774	1.10554	0	0.247828
904	gamma	91	22	690	0.13174	0.0629931	0.982201	0.992997	0	0.146026
905	gamma	91	22	692	0.536849	-0.231925	-0.606769	0.842713	0	0.584804
906	gamma	91	22	692	0.0207736	-0.0387903	-0.0862205	0.0967998	0	0.0440026
907	gamma	91	22	698	0.0612366	0.1095	-0.617068	0.629693	0	0.12546
908	gamma	91	22	698	-0.0280898	-0.0121596	-0.050052	0.0586694	0	0.0306087
909	gamma	91	22	703	-0.171158	-0.167847	0.264568	0.357021	0	0.239724
910	gamma	91	22	703	-0.173064	-0.13963	0.0874851	0.238959	0	0.222368
911	gamma	91	22	705	0.0210618	-0.0270493	0.225703	0.228292	0	0.0342821
912	gamma	91	22	705	0.241596	0.0238127	0.524919	0.578339	0	0.242766
913	gamma	91	22	707	-0.384806	-0.0861581	0.46624	0.610638	0	0.394333
914	gamma	91	22	707	-0.0135833	0.00766858	-0.0069611	0.0170813	0	0.0155985
915	gamma	91	22	709	-0.0544012	-0.0490037	-0.305119	0.313781	0	0.0732179
916	gamma	91	22	709	0.0822302	-0.0873903	-0.597451	0.609382	0	0.119995
917	gamma	91	22	711	-0.100877	0.100229	0.0433395	0.148662	0	0.142204
918	gamma	91	22	711	0.0249409	0.140622	0.0733219	0.160539	0	0.142817
919	gamma	91	22	713	-0.157552	-0.04015	0.0580127	0.172627	0	0.162587
920	gamma	91	22	713	-1.74574	-0.843851	0.423966	1.98481	0	1.939
921	gamma	91	22	717	-0.0595042	-0.14344	-0.00149868	0.1553	0	0.155293
922	gamma	91	22	717	-0.0520396	-0.331934	0.184685	0.383401	0	0.335988
923	gamma	91	22	719	0.0806096	0.0572044	0.694954	0.701948	0	0.0988446
924	gamma	91	22	719	0.118283	0.166652	0.592835	0.62707	0	0.204362
925	gamma	91	22	725	0.0393144	0.0755988	0.017225	0.0869339	0	0.0852103
926	gamma	91	22	725	0.182585	0.333058	-0.212008	0.434985	0	0.379822
927	gamma	91	22	729	0.0326119	0.227778	1.59536	1.61187	0	0.230101
928	gamma	91	22	729	-0.0819922	0.12362	1.21368	1.22271	0	0.148339
929	gamma	91	22	731	-0.0327517	0.431172	-0.396877	0.586935	0	0.432414
930	gamma	91	22	731	0.0332664	0.36656	-0.501338	0.621943	0	0.368067
931	gamma	91	22	739	-0.0473415	-0.0645091	-0.0256744	0.0840346	0	0.0800165
932	gamma	91	22	739	0.0127755	-0.0982958	-0.224246	0.245177	0	0.0991226
933	gamma	91	22	744	0.122379	0.396081	1.68202	1.73235	0	0.414556
934	gamma	91	22	744	0.0357779	0.272611	0.765712	0.813579	0	0.274949
935	gamma	91	22	748	0.0564488	-0.085053	0.0521995	0.114653	0	0.102081
936	gamma	91	22	748	0.312955	-0.193821	0.452544	0.583355	0	0.368113
937	gamma	91	22	751	-0.105221	0.239371	-0.533734	0.594341	0	0.261476
938	gamma	91	22	751	0.0125727	-0.0118354	-0.02095	0.0271487	0	0.017267
939	gamma	91	22	758	-0.045509	0.00938933	0.0169992	0.0494793	0	0.0464675
940	gamma	91	22	758	-0.345498	-0.312874	0.245912	0.527002	0	0.46611
941	gamma	91	22	762	0.0635341	-0.0674856	-0.0122883	0.093498	0	0.092687
942	gamma	91	22	762	0.0667531	-0.429794	-0.201986	0.479559	0	0.434947
943	gamma	91	22	764	-0.00229361	-0.127957	-0.0796015	0.150714	0	0.127978
944	gamma	91	22	764	-0.187873	-0.302419	-0.380182	0.520857	0	0.356024
945	gamma	91	22	766	-0.00118131	-0.00678908	0.00880006	0.0111771	0	0.00689109
946	gamma	91	22	766	0.399321	-0.210488	-0.387978	0.595222	0	0.451401
947	gamma	91	22	769	0.102161	-0.0875818	-0.0682779	0.150895	0	0.134564
948	gamma	91	22	769	0.458183	-0.128751	-0.422849	0.63664	0	0.475929
949	pi+	91	211	779	0.010289	0.0565209	0.467727	0.491476	0.13957	0.0599166
950	pi-	91	-211	779	0.0623352	-0.0991055	0.611678	0.638229	0.13957	0.119983
951	pi0	-91	111	779	0.0629915	0.104737	1.52763	1.53844	0.13498	0.122693
952	gamma	91	22	786	-0.0965894	0.0603721	0.146367	0.185466	0	0.113905
953	gamma	91	22	786	-0.0635018	0.258129	0.26502	0.375365	0	0.265826
954	gamma	91	22	788	0.0726676	0.0244142	0.164804	0.181761	0	0.0766592
955	gamma	91	22	788	0.0166276	-0.0454996	0.518794	0.52105	0	0.0484426
956	gamma	91	22	789	0.222496	0.00329924	1.25754	1.27708	0	0.22252
957	gamma	91	22	789	0.169796	-0.0552361	1.81948	1.82822	0	0.178555
958	gamma	91	22	790	0.191589	-0.140732	1.44947	1.46883	0	0.237722
959	gamma	91	22	790	0.183664	-0.0652846	2.06615	2.07533	0	0.194922
960	gamma	91	22	797	0.0328285	-0.0675965	0.158182	0.175125	0	0.0751465
961	gamma	91	22	797	-0.0973006	-0.0729952	0.12265	0.172739	0	0.121638
962	gamma	91	22	800	0.0852912	-0.301312	-0.125155	0.337235	0	0.313151
963	gamma	91	22	800	0.0626098	-0.0559124	-0.0983572	0.129307	0	0.0839415
964	gamma	91	22	805	-0.0238199	-0.0489364	-0.244612	0.250594	0	0.0544257
965	gamma	91	22	805	-0.0501636	0.0346404	-1.38306	1.3844	0	0.0609618
966	gamma	91	22	812	0.0157072	-0.241673	1.62607	1.644	0	0.242183
967	gamma	91	22	812	-0.0514312	-0.114468	0.458039	0.474919	0	0.125491
968	gamma	91	22	818	0.00297861	0.0905468	0.0414084	0.0996105	0	0.0905958
969	gamma	91	22	818	-0.0437531	0.0491521	-0.0782968	0.102277	0	0.0658047
970	gamma	91	22	825	-0.0209178	0.0575426	0.076593	0.0980571	0	0.0612267
971	gamma	91	22	825	-0.0397779	0.0157169	0.496928	0.498765	0	0.0427704
972	gamma	91	22	828	-0.0315621	-0.0681798	-0.00917078	0.0756885	0	0.0751309
973	gamma	91	22	828	-0.106475	0.0206716	-0.11826	0.160467	0	0.108464
974	gamma	91	22	849	1.1717	-0.150526	-2.54562	2.80637	0	1.18133
975	gamma	91	22	849	0.0571145	0.0226497	-0.137235	0.150362	0	0.0614416
976	gamma	91	22	852	0.186567	-0.013001	-0.321084	0.37158	0	0.187019
977	gamma	91	22	852	0.024914	-0.0297744	-0.258819	0.261714	0	0.038823
978	gamma	91	22	859	0.0430568	-0.103616	-0.0288992	0.115867	0	0.112205
979	gamma	91	22	859	-0.0767668	-0.0385995	-0.0388758	0.0943101	0	0.0859248
980	gamma	91	22	860	-0.0795386	0.0583981	-0.183431	0.208288	0	0.0986749
981	gamma	91	22	860	-0.0372434	0.00128433	0.0188174	0.041747	0	0.0372655
982	gamma	91	22	861	-0.0145533	0.0124307	0.0520729	0.0554789	0	0.0191395
983	gamma	91	22	861	-0.0625746	0.0865156	-0.0744212	0.13015	0	0.106773
984	gamma	91	22	866	-0.00620805	-0.0706965	0.0350336	0.0791447	0	0.0709686
985	gamma	91	22	866	0.0561144	0.0217734	-0.0412737	0.0729824	0	0.0601906
986	gamma	91	22	875	0.00661392	-0.0255975	0.0613792	0.066831	0	0.0264382
987	gamma	91	22	875	-0.0406805	0.121918	0.0623479	0.14285	0	0.128526
988	gamma	91	22	951	-0.0199017	0.0322218	0.106144	0.112698	0	0.0378724
989	gamma	91	22	951	0.0828932	0.0725154	1.42148	1.42574	0	0.110135
