Particle List (1st event only)
******************************************************
JobID: 20200430	No. Events: 1000	SNN: 130

Simulation Parameters:
Version: Pythia8 Angantyr
Type of Cut: pseudorapidity (n)
Cut: 0.1
Calorimeter (r=regular, c=calorimeter): r
Counting method: d

I	particle/jet	status	KF	orig	p_x	p_y	p_z	E	m
=========================================================
0	system	-11	90	0	0	0	0	25610	25610	-nan
1	197Au	-12	1000791970	0	0	0	12803.7	12805	183.473	-nan
2	197Au	-12	1000791970	0	0	0	-12803.7	12805	183.473	-1.60397e-05
3	n0	-13	2112	1	0	0	64.9932	65	0.93957	-nan
4	p+	-13	2212	2	0	0	-64.9932	65	0.93827	-0
5	g	-21	21	29	0	0	0.381253	0.381253	0	-nan
6	g	-21	21	30	0	0	-20.2709	20.2709	0	-0
7	g	-23	21	5	1.01525	-0.404425	-0.450068	1.18188	0	1.09283
8	g	-23	21	5	-1.01525	0.404425	-19.4396	19.4703	0	1.09283
9	g	-51	21	8	-0.48484	0.779144	-3.01212	3.14881	0	0.917679
10	g	-51	21	8	-0.369525	-0.438806	-16.4988	16.5087	0	0.573672
11	g	-52	21	7	0.854365	-0.340338	-0.378748	0.994595	0	0.919657
12	g	-51	21	10	0.0567353	0.21089	-12.8768	12.8786	0	0.218388
13	g	-51	21	10	-0.328525	-0.68863	-3.66534	3.74391	0	0.76298
14	g	-52	21	11	0.756629	-0.301405	-0.335421	0.880817	0	0.814452
15	g	-31	21	36	0	0	4.99167	4.99167	0	-nan
16	g	-31	21	37	0	0	-4.07251	4.07251	0	-0
17	g	-33	21	15	-0.559857	-0.166106	4.95349	4.9878	0	0.583979
18	g	-33	21	15	0.559857	0.166106	-4.03433	4.07638	0	0.583979
19	g	-51	21	14	0.0847927	0.339392	-0.281021	0.44872	0	0.349824
20	g	-51	21	14	0.578824	-0.835761	-1.09213	1.49208	0	1.01663
21	g	-52	21	13	-0.235513	-0.493665	-2.62761	2.68394	0	0.546965
22	g	-51	21	17	-0.95419	-0.323691	4.09939	4.22141	0	1.0076
23	g	-51	21	17	0.408609	0.161821	0.751226	0.870338	0	0.439486
24	g	-52	21	18	0.545581	0.16187	-3.93146	3.97243	0	0.569087
25	g	-31	21	41	0	0	1.70471	1.70471	0	-nan
26	g	-31	21	42	0	0	-0.184217	0.184217	0	-0
27	g	-33	21	25	0.27461	0.0370104	-0.0606794	0.283659	0	0.277093
28	g	-33	21	25	-0.27461	-0.0370104	1.58117	1.60527	0	0.277093
29	g	-61	21	3	0.4752	-0.426764	0.105865	0.647418	0	0.638704
30	g	-61	21	4	0.394927	0.819359	-20.2865	20.3069	0	0.90957
31	g	-62	21	19	0.195133	0.254192	-0.19264	0.373899	0	0.320454
32	g	-62	21	9	-0.350762	0.799137	-2.30704	2.46659	0	0.872728
33	g	-62	21	12	0.308032	0.726676	-12.7971	12.8214	0	0.789266
34	g	-62	21	21	-0.14816	-0.411302	-2.79868	2.83261	0	0.437173
35	g	-62	21	20	0.865884	-0.976108	-2.08521	2.45981	0	1.30481
36	g	-61	21	3	-1.10761	1.1935	4.93246	5.19426	0	1.62826
37	g	-61	21	4	-0.993086	-0.502381	-3.98606	4.13851	0	1.11293
38	g	-62	21	22	-1.91558	0.676787	4.12199	4.59546	0	2.03162
39	g	-62	21	24	-0.409146	-0.327975	-3.88401	3.91925	0	0.524374
40	g	-62	21	23	0.224032	0.342308	0.708422	0.818063	0	0.409102
41	g	-61	21	3	0.819648	-0.27954	1.67699	1.88739	0	0.866005
42	g	-61	21	4	-0.187341	0.202757	0.0718928	0.285264	0	0.276056
43	g	-62	21	27	0.0701937	0.248376	-0.0475593	0.262449	0	0.258104
44	g	-62	21	28	0.562113	-0.325158	1.79644	1.91021	0	0.649383
45	ud_1	-63	2103	3	-1.0647	-0.556948	57.1852	57.203	0.77133	1.20168
46	d	-63	1	3	0.0984827	-0.116859	-0.397161	0.538509	0.33	0.19339
47	ud_1	-63	2103	4	0.420621	-0.480533	-39.275	39.2878	0.77133	0.638742
48	u	-63	2	4	0.36488	-0.0392023	-0.0523706	0.496303	0.33	0.491325
49	n0	-13	2112	2	0	0	-64.9932	65	0.93827	-0
50	p_diffr+	-15	9902210	49	0.368223	0.0593611	-64.9772	65.0128	2.11955	0.373175
51	d	-24	1	50	0.404462	0.0652031	-4.23802	4.27016	0.325	0.410876
52	ud_1	-63	2103	50	-0.0362389	-0.00584205	-60.7392	60.7427	0.65	0.0367088
53	n0	-13	2112	2	0	0	-64.9932	65	0.93827	-0
54	p_diffr+	-15	9902210	53	0.410754	0.127248	-64.9845	65.0018	1.43569	0.430117
55	g	-24	21	54	0.408055	0.126412	-8.08268	8.09396	0	0.427188
56	d	-63	1	54	-0.165965	-0.0400671	-14.7808	14.7837	0.239282	0.170755
57	ud_1	-63	2103	54	0.168664	0.040903	-42.121	42.1241	0.478565	0.173564
58	n0	-13	2112	1	0	0	64.9932	65	0.93957	-nan
59	n0	-13	2112	2	0	0	-64.9932	65	0.93957	-0
60	g	-21	21	78	0	0	8.40162	8.40162	0	-nan
61	g	-21	21	79	0	0	-1.90154	1.90154	0	-0
62	g	-23	21	60	-0.775998	-0.749577	8.2104	8.28098	0	1.07891
63	g	-23	21	60	0.775998	0.749577	-1.71032	2.02218	0	1.07891
64	g	-51	21	62	-0.646394	-0.31105	7.98617	8.01832	0	0.71734
65	g	-51	21	62	-0.0746381	-0.385432	0.103085	0.4059	0	0.392592
66	g	-52	21	63	0.721032	0.696482	-1.58917	1.87894	0	1.00248
67	g	-31	21	84	0	0	2.06753	2.06753	0	-nan
68	d	-31	1	85	0	0	-17.4042	17.4042	0	-0
69	g	-33	21	67	0.205632	0.528084	2.02239	2.10029	0	0.566707
70	d	-33	1	67	-0.205632	-0.528084	-17.359	17.3714	0.33	0.566809
71	g	-51	21	65	0.629797	-0.222782	-0.481981	0.82376	0	0.668039
72	g	-51	21	65	-0.37944	0.151279	-0.131229	0.429047	0	0.408485
73	g	-52	21	66	0.396037	0.382553	-0.872875	1.03204	0	0.550629
74	g	-31	21	88	0	0	1.74137	1.74137	0	-nan
75	dbar	-31	-1	89	0	0	-0.249531	0.249531	0	-0
76	g	-33	21	74	-0.0599107	-0.228086	1.56164	1.57934	0	0.235823
77	dbar	-33	-1	74	0.0599107	0.228086	-0.0697949	0.411563	0.33	0.394641
78	g	-61	21	58	0.318277	1.10206	8.38427	8.46238	0	1.1471
79	g	-61	21	59	-0.295735	-0.282701	-1.85011	1.8948	0	0.40912
80	g	-62	21	64	-0.342208	0.744378	8.0764	8.11784	0	0.819271
81	g	-62	21	73	0.247752	0.244513	-0.939322	1.00175	0	0.348091
82	g	-62	21	71	0.53403	-0.300195	-0.494578	0.787345	0	0.612621
83	g	-62	21	72	-0.417032	0.130663	-0.108335	0.45025	0	0.437023
84	g	-61	21	58	0.200079	-0.667227	2.00963	2.12693	0	0.696579
85	d	-61	1	59	-0.351365	0.0821737	-17.3657	17.3695	0	0.360846
86	g	-62	21	69	0.405434	-0.137157	2.03904	2.08347	0	0.428006
87	d	-62	1	70	-0.55672	-0.447896	-17.3951	17.4129	0.33	0.714655
88	g	-61	21	58	-0.25367	0.11761	1.53428	1.55955	0	0.279608
89	dbar	-61	-1	59	0.469521	0.248346	0.033118	0.532187	0	0.531155
90	g	-62	21	76	-0.256054	-0.122291	1.23439	1.26659	0	0.283758
91	dbar	-62	-1	77	0.471905	0.488246	0.333006	0.82515	0.33	0.740855
92	u	-63	2	58	0.154023	-0.480571	19.065	19.0746	0.33	0.504726
93	dd_1	-63	1103	58	-0.418709	-0.071872	33.5046	33.5162	0.77133	0.424945
94	ud_0	-63	2101	59	1.36066	0.545974	-19.4228	19.4867	0.57933	1.46676
95	d	-63	1	59	-0.365108	0.168944	-0.276463	0.589218	0.33	0.485607
96	n0	-13	2112	1	0	0	64.9932	65	0.93827	-nan
97	p_diffr+	-15	9902210	96	-0.210092	-0.0467705	64.9808	65.0111	1.97524	0.215335
98	d	-24	1	97	-0.237134	-0.0527906	3.04075	3.0677	0.325	0.244314
99	ud_1	-63	2103	97	0.0270421	0.00602009	61.94	61.9434	0.65	0.0277056
100	n0	-13	2112	1	0	0	64.9932	65	0.93827	-nan
101	p_diffr+	-15	9902210	100	-0.305422	-0.279116	55.4013	74.5462	49.8764	0.556712
102	p+	-13	2212	101	-2.12687e-10	-1.77798e-08	64.9658	64.9726	0.93827	1.75261e-08
103	Pomeron	-13	990	101	-0.305422	-0.279116	-9.56459	9.57353	0	0.413749
104	u	-21	2	108	3.57122e-06	3.26306e-06	2.14589	2.14589	0	4.83748e-06
105	g	-21	21	109	-0.220267	-0.201296	-6.89789	6.90434	0	0.298392
106	u	-23	2	104	0.474723	-0.1836	2.08833	2.17465	0.33	0.514954
107	g	-23	21	104	-0.694987	-0.0176929	-6.84034	6.87558	0	0.695212
108	u	-61	2	102	0.753849	-0.146796	2.0298	2.17024	0	0.768009
109	g	-61	21	103	-1.1225	0.283308	-6.78984	6.88783	0	1.1577
110	u	-62	2	106	1.2045	-0.323645	1.84576	2.25196	0.33	1.26083
111	g	-62	21	107	-1.57315	0.460157	-6.6058	6.80611	0	1.63907
112	uu_1	-63	2203	102	-0.543807	0.450679	26.4136	26.4343	0.77133	0.706585
113	d	-63	1	102	-0.373302	-0.603735	19.5536	19.5693	0.33	0.709925
114	ubar	-63	-2	102	0.160439	0.297274	16.5983	16.605	0.33	0.337872
115	d	-63	1	103	-0.0590401	-0.522001	-1.21306	1.36249	0.33	0.541451
116	ubar	-63	-2	103	0.878936	-0.037845	-1.19109	1.51708	0.33	0.901332
117	n0	-13	2112	1	0	0	64.9932	65	0.93827	-nan
118	p_diffr+	-15	9902210	117	7.25342e-05	-0.427719	49.031	80.7955	64.2159	0.704787
119	p+	-13	2212	118	1.64106e-07	5.20392e-08	64.907	64.9138	0.93827	1.69689e-07
120	Pomeron	-13	990	118	7.23701e-05	-0.427719	-15.8759	15.8817	0	0.427719
121	g	-21	21	125	1.49065e-08	9.16368e-06	6.50901	6.50901	0	9.16369e-06
122	g	-21	21	126	5.09212e-06	-0.0300953	-1.11707	1.11747	0	0.0300953
123	g	-23	21	121	1.03978	-0.66771	6.09477	6.21877	0	1.23571
124	g	-23	21	121	-1.03977	0.637624	-0.70282	1.40771	0	1.21971
125	g	-61	21	119	0.435065	-0.339352	6.37913	6.40295	0	0.551762
126	g	-61	21	120	0.475682	0.939387	-0.88311	1.37426	0	1.05296
127	g	-62	21	123	1.48463	-0.912912	5.86421	6.11772	0	1.74286
128	g	-62	21	124	-0.573886	1.51295	-0.368189	1.65949	0	1.61813
129	u	-63	2	119	-0.315146	0.412308	48.5981	48.602	0.33	0.518968
130	dd_1	-63	1103	119	-0.119919	-0.0734875	9.61208	9.63055	0.57933	0.1409
131	d	-63	1	120	-0.414602	-0.282317	-7.19737	7.22237	0.33	0.502119
132	dbar	-63	-1	120	-0.0610077	-1.08426	-7.47775	7.5634	0.33	1.08701
133	p+	-13	2212	1	0	0	64.9932	65	0.93827	-nan
134	p_diffr+	-15	9902210	133	-0.302527	-0.00913038	64.944	65.0353	3.43231	0.303087
135	g	-24	21	134	-0.242809	-0.00732808	0.400451	0.468371	0	0.242919
136	u	-63	2	134	-0.460904	0.341814	13.087	13.1036	0.325	0.573997
137	ud_0	-63	2101	134	0.401186	-0.343616	51.4565	51.4633	0.65	0.528268
138	n0	-13	2112	1	0	0	64.9932	65	0.93957	-nan
139	p+	-13	2212	2	0	0	-64.9932	65	0.93827	-0
140	g	-21	21	158	0	0	2.83046	2.83046	0	-nan
141	g	-21	21	159	0	0	-20.4092	20.4092	0	-0
142	g	-23	21	140	0.427821	0.931433	-20.3031	20.3289	0	1.02499
143	g	-23	21	140	-0.427821	-0.931433	2.72432	2.91075	0	1.02499
144	u	-31	2	164	0	0	1.16952	1.16952	0	-nan
145	d	-31	1	165	0	0	-8.2462	8.2462	0	-0
146	u	-33	2	144	-0.308091	-0.707606	0.994302	1.30122	0.33	0.797853
147	d	-33	1	144	0.308091	0.707606	-8.07098	8.1145	0.33	0.772408
148	g	-51	21	142	0.203511	1.41113	-16.1886	16.2512	0	1.42573
149	g	-51	21	142	0.218833	-0.491618	-4.0796	4.11494	0	0.538122
150	g	-52	21	143	-0.422344	-0.919509	2.68944	2.87349	0	1.01187
151	g	-51	21	149	0.359894	-0.886691	-3.54239	3.66937	0	0.956946
152	g	-51	21	149	-0.15961	0.35469	-0.419096	0.571771	0	0.388948
153	g	-52	21	150	-0.403795	-0.879125	2.57132	2.74729	0	0.967425
154	g	-31	21	168	0	0	1.67613	1.67613	0	-nan
155	g	-31	21	169	0	0	-15.7998	15.7998	0	-0
156	g	-33	21	154	0.0371184	-0.403621	-15.7726	15.7778	0	0.405324
157	g	-33	21	154	-0.0371184	0.403621	1.64899	1.69807	0	0.405324
158	g	-61	21	138	-0.501942	1.09654	2.6935	2.95115	0	1.20596
159	g	-61	21	139	-2.20409	-0.0769232	-20.5875	20.7053	0	2.20543
160	g	-62	21	148	-1.57319	1.35998	-16.6029	16.7326	0	2.07954
161	g	-62	21	153	-0.875359	0.153603	2.60117	2.7488	0	0.888734
162	g	-62	21	151	-0.0239479	-0.876962	-3.38965	3.50134	0	0.877289
163	g	-62	21	152	-0.233533	0.382991	-0.50259	0.673659	0	0.448575
164	u	-61	2	138	0.0471444	-1.51313	0.748257	1.68869	0	1.51386
165	d	-61	1	139	0.383398	-0.44676	-8.18509	8.20623	0	0.588717
166	u	-62	2	146	-0.239596	-2.22254	0.152137	2.26476	0.33	2.25953
167	d	-62	1	147	0.670139	0.26265	-7.58897	7.63016	0.33	0.720446
168	g	-61	21	138	0.757015	0.0773745	1.59168	1.76423	0	0.760959
169	g	-61	21	139	0.952462	-0.869501	-15.95	16.0021	0	1.28966
170	g	-62	21	156	0.990558	-1.27146	-15.9094	15.9908	0	1.61177
171	g	-62	21	157	0.718919	0.479329	1.55105	1.77549	0	0.864061
172	u	-63	2	138	0.520858	-0.00193807	1.90989	2.00696	0.33	0.528049
173	dd_1	-63	1103	138	0.0649853	1.12336	52.823	52.8406	0.77133	1.12536
174	ubar	-63	-2	138	-0.323769	-0.704699	2.3136	2.46233	0.33	0.782577
175	uu_1	-63	2203	139	0.868229	1.39318	-19.327	19.4119	0.77133	1.64288
176	n0	-13	2112	2	0	0	-64.9932	65	0.93827	-0
177	p_diffr+	-15	9902210	176	-0.564292	-0.0775134	-63.0236	66.9606	22.6146	0.605146
178	g	-24	21	177	-0.557535	-0.0765853	1.90079	1.98235	0	0.562771
179	d	-63	1	177	-0.760824	-0.480812	-51.3485	51.3574	0.325	0.900037
180	ud_1	-63	2103	177	0.754068	0.479883	-13.5759	13.6208	0.65	0.894835
181	p+	-13	2212	1	0	0	64.9932	65	0.93827	-nan
182	n0	-13	2112	2	0	0	-64.9932	65	0.93957	-0
183	g	-21	21	204	0	0	5.47363	5.47363	0	-nan
184	u	-21	2	220	0	0	-0.780205	0.780205	0	-0
185	g	-23	21	183	1.06643	0.599691	-0.163465	1.23435	0	1.22348
186	u	-23	2	183	-1.06643	-0.599691	4.85689	5.01948	0.33	1.22613
187	u	-31	2	191	0	0	27.7061	27.7061	0	-nan
188	g	-31	21	192	0	0	-0.0368157	0.0368157	0	-0
189	u	-33	2	187	-0.781256	0.0396961	22.3799	22.396	0.33	0.782349
190	g	-33	21	187	0.781256	-0.0396961	5.2894	5.34693	0	0.782264
191	u	-42	2	196	2.77556e-16	4.44089e-16	27.7061	27.7061	0	5.23691e-16
192	g	-41	21	197	-2.22045e-16	-3.05311e-16	-0.0593792	0.0593792	0	-3.77517e-16
193	u	-44	2	189	-0.729323	0.131715	15.1738	15.1954	0.33	0.741296
194	g	-44	21	190	0.966849	0.289156	6.53589	6.61334	0	1.00916
195	g	-43	21	192	-0.237526	-0.420871	5.9371	5.95674	0	0.483271
196	u	-42	2	224	9.21485e-15	8.7208e-14	27.7061	27.7061	0	8.76935e-14
197	g	-41	21	225	1.42109e-14	-1.42109e-13	-18.9323	18.9323	0	-1.42817e-13
198	u	-44	2	193	-0.715552	0.26176	14.7394	14.7628	0.33	0.762118
199	g	-44	21	194	1.01606	0.7539	9.54193	9.62545	0	1.26521
200	g	-44	21	195	-0.225048	-0.303042	3.35398	3.37515	0	0.377467
201	g	-43	21	197	-0.0754627	-0.712618	-18.8614	18.875	0	0.716603
202	g	-51	21	185	-0.142206	-0.0347662	-0.268419	0.305745	0	0.146394
203	g	-51	21	185	1.20864	0.634457	0.719315	1.54297	0	1.36504
204	g	-53	21	219	0	4.31408e-32	6.08799	6.08799	0	4.31408e-32
205	g	-51	21	199	0.278667	0.950109	5.90972	5.99209	0	0.990132
206	g	-51	21	199	0.737238	-0.197701	3.59271	3.6729	0	0.763286
207	g	-52	21	201	-0.0753047	-0.711125	-18.8219	18.8355	0	0.715101
208	g	-51	21	206	0.204583	-0.456827	3.14577	3.18534	0	0.500545
209	g	-51	21	206	0.531994	0.252882	0.281691	0.652929	0	0.589039
210	g	-52	21	207	-0.0746435	-0.704882	-18.6567	18.6701	0	0.708823
211	g	-31	21	232	0	0	1.59376	1.59376	0	-nan
212	g	-31	21	233	0	0	-0.702159	0.702159	0	-0
213	g	-33	21	211	-0.280444	-0.429645	1.44971	1.53782	0	0.513072
214	g	-33	21	211	0.280444	0.429645	-0.558101	0.758103	0	0.513072
215	g	-31	21	236	0	0	0.607135	0.607135	0	-nan
216	ubar	-31	-2	237	0	0	-1.35643	1.35643	0	-0
217	g	-33	21	215	-0.314725	0.163341	0.506103	0.617958	0	0.354588
218	ubar	-33	-2	215	0.314725	-0.163341	-1.2554	1.34561	0.33	0.365757
219	g	-61	21	181	-1.31155	0.722563	6.54641	6.71549	0	1.49741
220	u	-61	2	182	-0.911121	1.48614	-0.00945949	1.74323	0	1.74321
221	g	-62	21	202	-0.491392	0.523838	0.0482278	0.71986	0	0.718243
222	u	-62	2	186	-2.24669	0.17784	5.24443	5.71771	0.33	2.25748
223	g	-62	21	203	0.51541	1.50703	1.2443	2.02115	0	1.59273
224	u	-61	2	181	1.30689	0.602696	27.7027	27.7401	0	1.43917
225	g	-61	21	182	1.22442	1.9537	-18.9018	19.0419	0	2.30567
226	u	-62	2	198	-0.0196504	0.583079	14.742	14.7572	0.33	0.583556
227	g	-62	21	205	0.564023	1.08529	5.95012	6.07453	0	1.2231
228	g	-62	21	200	-0.0665002	-0.229433	3.33929	3.34783	0	0.238876
229	g	-62	21	210	1.13143	1.22032	-18.656	18.7301	0	1.66412
230	g	-62	21	208	0.35474	-0.386132	3.12861	3.17224	0	0.524346
231	g	-62	21	209	0.567268	0.283276	0.296848	0.700113	0	0.634065
232	g	-61	21	181	-0.433948	-0.585528	1.60394	1.76176	0	0.728803
233	g	-61	21	182	0.0867087	-1.12865	-0.447131	1.21709	0	1.13198
234	g	-62	21	213	-0.720956	-1.17869	1.65613	2.15681	0	1.3817
235	g	-62	21	214	0.373716	-0.535489	-0.499317	0.822028	0	0.653003
236	g	-61	21	181	0.524529	-0.200793	0.378161	0.677092	0	0.561648
237	ubar	-61	-2	182	-0.0872079	-1.43277	-1.4023	2.00671	0	1.43542
238	g	-62	21	217	0.155077	0.0290536	0.413984	0.44303	0	0.157775
239	ubar	-62	-2	218	0.282244	-1.66262	-1.43813	2.24077	0.33	1.70499
240	ud_0	-63	2101	181	0.151225	-0.690223	21.0576	21.0774	0.57933	0.706863
241	ud_0	-63	2101	182	-0.0320906	-0.310242	-39.1983	39.2039	0.57933	0.311931
242	d	-63	1	182	-0.516198	-0.534608	3.37323	3.46985	0.33	0.74653
243	ubar	-63	-2	182	0.086686	0.405563	2.25772	2.3191	0.33	0.418987
244	u	-63	2	182	0.148807	-0.439135	-2.9689	3.02295	0.33	0.46645
245	n0	-13	2112	2	0	0	-64.9932	65	0.93827	-0
246	p_diffr+	-15	9902210	245	-0.237151	0.151285	-64.985	65.0034	1.52265	0.281374
247	d	-24	1	246	-0.3153	0.201138	-6.30582	6.32199	0.253775	0.374295
248	ud_1	-63	2103	246	0.0781488	-0.0498533	-58.6792	58.6814	0.507549	0.0926997
249	p+	-13	2212	1	0	0	64.9932	65	0.93827	-nan
250	n0	-13	2112	2	0	0	-64.9932	65	0.93957	-0
251	d	-21	1	285	0	0	12.0206	12.0206	0	-nan
252	dbar	-21	-1	286	0	0	-3.01926	3.01926	0	-0
253	d	-23	1	251	-0.998474	0.171438	11.902	11.9496	0.33	1.01347
254	dbar	-23	-1	251	0.998474	-0.171438	-2.90072	3.09021	0.33	1.01891
255	g	-31	21	290	0	0	0.0320248	0.0320248	0	-nan
256	u	-31	2	291	0	0	-23.331	23.331	0	-0
257	g	-33	21	255	0.759687	0.341432	-11.1795	11.2105	0	0.832887
258	u	-33	2	255	-0.759687	-0.341432	-12.1194	12.1525	0.33	0.833194
259	d	-51	1	253	-0.903617	0.166147	11.9103	11.9502	0.33	0.919115
260	g	-51	21	253	-0.0259606	-0.00653871	-0.209342	0.211047	0	0.0267713
261	dbar	-52	-1	254	0.929578	-0.159608	-2.6996	2.8786	0.33	0.94944
262	g	-31	21	294	0	0	16.7301	16.7301	0	-nan
263	g	-31	21	295	0	0	-0.52801	0.52801	0	-0
264	g	-33	21	262	0.271548	-0.717071	16.438	16.4558	0	0.766765
265	g	-33	21	262	-0.271548	0.717071	-0.235911	0.802236	0	0.766765
266	dbar	-31	-1	299	0	0	1.36028	1.36028	0	-nan
267	dbar	-31	-1	300	0	0	-0.474894	0.474894	0	-0
268	dbar	-33	-1	266	-0.292001	-0.587819	0.814897	1.09716	0.33	0.688219
269	dbar	-33	-1	266	0.292001	0.587819	0.0704865	0.738014	0.33	0.733795
270	g	-51	21	264	0.362799	-0.217757	15.1125	15.1185	0	0.423133
271	g	-51	21	264	-0.109089	-0.45221	1.30993	1.39007	0	0.465182
272	g	-52	21	265	-0.25371	0.669967	-0.220414	0.749538	0	0.716397
273	g	-31	21	303	0	0	2.57908	2.57908	0	-nan
274	g	-31	21	304	0	0	-0.988848	0.988848	0	-0
275	g	-33	21	273	-0.1756	0.370752	2.51921	2.5524	0	0.410235
276	g	-33	21	273	0.1756	-0.370752	-0.928982	1.01553	0	0.410235
277	g	-31	21	307	0	0	10.7309	10.7309	0	-nan
278	g	-31	21	308	0	0	-3.12614	3.12614	0	-0
279	g	-33	21	277	0.22738	0.238099	-3.11494	3.13229	0	0.329231
280	g	-33	21	277	-0.22738	-0.238099	10.7197	10.7247	0	0.329231
281	g	-31	21	311	0	0	0.211968	0.211968	0	-nan
282	dbar	-31	-1	312	0	0	-0.352498	0.352498	0	-0
283	g	-33	21	281	0.0151082	0.133221	0.0694389	0.150989	0	0.134075
284	dbar	-33	-1	281	-0.0151082	-0.133221	-0.209969	0.413477	0.33	0.222526
285	d	-61	1	249	-1.34975	-0.792975	12.1084	12.2092	0	1.56545
286	dbar	-61	-1	250	-2.12578	0.170595	-2.72857	3.46311	0	2.13261
287	d	-62	1	259	-2.29141	-0.63281	12.2744	12.5068	0.33	2.37802
288	dbar	-62	-1	261	-1.00903	0.00550115	-2.71263	2.91297	0.33	1.01558
289	g	-62	21	260	-0.17509	0.00492819	-0.181904	0.252527	0	0.175159
290	g	-61	21	249	0.361733	0.481089	-2.71225	2.77824	0	0.601911
291	u	-61	2	250	0.741867	-0.122875	-25.3477	25.3589	0	0.751974
292	g	-62	21	257	1.47875	0.490231	-19.9957	20.0563	0	1.55789
293	u	-62	2	258	-0.375145	-0.132017	-8.06432	8.08086	0.33	0.398029
294	g	-61	21	249	-0.453445	0.706558	16.4364	16.4578	0	0.839545
295	g	-61	21	250	1.11924	0.361085	0.124639	1.18263	0	1.17604
296	g	-62	21	270	-0.0510733	0.433121	15.1741	15.1804	0	0.436122
297	g	-62	21	272	0.774192	1.01254	0.302191	1.30993	0	1.2746
298	g	-62	21	271	-0.0573251	-0.378015	1.08471	1.15012	0	0.382337
299	dbar	-61	-1	249	0.106627	-0.903877	1.26947	1.56203	0	0.910144
300	dbar	-61	-1	250	0.254608	0.249841	-0.293122	0.461699	0	0.356715
301	dbar	-62	-1	268	-0.117122	-0.99682	0.378611	1.12233	0.33	1.0501
302	dbar	-62	-1	269	0.478358	0.342784	0.597742	0.9014	0.33	0.632399
303	g	-61	21	249	0.0596654	0.342488	2.57906	2.60238	0	0.347646
304	g	-61	21	250	-0.262918	0.567269	-0.92248	1.1144	0	0.625236
305	g	-62	21	275	-0.121802	0.732312	2.62547	2.72841	0	0.742372
306	g	-62	21	276	-0.0814509	0.177445	-0.968896	0.988373	0	0.195246
307	g	-61	21	249	0.667013	-0.839401	10.6767	10.7304	0	1.07215
308	g	-61	21	250	-0.201194	0.650767	-3.06485	3.13963	0	0.681158
309	g	-62	21	279	0.0276472	0.886605	-3.03402	3.16103	0	0.887036
310	g	-62	21	280	0.438173	-1.07524	10.6459	10.709	0	1.16109
311	g	-61	21	249	0.0583266	0.342378	0.0866068	0.357946	0	0.347311
312	dbar	-61	-1	250	-0.265365	0.0856182	-0.272846	0.390121	0	0.278835
313	g	-62	21	283	-0.0300231	0.337716	-0.0772497	0.347737	0	0.339048
314	dbar	-62	-1	284	-0.177015	0.0902799	-0.10899	0.400329	0.33	0.350998
315	ud_0	-63	2101	249	-0.09126	-0.0927208	12.4852	12.4993	0.57933	0.130238
316	u	-63	2	249	0.210786	0.204661	0.675011	0.806757	0.33	0.321964
317	dbar	-63	-1	249	0.322875	0.457503	1.29441	1.44844	0.33	0.575086
318	d	-63	1	249	0.10743	0.0942979	4.42833	4.44291	0.33	0.143341
319	dd_1	-63	1103	250	-0.603532	-1.41977	-20.8113	20.8826	0.77133	1.54378
320	d	-63	1	250	-0.0930664	-0.424416	-6.24281	6.26661	0.33	0.435104
321	d	-63	1	250	0.602	-0.0638529	-0.391197	0.792727	0.33	0.66581
322	d	-63	1	250	0.648401	-0.411738	0.643738	1.05511	0.33	0.808653
323	p+	-13	2212	1	0	0	64.9932	65	0.93827	-nan
324	p_diffr+	-15	9902210	323	0.185742	0.357474	64.9724	64.997	1.74286	0.402995
325	d	-24	1	324	0.217766	0.419107	7.08531	7.10697	0.290476	0.472701
326	uu_1	-63	2203	324	-0.0320241	-0.061633	57.8871	57.89	0.580952	0.0694597
327	p+	-13	2212	1	0	0	64.9932	65	0.93827	-nan
328	n0	-13	2112	2	0	0	-64.9932	65	0.93957	-0
329	g	-21	21	333	0	0	4.20079	4.20079	0	-nan
330	g	-21	21	334	0	0	-0.994884	0.994884	0	-0
331	g	-23	21	329	-0.335789	1.91508	0.80025	2.10254	0	1.9443
332	g	-23	21	329	0.335789	-1.91508	2.40566	3.09313	0	1.9443
333	g	-42	21	375	1.4988e-15	-3.33067e-15	4.20079	4.20079	0	3.65236e-15
334	u	-41	2	376	6.66134e-16	-2.66454e-15	-9.04557	9.04557	0	-2.74654e-15
335	g	-44	21	331	-0.684447	2.72913	1.96645	3.43272	0	2.81365
336	g	-44	21	332	0.151734	-1.48534	1.053	1.82704	0	1.49307
337	u	-43	2	334	0.532713	-1.24379	-7.86423	7.98661	0.33	1.35423
338	g	-31	21	346	0	0	6.37887	6.37887	0	-nan
339	g	-31	21	347	0	0	-1.48313	1.48313	0	-0
340	g	-33	21	338	1.29131	0.193772	-1.11131	1.71466	0	1.30577
341	g	-33	21	338	-1.29131	-0.193772	6.00705	6.14734	0	1.30577
342	g	-31	21	388	0	0	1.71137	1.71137	0	-nan
343	g	-31	21	389	0	0	-0.969409	0.969409	0	-0
344	g	-33	21	342	1.09995	-0.549728	-0.0279137	1.22999	0	1.22967
345	g	-33	21	342	-1.09995	0.549728	0.769876	1.45079	0	1.22967
346	g	-41	21	383	-2.22045e-16	0	9.27728	9.27728	0	2.22045e-16
347	g	-42	21	384	-1.11022e-16	2.77556e-17	-1.48313	1.48313	0	-1.14439e-16
348	g	-44	21	340	1.33251	0.181348	-1.05164	1.70717	0	1.3448
349	g	-44	21	341	-0.461359	-0.444059	6.5873	6.61835	0	0.640345
350	g	-43	21	346	-0.871152	0.262712	2.25849	2.43489	0	0.909903
351	g	-51	21	344	0.670245	-0.00551346	1.14218	1.32432	0	0.670267
352	g	-51	21	344	-0.229581	-0.21472	-0.708647	0.775237	0	0.314343
353	g	-52	21	345	-0.440664	0.220233	0.308429	0.581219	0	0.492633
354	g	-51	21	335	-1.10239	2.6917	1.74307	3.39099	0	2.90869
355	g	-51	21	335	0.449293	-0.0359289	-0.238326	0.509857	0	0.450727
356	u	-52	2	337	0.50136	-1.17043	-7.40253	7.51848	0.33	1.27452
357	g	-51	21	336	0.53524	-1.2093	0.769849	1.53021	0	1.32245
358	g	-51	21	336	-0.525958	0.0717818	0.508396	0.735018	0	0.530834
359	g	-52	21	354	-0.959935	2.34387	1.51782	2.9528	0	2.53283
360	u	-51	2	356	0.498385	0.024138	-2.78352	2.84708	0.33	0.502355
361	g	-51	21	356	0.173769	-1.20822	-4.7096	4.86522	0	1.22065
362	g	-52	21	355	0.278499	-0.0222709	-0.147729	0.31604	0	0.279388
363	u	-31	2	393	0	0	4.2614	4.2614	0	-nan
364	g	-31	21	394	0	0	-0.810975	0.810975	0	-0
365	u	-33	2	363	-0.293676	-0.105593	4.21872	4.2431	0.33	0.313031
366	g	-33	21	363	0.293676	0.105593	-0.768303	0.829268	0	0.312082
367	g	-31	21	397	0	0	1.28729	1.28729	0	-nan
368	g	-31	21	398	0	0	-0.837155	0.837155	0	-0
369	g	-33	21	367	-0.0421643	-0.268882	1.25013	1.27941	0	0.272168
370	g	-33	21	367	0.0421643	0.268882	-0.799998	0.845028	0	0.272168
371	g	-31	21	401	0	0	0.104844	0.104844	0	-nan
372	g	-31	21	402	0	0	-35.0009	35.0009	0	-0
373	g	-33	21	371	0.0233771	0.207547	-34.8962	34.8968	0	0.208859
374	g	-33	21	371	-0.0233771	-0.207547	0.000204375	0.208859	0	0.208859
375	g	-61	21	327	0.563161	-0.812137	4.16545	4.28108	0	0.98829
376	u	-61	2	328	1.09089	-0.611335	-9.08554	9.1712	0	1.25051
377	g	-62	21	359	-0.601857	1.88549	1.65045	2.57707	0	1.97922
378	g	-62	21	357	0.750092	-1.46911	0.678449	1.78359	0	1.64952
379	u	-62	2	360	0.845953	-0.175785	-2.79815	2.94705	0.33	0.869492
380	g	-62	21	362	0.320172	-0.056406	-0.152797	0.35922	0	0.325103
381	g	-62	21	358	-0.433787	-0.0517351	0.51084	0.672164	0	0.436861
382	g	-62	21	361	0.773482	-1.55593	-4.80888	5.11317	0	1.73758
383	g	-61	21	327	-0.00431212	0.359753	9.27588	9.28286	0	0.359778
384	g	-61	21	328	-0.389594	0.658015	-1.39785	1.59335	0	0.764701
385	g	-62	21	348	0.969816	0.802731	-1.11014	1.67849	0	1.25894
386	g	-62	21	349	-0.467857	-0.183242	6.55814	6.57736	0	0.502461
387	g	-62	21	350	-0.895865	0.398278	2.43003	2.62036	0	0.980408
388	g	-61	21	327	-0.555111	0.269362	1.44087	1.56742	0	0.617012
389	g	-61	21	328	-0.381794	2.2301	-0.372415	2.29299	0	2.26255
390	g	-62	21	351	0.265584	0.277721	1.03183	1.10106	0	0.38427
391	g	-62	21	353	-0.700089	0.716391	0.481226	1.11127	0	1.00167
392	g	-62	21	352	-0.5024	1.50536	-0.444606	1.64808	0	1.58698
393	u	-61	2	327	0.360813	1.39511	4.33137	4.56479	0	1.44101
394	g	-61	21	328	0.429164	-0.288111	-0.657373	0.836259	0	0.516904
395	u	-62	2	365	0.063018	1.26501	4.25841	4.45502	0.33	1.27007
396	g	-62	21	366	0.72696	-0.15801	-0.584411	0.946031	0	0.743934
397	g	-61	21	327	-0.666859	-0.0743555	0.769925	1.02128	0	0.670992
398	g	-61	21	328	0.595861	-1.56679	-0.195943	1.68768	0	1.67627
399	g	-62	21	369	-0.746238	-0.385529	0.916046	1.24284	0	0.839943
400	g	-62	21	370	0.675239	-1.25562	-0.342063	1.46613	0	1.42567
401	g	-61	21	327	0.395001	-0.445063	-0.744807	0.953333	0	0.595068
402	g	-61	21	328	-0.480138	-0.777252	-35.8923	35.9039	0	0.913594
403	g	-62	21	373	-0.449704	-0.560225	-35.4017	35.409	0	0.718391
404	g	-62	21	374	0.364567	-0.662091	-1.23545	1.44831	0	0.755826
405	ud_1	-63	2103	327	-0.0926931	-0.692668	42.5711	42.5839	0.77133	0.698958
406	dd_1	-63	1103	328	-0.864391	0.355371	-14.2084	14.2599	0.77133	0.935962
407	p+	-13	2212	1	0	0	64.9932	65	0.93827	-nan
408	p+	-13	2212	2	0	0	-64.9932	65	0.93827	-0
409	u	-21	2	425	0	0	6.4224	6.4224	0	-nan
410	g	-21	21	426	0	0	-6.76202	6.76202	0	-0
411	u	-23	2	409	1.09384	-0.263799	6.3213	6.42914	0.33	1.12668
412	g	-23	21	409	-1.09384	0.263799	-6.66092	6.75529	0	1.1252
413	g	-51	21	412	-0.0823862	0.705295	-3.91579	3.97965	0	0.71009
414	g	-51	21	412	-0.995568	-0.445326	-2.65334	2.86874	0	1.09063
415	u	-52	2	411	1.07795	-0.259969	6.22951	6.33603	0.33	1.11037
416	g	-51	21	414	-0.431299	0.0889316	-2.3728	2.41332	0	0.440373
417	g	-51	21	414	-0.513919	-0.5463	0.00997839	0.750104	0	0.750038
418	u	-52	2	415	1.0276	-0.247926	5.93899	6.04135	0.33	1.05867
419	g	-51	21	417	-0.397664	-0.569106	1.51426	1.66584	0	0.694276
420	g	-51	21	417	0.0956831	-0.0248808	-0.294727	0.310867	0	0.0988651
421	u	-52	2	418	0.815667	-0.200239	4.72943	4.81475	0.33	0.841866
422	g	-51	21	416	-0.800478	-0.396083	-1.61954	1.84948	0	0.893111
423	g	-51	21	416	0.319841	0.414408	-0.565384	0.770513	0	0.523481
424	g	-52	21	419	-0.348327	-0.498499	1.32639	1.45916	0	0.608139
425	u	-42	2	443	2.38698e-15	-3.26128e-16	6.4224	6.4224	0	2.40916e-15
426	g	-41	21	444	-2.44249e-15	3.33067e-16	-10.5349	10.5349	0	-2.4651e-15
427	u	-44	2	421	0.818973	-0.200703	4.74029	4.826	0.33	0.845185
428	g	-44	21	413	0.223523	0.662424	-3.93482	3.99644	0	0.699119
429	g	-44	21	422	-0.66607	-0.41492	-1.65402	1.83074	0	0.784734
430	g	-44	21	424	-0.343183	-0.49922	1.30916	1.44253	0	0.605801
431	g	-44	21	420	0.119147	-0.0281691	-0.291851	0.316491	0	0.122432
432	g	-44	21	423	0.371601	0.407154	-0.557763	0.784195	0	0.551236
433	g	-43	21	426	-0.52399	0.0734337	-3.72353	3.76094	0	0.529111
434	g	-31	21	438	0	0	0.0181762	0.0181762	0	-nan
435	g	-31	21	439	0	0	-19.89	19.89	0	-0
436	g	-33	21	434	-0.123069	-0.503572	-14.979	14.988	0	0.518393
437	g	-33	21	434	0.123069	0.503572	-4.89288	4.92026	0	0.518393
438	ubar	-41	-2	452	1.66533e-16	-4.44089e-16	0.309405	0.309405	0	4.74287e-16
439	g	-42	21	453	-8.67362e-17	1.30451e-15	-19.89	19.89	0	-1.30739e-15
440	g	-44	21	436	-0.129763	-0.415982	-9.62893	9.63878	0	0.435752
441	g	-44	21	437	0.102626	0.77105	-10.0375	10.0676	0	0.77785
442	ubar	-43	-2	438	0.0271367	-0.355067	0.0858324	0.493028	0.33	0.479302
443	u	-61	2	407	-0.558593	-1.16211	6.33026	6.46024	0	1.28939
444	g	-61	21	408	1.81406	-1.15403	-10.4952	10.7132	0	2.15003
445	u	-62	2	427	0.405498	-1.07623	4.77052	4.91828	0.33	1.15269
446	g	-62	21	428	0.897601	0.228047	-3.86732	3.97666	0	0.926118
447	g	-62	21	429	-0.365937	-0.623124	-1.74998	1.89331	0	0.72263
448	g	-62	21	430	-0.445449	-0.758987	1.22713	1.51008	0	0.880049
449	g	-62	21	431	0.169742	-0.0644857	-0.276486	0.330779	0	0.181578
450	g	-62	21	432	0.471776	0.315651	-0.493982	0.75248	0	0.567634
451	g	-62	21	433	0.122237	-0.337011	-3.77482	3.79181	0	0.358494
452	ubar	-61	-2	407	-0.224843	0.227455	0.224327	0.390657	0	0.319828
453	g	-61	21	408	-0.863862	0.597733	-20.5336	20.5605	0	1.0505
454	g	-62	21	440	-0.547436	-0.125923	-9.83718	9.85321	0	0.561732
455	g	-62	21	441	-0.355069	1.09147	-10.6093	10.6712	0	1.14777
456	ubar	-62	-2	442	-0.1862	-0.140363	0.137184	0.426722	0.33	0.367792
457	ud_1	-63	2103	407	0.207305	0.866347	55.9855	55.9979	0.77133	0.890889
458	u	-63	2	407	0.576132	0.0683038	2.10287	2.20625	0.33	0.586768
459	ud_0	-63	2101	408	-0.335629	0.14792	-5.11236	5.15813	0.57933	0.369115
460	u	-63	2	408	-0.614571	0.408382	-28.5017	28.5132	0.33	0.737934
461	p+	-13	2212	1	0	0	64.9932	65	0.93827	-nan
462	p+	-13	2212	2	0	0	-64.9932	65	0.93827	-0
463	p_diffr+	-15	9902210	461	0.210751	-0.141895	64.99	65.0027	1.25664	0.254115
464	p+	14	2212	462	-0.210751	0.141895	-64.99	64.9973	0.93827	0.250426
465	u	-24	2	463	0.348945	-0.234939	10.2283	10.2391	0.20944	0.420753
466	ud_1	-63	2103	463	-0.138194	0.0930441	54.7617	54.7636	0.418879	0.166603
467	p+	-13	2212	1	0	0	64.9932	65	0.93827	-nan
468	p+	-13	2212	2	0	0	-64.9932	65	0.93827	-0
469	p+	14	2212	467	0.149644	-0.0187842	41.8927	41.9035	0.93827	0.147478
470	p_diffr+	-15	9902210	468	-0.149644	0.0187842	-41.8927	88.0965	77.4982	0.317151
471	Pomeron	-13	990	470	-0.149644	0.0187842	23.0983	23.0988	0	0.150818
472	p+	-13	2212	470	-1.51795e-09	1.90542e-10	-64.991	64.9977	0.93827	-1.42672e-11
473	g	-21	21	480	-0.132877	0.0166795	20.5102	20.5107	0	0.13392
474	g	-21	21	481	3.97742e-07	-4.9927e-08	-1.17845	1.17845	0	4.00863e-07
475	g	-23	21	473	0.523552	0.276967	-1.09778	1.24737	0	0.592298
476	g	-23	21	473	-0.656429	-0.260287	20.4295	20.4417	0	0.70615
477	g	-51	21	476	-0.270009	0.00412714	19.424	19.4259	0	0.27004
478	g	-51	21	476	-0.366799	-0.254034	0.964358	1.06257	0	0.446178
479	g	-52	21	475	0.503931	0.266587	-1.05663	1.20062	0	0.5701
480	g	-61	21	471	0.386535	1.72135	21.0159	21.0898	0	1.76422
481	g	-61	21	472	0.296761	0.658683	-1.06674	1.28836	0	0.722447
482	g	-62	21	479	0.793032	0.915503	-0.824917	1.46545	0	1.21122
483	g	-62	21	477	0.221578	1.61701	19.8835	19.9503	0	1.63212
484	g	-62	21	478	-0.331314	-0.152481	0.890576	0.962364	0	0.364718
485	u	-63	2	471	-0.336761	-1.51656	0.565096	1.68571	0.33	1.58415
486	ubar	-63	-2	471	-0.198663	-0.1861	0.747043	0.860856	0.33	0.294729
487	u	-63	2	472	0.124838	-0.50955	-15.7607	15.7728	0.33	0.524734
488	ud_0	-63	2101	472	-0.422352	-0.149039	-47.3933	47.399	0.57933	0.447911
489	NucRem	14	1000711839	1	0	0	11893.8	11895	171.849	-nan
490	NucRem	14	1000741849	2	-8.20677e-13	-6.07187e-12	-11958.8	11960	172.786	-1.51054e-05
491	g	-73	21	380	1.04713	-0.214416	-0.737208	1.30525	0.133203	1.07447
492	g	-73	21	381	-1.18003	-0.437264	1.42689	1.915	0.218102	1.26668
493	g	-73	21	382	1.13805	-2.21802	-6.04433	6.56149	0.551704	2.5018
494	g	-73	21	306	-0.0538037	1.06405	-4.00291	4.1494	0.243121	1.06724
495	g	-73	21	289	-0.205113	0.342645	-0.259154	0.600265	0.365623	0.50353
496	g	-73	21	230	0.509817	-0.357079	3.54259	3.61527	0.364451	0.625617
497	g	-73	21	31	0.265326	0.502568	-0.2402	0.636349	0.155791	0.586144
498	g	-73	21	34	-0.557306	-0.739276	-6.68269	6.75186	0.268769	0.926542
499	pi0	-82	111	316	-0.0405039	0.330935	1.07252	1.13122	0.13498	0.335803
500	pi+	82	211	316	0.574165	0.331229	0.896909	1.12397	0.13957	0.668026
501	Delta+	-81	2214	465	0.210752	-0.141896	64.9905	65.0023	1.21284	0.254113
502	d	-72	1	247	-0.3153	0.201138	-6.30586	6.32203	0.253775	0.374295
503	ud_1	-72	2103	248	0.0781474	-0.0498524	-58.6796	58.6818	0.507549	0.092698
504	d	-71	1	167	0.670139	0.26265	-7.58897	7.63016	0.33	0.720446
505	uu_1	-71	2203	175	0.868229	1.39318	-19.327	19.4119	0.77133	1.64288
506	Delta+	-81	2214	504	1.53837	1.65583	-26.9171	27.0409	1.25272	2.2626
507	d	-72	1	98	-0.237135	-0.0527907	3.04081	3.06776	0.325	0.244315
508	ud_1	-72	2103	99	0.0270385	0.00601925	61.9411	61.9446	0.65	0.0277019
509	d	-71	1	56	-0.165965	-0.0400671	-14.7808	14.7837	0.239282	0.170755
510	g	-71	21	55	0.408055	0.126412	-8.08268	8.09396	0	0.427188
511	ud_1	-71	2103	57	0.168664	0.040903	-42.121	42.1241	0.478565	0.173564
512	Delta+	-82	2214	509	0.338023	0.036385	-46.2018	46.2182	1.18328	0.340087
513	pi-	82	-211	509	0.0727311	0.0908635	-18.7827	18.7836	0.13957	0.11639
514	d	-71	1	322	0.648401	-0.411738	0.643738	1.05511	0.33	0.808653
515	dbar	-71	-1	301	-0.117122	-0.99682	0.378611	1.12233	0.33	1.0501
516	rho-	-82	-213	514	0.432771	-1.14464	0.976852	1.85978	1.00351	1.45347
517	pi+	82	211	514	0.098508	-0.263917	0.0454967	0.317657	0.13957	0.313593
518	Delta0	-82	2114	502	-0.235114	0.11128	-57.863	57.88	1.38061	0.260193
519	pi0	-82	111	502	-0.00203825	0.0400059	-7.12246	7.12385	0.13498	0.0400649
520	K0	-82	311	113	0.161905	-0.353305	15.0781	15.0914	0.49761	0.388847
521	K-	82	-321	113	-0.374768	0.0468443	21.0737	21.0829	0.49368	0.377788
522	u	-71	2	226	-0.0196504	0.583079	14.742	14.7572	0.33	0.583556
523	ud_0	-71	2101	240	0.151225	-0.690223	21.0576	21.0774	0.57933	0.706863
524	pi0	-82	111	522	0.219159	0.15875	2.18952	2.21031	0.13498	0.271121
525	p+	82	2212	522	-0.0875842	-0.265895	33.6101	33.6243	0.93827	0.272242
526	u	-71	2	172	0.520858	-0.00193807	1.90989	2.00696	0.33	0.528049
527	ubar	-71	-2	174	-0.323769	-0.704699	2.3136	2.46233	0.33	0.782577
528	pi0	-82	111	526	0.437403	-0.206417	1.38121	1.46966	0.13498	0.485716
529	omega	-82	223	526	-0.240314	-0.50022	2.84229	2.99964	0.781831	0.574819
530	Delta0	-82	2114	325	-0.213703	-0.00888253	40.7802	40.7984	1.19776	0.21398
531	pi+	82	211	325	0.399445	0.366357	24.1922	24.1986	0.13957	0.542018
532	n0	83	2112	507	-0.585122	0.0747703	21.6809	21.7092	0.93957	0.564879
533	pi0	-84	111	507	0.375026	-0.121542	43.3011	43.3031	0.13498	0.394231
534	pi-	83	-211	51	0.0957121	0.227845	-1.8255	1.84743	0.13957	0.24784
535	Delta+	-84	2214	51	0.272511	-0.168484	-63.1517	63.1654	1.27582	0.320454
536	g	-71	21	455	-0.355069	1.09147	-10.6093	10.6712	0	1.14777
537	g	-71	21	451	0.122237	-0.337011	-3.77482	3.79181	0	0.358494
538	g	-71	21	454	-0.547436	-0.125923	-9.83718	9.85321	0	0.561732
539	eta	-83	221	536	0.287668	0.590507	-6.80104	6.85462	0.54785	0.658958
540	eta	-84	221	536	-1.06794	0.0380329	-17.4203	17.4616	0.54785	1.06914
541	d	-71	1	318	0.10743	0.0942979	4.42833	4.44291	0.33	0.143341
542	dbar	-71	-1	314	-0.177015	0.0902799	-0.10899	0.400329	0.33	0.350998
543	pi-	83	-211	541	0.311489	0.0958009	4.40486	4.4191	0.13957	0.326051
544	pi+	84	211	541	-0.381075	0.0887769	-0.0855177	0.424137	0.13957	0.414356
545	u	-71	2	110	1.2045	-0.323645	1.84576	2.25196	0.33	1.26083
546	ubar	-71	-2	116	0.878936	-0.037845	-1.19109	1.51708	0.33	0.901332
547	omega	-83	223	545	1.21379	-0.0932853	0.5505	1.54635	0.778567	1.40898
548	K+	83	321	545	0.237915	-0.304318	0.897157	1.09445	0.49368	0.432815
549	K-	84	-321	545	0.631734	0.0361138	-0.792978	1.12824	0.49368	0.703709
550	K0	-83	311	46	0.0859106	-0.169315	-1.22512	1.33588	0.49761	0.204587
551	Lambda0	84	3122	46	-0.189479	-0.321866	-25.9826	26.0092	1.11568	0.357805
552	pi0	-84	111	46	0.622672	-0.106211	-12.4645	12.4812	0.13498	0.631702
553	u	-71	2	136	-0.460904	0.341814	13.087	13.1036	0.325	0.573997
554	g	-71	21	135	-0.242809	-0.00732808	0.400451	0.468371	0	0.242919
555	ud_0	-71	2101	137	0.401186	-0.343616	51.4565	51.4633	0.65	0.528268
556	K+	83	321	553	0.0497285	0.120826	2.38388	2.43796	0.49368	0.133423
557	K*-	-83	-323	553	-0.593823	-0.147219	29.5845	29.6076	0.994138	0.612145
558	p+	84	2212	553	0.241567	0.0172628	32.9756	32.9898	0.93827	0.23539
559	u	-71	2	458	0.576132	0.0683038	2.10287	2.20625	0.33	0.586768
560	ud_1	-71	2103	457	0.207305	0.866347	55.9855	55.9979	0.77133	0.890889
561	Delta++	-83	2224	559	0.605555	0.103857	8.91347	9.02171	1.25057	0.620386
562	pi-	84	-211	559	0.177881	0.830793	49.1749	49.1824	0.13957	0.849627
563	d	-71	1	95	-0.365108	0.168944	-0.276463	0.589218	0.33	0.485607
564	ud_0	-71	2101	94	1.36066	0.545974	-19.4228	19.4867	0.57933	1.46676
565	n0	83	2112	563	-0.610394	0.0592932	-3.63336	3.80266	0.93957	0.476514
566	pbar-	84	-2212	563	0.965509	0.255171	-9.40418	9.50349	0.93827	1.10264
567	p+	84	2212	563	0.640432	0.400453	-6.66171	6.76973	0.93827	0.65698
568	d	-71	1	321	0.602	-0.0638529	-0.391197	0.792727	0.33	0.66581
569	dd_1	-71	1103	319	-0.603532	-1.41977	-20.8113	20.8826	0.77133	1.54378
570	K*0	-83	313	568	0.550506	-0.0864621	-1.56575	1.87749	0.873412	0.629521
571	Sigma*0	-83	3214	568	-0.0657103	-0.74017	-9.88861	10.0146	1.39801	0.750429
572	pi-	84	-211	568	-0.486328	-0.656988	-9.7481	9.78331	0.13957	0.817487
573	u	-71	2	293	-0.375145	-0.132017	-8.06432	8.08086	0.33	0.398029
574	dbar	-71	-1	302	0.478358	0.342784	0.597742	0.9014	0.33	0.632399
575	p+	83	2212	573	-0.415719	0.0993142	-5.99736	6.08534	0.93827	0.365891
576	pi0	-84	111	573	0.236481	-0.535253	-0.371537	0.706171	0.13498	0.596157
577	Deltabar0	-84	-2114	573	0.549856	0.43353	-0.97491	1.80313	1.34557	1.05187
578	pi0	-84	111	573	-0.267406	0.213175	-0.122762	0.387608	0.13498	0.364814
579	u	-71	2	244	0.148807	-0.439135	-2.9689	3.02295	0.33	0.46645
580	ubar	-71	-2	243	0.086686	0.405563	2.25772	2.3191	0.33	0.418987
581	K+	83	321	579	-0.402553	0.0795852	-1.28493	1.43636	0.49368	0.436965
582	Kbar0	-83	-311	579	0.750189	-0.812022	-0.660762	1.38072	0.49761	1.18516
583	pi-	84	-211	579	-0.0855203	0.360957	0.941483	1.02151	0.13957	0.374462
584	pi0	-84	111	579	0.0210358	0.263343	0.209783	0.363346	0.13498	0.284545
585	K+	84	321	579	-0.0276522	-0.237646	-0.00750665	0.54865	0.49368	0.54838
586	K-	84	-321	579	-0.0200065	0.31221	0.0907546	0.591465	0.49368	0.568047
587	u	-71	2	460	-0.614571	0.408382	-28.5017	28.5132	0.33	0.737934
588	ubar	-71	-2	456	-0.1862	-0.140363	0.137184	0.426722	0.33	0.367792
589	rho+	-83	213	587	-0.162328	0.112784	-27.0085	27.0241	0.898707	0.197772
590	pi-	83	-211	587	-0.326193	0.259067	-0.0259465	0.44008	0.13957	0.439229
591	eta	-84	221	587	-0.312249	-0.103832	-1.33014	1.4757	0.54785	0.354387
592	d	-71	1	87	-0.55672	-0.447896	-17.3951	17.4129	0.33	0.714655
593	dbar	-71	-1	91	0.471905	0.488246	0.333006	0.82515	0.33	0.740855
594	pi0	-83	111	592	-0.461118	-0.495398	-4.93628	4.98429	0.13498	0.677041
595	pi-	83	-211	592	-0.237858	0.264317	-10.6592	10.6661	0.13957	0.355615
596	p+	83	2212	592	0.64609	-0.0215318	-0.896922	1.45007	0.93827	0.299253
597	nbar0	84	-2112	592	-0.0319289	0.292962	-0.569656	1.13761	0.93957	0.954423
598	u	-71	2	222	-2.24669	0.17784	5.24443	5.71771	0.33	2.25748
599	ubar	-71	-2	239	0.282244	-1.66262	-1.43813	2.24077	0.33	1.70499
600	omega	-83	223	598	-2.10455	0.0968223	3.84834	4.45588	0.778866	2.13972
601	pi+	83	211	598	0.184979	-0.100443	1.36764	1.39077	0.13957	0.211558
602	pi0	-84	111	598	-0.0523198	-1.16307	-0.830614	1.43653	0.13498	1.16942
603	pi-	84	-211	598	0.00745223	-0.318084	-0.579067	0.675301	0.13957	0.325193
604	u	-71	2	487	0.124838	-0.50955	-15.7607	15.7728	0.33	0.524734
605	ubar	-71	-2	486	-0.198663	-0.1861	0.747043	0.860856	0.33	0.294729
606	pi+	83	211	604	0.183729	-0.0135611	-1.22177	1.24344	0.13957	0.185401
607	eta	-83	221	604	-0.341235	-0.466446	-5.49247	5.5499	0.54785	0.580775
608	Delta+	-83	2214	604	0.315548	-0.13859	-7.75164	7.84948	1.18648	0.348647
609	pi-	84	-211	604	-0.0251117	0.310664	0.248122	0.422122	0.13957	0.330251
610	Deltabar-	-84	-2214	604	-0.206756	-0.387717	-0.795852	1.56874	1.27848	0.758233
611	u	-71	2	395	0.063018	1.26501	4.25841	4.45502	0.33	1.27007
612	dd_1	-71	1103	406	-0.864391	0.355371	-14.2084	14.2599	0.77133	0.935962
613	pi+	83	211	611	0.130033	-0.0320469	0.771749	0.79562	0.13957	0.136033
614	pi-	83	-211	611	-0.44938	0.349101	0.259712	0.640894	0.13957	0.58304
615	pi0	-83	111	611	0.189314	0.109653	0.196301	0.323446	0.13498	0.240743
616	rho0	-83	113	611	0.0370676	0.285176	1.68875	1.9065	0.836772	0.320049
617	pi0	-83	111	611	-0.0177463	-0.10667	0.0235479	0.174549	0.13498	0.170552
618	omega	-83	223	611	-0.023593	0.409733	0.120205	0.901129	0.793188	0.864799
619	pi+	83	211	611	0.249492	0.243894	-0.393341	0.543992	0.13957	0.360983
620	pi0	-83	111	611	-0.210333	0.135017	0.204477	0.35	0.13498	0.270895
621	pi-	83	-211	611	0.039794	-0.277366	-0.221049	0.383221	0.13957	0.30087
622	p+	84	2212	611	-0.60788	0.64724	-11.2125	11.2867	0.93827	0.816953
623	pi-	84	-211	611	-0.138141	-0.143353	-1.38778	1.40892	0.13957	0.200065
624	u	-71	2	445	0.405498	-1.07623	4.77052	4.91828	0.33	1.15269
625	g	-71	21	449	0.169742	-0.0644857	-0.276486	0.330779	0	0.181578
626	g	-71	21	448	-0.445449	-0.758987	1.22713	1.51008	0	0.880049
627	g	-71	21	450	0.471776	0.315651	-0.493982	0.75248	0	0.567634
628	g	-71	21	447	-0.365937	-0.623124	-1.74998	1.89331	0	0.72263
629	g	-71	21	446	0.897601	0.228047	-3.86732	3.97666	0	0.926118
630	ud_0	-71	2101	459	-0.335629	0.14792	-5.11236	5.15813	0.57933	0.369115
631	eta	-83	221	624	0.276473	-0.912252	3.87115	4.02425	0.54785	0.962185
632	p+	83	2212	624	-0.120608	0.0364557	1.14564	1.48618	0.93827	0.0598975
633	nbar0	84	-2112	624	0.248151	-0.429176	0.250109	1.09138	0.93957	1.81326
634	pi-	84	-211	624	-0.628976	-1.09601	-0.978156	1.6041	0.13957	1.26848
635	pi0	-84	111	624	0.990816	0.56183	-1.88271	2.20458	0.13498	1.14116
636	rho+	-84	213	624	-0.100558	-0.37245	-1.49064	1.63049	0.536325	0.40852
637	n0	84	2112	624	0.132304	0.380397	-6.41785	6.49876	0.93957	0.348179
638	d	-71	1	320	-0.0930664	-0.424416	-6.24281	6.26661	0.33	0.435104
639	ud_0	-71	2101	315	-0.09126	-0.0927208	12.4852	12.4993	0.57933	0.130238
640	pi-	83	-211	638	-0.218246	-0.674534	-3.39111	3.46723	0.13957	0.709538
641	pi+	83	211	638	0.0950362	0.862175	-0.606134	1.06736	0.13957	0.874909
642	omega	-83	223	638	0.553241	-0.634477	-0.8027	1.40935	0.7958	1.01997
643	pi0	-83	111	638	-0.497828	-0.430962	-0.431611	0.798792	0.13498	0.66806
644	pi-	84	-211	638	-0.0971403	0.331864	0.0464272	0.375773	0.13957	0.372431
645	Delta+	-84	2214	638	0.313886	0.29102	5.36529	5.56887	1.42927	0.442873
646	pi0	-84	111	638	-0.333275	-0.262222	6.06221	6.07853	0.13498	0.424172
647	d	-71	1	131	-0.414602	-0.282317	-7.19737	7.22237	0.33	0.502119
648	g	-71	21	127	1.48463	-0.912912	5.86421	6.11772	0	1.74286
649	dd_1	-71	1103	130	-0.119919	-0.0734875	9.61208	9.63055	0.57933	0.1409
650	pi-	83	-211	647	0.072317	-0.0286911	-0.000413049	0.15979	0.13957	0.159788
651	pi0	-83	111	647	-0.452561	-0.512258	-1.75935	1.89229	0.13498	0.685281
652	rho+	-83	213	647	0.0298218	0.59412	-4.06952	4.18915	0.796333	0.605917
653	pi-	83	-211	647	-0.0842054	-0.185248	-0.257435	0.356595	0.13957	0.221129
654	rho0	-83	113	647	1.04154	-0.365819	0.785654	1.65099	0.943337	1.34511
655	K+	83	321	647	-0.692791	-0.145387	0.90769	1.25248	0.49368	0.770239
656	K*-	-83	-323	647	0.315168	-0.430261	2.55275	2.78152	0.967384	0.568855
657	Delta0	-83	2114	647	0.769669	-0.0466211	1.75137	2.30026	1.27647	0.926887
658	eta	-84	221	647	-0.0488493	-0.148553	8.36818	8.38755	0.54785	0.156713
659	u	-71	2	92	0.154023	-0.480571	19.065	19.0746	0.33	0.504726
660	g	-71	21	80	-0.342208	0.744378	8.0764	8.11784	0	0.819271
661	g	-71	21	90	-0.256054	-0.122291	1.23439	1.26659	0	0.283758
662	g	-71	21	86	0.405434	-0.137157	2.03904	2.08347	0	0.428006
663	g	-71	21	82	0.53403	-0.300195	-0.494578	0.787345	0	0.612621
664	g	-71	21	83	-0.417032	0.130663	-0.108335	0.45025	0	0.437023
665	g	-71	21	81	0.247752	0.244513	-0.939322	1.00175	0	0.348091
666	dd_1	-71	1103	93	-0.418709	-0.071872	33.5046	33.5162	0.77133	0.424945
667	pi0	-83	111	659	-0.205915	-0.152989	4.6414	4.65044	0.13498	0.256636
668	pi+	83	211	659	0.0303397	-0.100068	3.15322	3.15804	0.13957	0.104668
669	pi-	83	-211	659	0.195445	0.346497	5.19664	5.21371	0.13957	0.39796
670	pi0	-83	111	659	0.134353	-0.420797	2.91205	2.94846	0.13498	0.442189
671	pi+	83	211	659	-0.113163	0.295774	5.62298	5.63362	0.13957	0.31678
672	rho-	-83	-213	659	0.383794	-0.00972517	4.16284	4.25433	0.789116	0.390697
673	pi+	83	211	659	-0.361165	0.0515028	1.71661	1.76049	0.13957	0.365971
674	rho0	-83	113	659	-0.136138	0.10708	1.92013	2.09185	0.811766	0.187932
675	omega	-84	223	659	-0.434103	-0.0561231	0.607492	1.07901	0.77693	0.630775
676	pi-	84	-211	659	0.577936	-0.188612	-0.417809	0.750752	0.13957	0.61872
677	rho0	-84	113	659	0.236623	0.0627148	0.0143364	0.767921	0.727717	0.766607
678	pi+	84	211	659	0.044228	-0.0053414	-0.0392165	0.151665	0.13957	0.113841
679	omega	-84	223	659	-0.0889921	0.223109	0.146556	0.831402	0.782338	0.709728
680	K0	-84	311	659	0.0574478	0.121454	0.790172	0.943419	0.49761	0.158143
681	K-	84	-321	659	-0.0788512	0.083071	1.59569	1.67423	0.49368	0.119865
682	Delta0	-84	2114	659	-0.334602	-0.350079	30.3541	30.3886	1.36417	0.484755
683	d	-71	1	179	-0.760824	-0.480812	-51.3485	51.3574	0.325	0.900037
684	g	-71	21	178	-0.557535	-0.0765853	1.90079	1.98235	0	0.562771
685	ud_1	-71	2103	180	0.754068	0.479883	-13.5759	13.6208	0.65	0.894835
686	omega	-83	223	683	-0.588082	0.0818732	-23.783	23.8035	0.788675	0.59408
687	pi0	-83	111	683	0.0172244	0.00727349	-7.73859	7.73979	0.13498	0.0187
688	K0	-83	311	683	0.0473737	-0.857023	-15.4123	15.4442	0.49761	0.858778
689	Kbar0	-83	-311	683	-0.316976	0.267685	-0.724902	0.972228	0.49761	0.482935
690	rho-	-83	-213	683	0.0569757	-0.377646	-1.29436	1.56014	0.782804	0.44152
691	pi+	83	211	683	-0.378121	0.0409042	-0.585132	0.711693	0.13957	0.387858
692	pi0	-83	111	683	0.423504	0.427752	-0.857046	1.05597	0.13498	0.606915
693	omega	-83	223	683	-1.0568	-0.418028	-0.340564	1.42587	0.790926	1.36586
694	pi-	84	-211	683	0.534849	0.471992	0.0194346	0.727116	0.13957	0.726846
695	p+	84	2212	683	-0.130731	-0.0977802	-0.361782	1.01877	0.93827	0.0331096
696	nbar0	84	-2112	683	0.148374	-0.281005	-1.48652	1.78704	0.93957	0.569986
697	pi-	84	-211	683	-0.00780478	0.224105	-0.86481	0.904246	0.13957	0.226961
698	pi+	84	211	683	0.305856	0.336978	-5.39622	5.41718	0.13957	0.455236
699	Delta0	-84	2114	683	0.380063	0.0954057	-4.19775	4.3928	1.23372	0.408287
700	d	-71	1	115	-0.0590401	-0.522001	-1.21306	1.36249	0.33	0.541451
701	g	-71	21	111	-1.57315	0.460157	-6.6058	6.80611	0	1.63907
702	uu_1	-71	2203	112	-0.543807	0.450679	26.4136	26.4343	0.77133	0.706585
703	pi0	-83	111	700	-0.300385	-0.599233	-1.64422	1.78073	0.13498	0.672241
704	omega	-84	223	700	-0.237874	0.224597	-3.33811	3.44471	0.784846	0.335988
705	rho-	-84	-213	700	-0.422459	0.051057	-1.41645	1.72639	0.890525	0.496717
706	rho+	-84	213	700	-0.826219	0.0680874	-0.186365	1.09301	0.687499	1.06639
707	rho0	-84	113	700	0.412289	0.271895	-0.0947315	0.882213	0.724857	0.866418
708	pi-	84	-211	700	-0.233989	0.201536	0.2055	0.39633	0.13957	0.329953
709	eta	-84	221	700	-0.339549	-0.29478	3.41516	3.48792	0.54785	0.455305
710	Delta++	-84	2224	700	-0.0690222	-0.167134	9.51177	9.60666	1.33467	0.182597
711	omega	-84	223	700	-0.158786	0.63281	12.1422	12.1849	0.783616	0.653781
712	u	-71	2	129	-0.315146	0.412308	48.5981	48.602	0.33	0.518968
713	g	-71	21	128	-0.573886	1.51295	-0.368189	1.65949	0	1.61813
714	dbar	-71	-1	132	-0.0610077	-1.08426	-7.47775	7.5634	0.33	1.08701
715	pi+	83	211	712	-0.00714492	-0.241407	6.84189	6.84757	0.13957	0.241563
716	omega	-83	223	712	-0.479247	0.641997	23.3803	23.4072	0.786098	0.8016
717	rho-	-83	-213	712	0.265959	0.113983	12.3369	12.3632	0.752451	0.289892
718	pi+	83	211	712	-0.015139	-0.168182	0.892426	0.918922	0.13957	0.170844
719	Sigma*0	-83	3214	712	-0.382594	0.356897	1.09659	1.8399	1.38166	0.792305
720	pi-	83	-211	712	0.404862	0.210191	2.40711	2.45393	0.13957	0.456912
721	Sigma*bar0	-84	-3214	712	-0.779426	0.364304	0.832494	1.84311	1.40135	1.32455
722	pi+	84	211	712	0.62091	-0.358734	-0.965662	1.21087	0.13957	0.721903
723	rho-	-84	-213	712	-0.796727	0.278859	-1.62777	2.20231	1.21984	1.01385
724	pi+	84	211	712	0.553035	-0.256588	-2.90269	2.9693	0.13957	0.610334
725	omega	-84	223	712	-0.334527	-0.100321	-1.5395	1.76847	0.797148	0.391247
726	u	-71	2	485	-0.336761	-1.51656	0.565096	1.68571	0.33	1.58415
727	g	-71	21	483	0.221578	1.61701	19.8835	19.9503	0	1.63212
728	g	-71	21	484	-0.331314	-0.152481	0.890576	0.962364	0	0.364718
729	g	-71	21	482	0.793032	0.915503	-0.824917	1.46545	0	1.21122
730	ud_0	-71	2101	488	-0.422352	-0.149039	-47.3933	47.399	0.57933	0.447911
731	pi0	-83	111	726	0.492723	-0.576683	0.418951	0.876971	0.13498	0.767659
732	omega	-83	223	726	-0.842657	-0.512322	1.8189	2.21589	0.793238	1.05617
733	pi+	83	211	726	-0.381545	0.136235	0.509841	0.665998	0.13957	0.414338
734	n0	83	2112	726	0.359814	0.185579	7.77598	7.84299	0.93957	0.358937
735	pi-	83	-211	726	0.0204134	0.00810217	0.303939	0.335173	0.13957	0.0241565
736	Deltabar0	-83	-2114	726	-0.103446	0.356079	3.21087	3.52778	1.41353	0.404709
737	p+	83	2212	726	0.324804	0.198217	5.49874	5.59118	0.93827	0.321211
738	pbar-	84	-2212	726	0.000705352	0.588469	1.50623	1.86959	0.93827	1.02179
739	pi0	-84	111	726	0.00618075	-0.0765992	-0.0748611	0.172422	0.13498	0.123507
740	rho+	-84	213	726	0.201362	0.724164	-2.14513	2.40091	0.77319	0.793935
741	n0	84	2112	726	0.0989192	-0.290947	-2.67427	2.85113	0.93957	0.218223
742	pi-	84	-211	726	-0.14801	0.192855	-9.99384	9.99777	0.13957	0.243129
743	Deltabar0	-84	-2114	726	-0.112112	-0.224092	-19.7751	19.8224	1.34671	0.251152
744	p+	84	2212	726	0.00703079	0.00537604	-13.2594	13.2926	0.93827	0.0082465
745	d	-71	1	287	-2.29141	-0.63281	12.2744	12.5068	0.33	2.37802
746	g	-71	21	310	0.438173	-1.07524	10.6459	10.709	0	1.16109
747	g	-71	21	296	-0.0510733	0.433121	15.1741	15.1804	0	0.436122
748	g	-71	21	305	-0.121802	0.732312	2.62547	2.72841	0	0.742372
749	g	-71	21	298	-0.0573251	-0.378015	1.08471	1.15012	0	0.382337
750	g	-71	21	297	0.774192	1.01254	0.302191	1.30993	0	1.2746
751	g	-71	21	495	-0.205113	0.342645	-0.259154	0.600265	0.365623	0.50353
752	g	-71	21	292	1.47875	0.490231	-19.9957	20.0563	0	1.55789
753	g	-71	21	494	-0.0538037	1.06405	-4.00291	4.1494	0.243121	1.06724
754	dbar	-71	-1	288	-1.00903	0.00550115	-2.71263	2.91297	0.33	1.01558
755	p+	83	2212	745	-0.752677	-1.10297	9.7806	9.91582	0.93827	1.21441
756	omega	-83	223	745	-0.379107	0.501072	8.09016	8.15216	0.782548	0.631243
757	Deltabar-	-83	-2214	745	-0.977516	0.0548171	9.96865	10.0875	1.19402	0.985984
758	pi-	83	-211	745	-0.347957	-0.101715	6.32259	6.33452	0.13957	0.362607
759	omega	-84	223	745	0.594361	-1.05116	5.38752	5.57653	0.783649	1.21966
760	eta	-84	221	745	0.348126	0.732833	1.45804	1.75621	0.54785	0.853929
761	K*+	-84	323	745	-0.108398	0.594161	0.659844	1.26227	0.890585	0.852262
762	phi	-84	333	745	0.0543638	0.640663	-0.541466	1.32441	1.02346	1.01304
763	K*bar0	-84	-313	745	0.48343	0.112387	-1.18356	1.55727	0.882015	0.602229
764	eta	-84	221	745	-0.104324	0.080911	-3.08995	3.14092	0.54785	0.134079
765	pi0	-84	111	745	-0.176284	0.179265	-3.27696	3.28936	0.13498	0.251632
766	pi-	84	-211	745	1.05949	0.524158	-4.36222	4.52169	0.13957	1.18262
767	eta'	-84	331	745	-0.264977	0.322378	-4.41358	4.53557	0.957879	0.426931
768	rho0	-84	113	745	-0.0894707	0.2999	-8.23421	8.33403	1.24736	0.316527
769	pi+	84	211	745	-0.437507	0.207636	-1.42905	1.51532	0.13957	0.486346
770	d	-71	1	242	-0.516198	-0.534608	3.37323	3.46985	0.33	0.74653
771	g	-71	21	234	-0.720956	-1.17869	1.65613	2.15681	0	1.3817
772	g	-71	21	228	-0.0665002	-0.229433	3.33929	3.34783	0	0.238876
773	g	-71	21	496	0.509817	-0.357079	3.54259	3.61527	0.364451	0.625617
774	g	-71	21	227	0.564023	1.08529	5.95012	6.07453	0	1.2231
775	g	-71	21	223	0.51541	1.50703	1.2443	2.02115	0	1.59273
776	g	-71	21	231	0.567268	0.283276	0.296848	0.700113	0	0.634065
777	g	-71	21	235	0.373716	-0.535489	-0.499317	0.822028	0	0.653003
778	g	-71	21	229	1.13143	1.22032	-18.656	18.7301	0	1.66412
779	g	-71	21	221	-0.491392	0.523838	0.0482278	0.71986	0	0.718243
780	ud_0	-71	2101	241	-0.0320906	-0.310242	-39.1983	39.2039	0.57933	0.311931
781	rho-	-83	-213	770	-0.503728	-0.70858	2.15581	2.436	0.728525	0.911082
782	rho+	-83	213	770	0.340656	-0.863981	3.22545	3.44062	0.756208	0.951993
783	eta	-83	221	770	-0.413225	0.0366272	4.62348	4.67427	0.54785	0.417724
784	rho0	-83	113	770	0.266975	0.161132	2.98458	3.19675	1.10194	0.332192
785	rho-	-83	-213	770	-0.213669	0.114988	2.45985	2.57977	0.738555	0.253245
786	K+	83	321	770	0.972367	0.692325	3.06193	3.32324	0.49368	1.20705
787	Kbar0	-84	-311	770	-0.247932	-0.134736	-0.168881	0.596457	0.49761	0.511798
788	omega	-84	223	770	0.607843	1.11015	0.710625	1.64904	0.782593	1.4379
789	rho-	-84	-213	770	0.606181	0.302937	-8.76251	8.81054	0.620381	0.679349
790	pi+	84	211	770	0.0511403	0.107276	-0.230246	0.294307	0.13957	0.134987
791	pi-	84	-211	770	0.32212	0.372639	-1.23608	1.33791	0.13957	0.495268
792	rho+	-84	213	770	0.213545	-0.0131475	-4.51637	4.65842	1.12137	0.220431
793	K0	-84	311	770	-0.0846917	0.202893	-0.75835	0.9333	0.49761	0.259879
794	K*-	-84	-323	770	0.10819	-0.163442	-2.05697	2.24617	0.880759	0.21307
795	pi+	84	211	770	-0.217978	0.785878	-2.5634	2.69363	0.13957	0.816645
796	pi-	84	-211	770	-0.133002	-0.30456	-6.06366	6.07437	0.13957	0.332422
797	omega	-84	223	770	0.599062	-0.38976	-6.49258	6.5784	0.78168	0.719794
798	omega	-84	223	770	-0.201411	0.0419805	-10.8258	10.8555	0.775555	0.206266
799	p+	84	2212	770	-0.237917	0.123595	-14.4498	14.4827	0.93827	0.251263
800	u	-71	2	48	0.36488	-0.0392023	-0.0523706	0.496303	0.33	0.491325
801	g	-71	21	32	-0.350762	0.799137	-2.30704	2.46659	0	0.872728
802	g	-71	21	33	0.308032	0.726676	-12.7971	12.8214	0	0.789266
803	g	-71	21	498	-0.557306	-0.739276	-6.68269	6.75186	0.268769	0.926542
804	g	-71	21	35	0.865884	-0.976108	-2.08521	2.45981	0	1.30481
805	g	-71	21	497	0.265326	0.502568	-0.2402	0.636349	0.155791	0.586144
806	g	-71	21	40	0.224032	0.342308	0.708422	0.818063	0	0.409102
807	g	-71	21	38	-1.91558	0.676787	4.12199	4.59546	0	2.03162
808	g	-71	21	44	0.562113	-0.325158	1.79644	1.91021	0	0.649383
809	ud_1	-71	2103	45	-1.0647	-0.556948	57.1852	57.203	0.77133	1.20168
810	pi0	-83	111	800	0.433227	-0.21209	-0.489015	0.700017	0.13498	0.491582
811	pi0	-83	111	800	-0.29037	0.581364	-0.720466	0.979586	0.13498	0.656104
812	pi0	-83	111	800	0.538237	0.292904	-8.0317	8.05617	0.13498	0.61286
813	pi+	83	211	800	-0.450869	0.156843	-1.05402	1.16547	0.13957	0.480831
814	rho0	-83	113	800	-0.631555	-0.138029	-5.12614	5.21902	0.73686	0.653004
815	omega	-83	223	800	0.87026	0.0590532	-3.9025	4.07328	0.775442	0.888511
816	rho0	-83	113	800	0.0258412	-0.382325	-4.07994	4.17807	0.814598	0.390695
817	rho0	-83	113	800	-0.0114287	-0.19839	-0.124436	0.962563	0.93357	0.815815
818	omega	-83	223	800	0.0657075	0.491263	0.218325	0.95395	0.785302	0.873006
819	pi0	-84	111	800	-0.400224	-0.3639	0.883538	1.04473	0.13498	0.5455
820	rho-	-84	-213	800	0.137961	-0.0463746	1.1705	1.41491	0.781491	0.174594
821	pi+	84	211	800	0.0429277	-0.24867	0.807498	0.857446	0.13957	0.255759
822	pi-	84	-211	800	-0.224461	0.730974	1.91254	2.06446	0.13957	0.766414
823	eta	-84	221	800	-0.254334	0.164584	2.72412	2.79513	0.54785	0.308933
824	eta	-84	221	800	0.205399	0.0125143	4.87536	4.91036	0.54785	0.207073
825	pi+	84	211	800	-0.662396	0.22833	4.33759	4.39603	0.13957	0.700998
826	eta	-84	221	800	-0.374627	-0.257531	5.55319	5.59864	0.54785	0.456799
827	rho0	-84	113	800	0.137341	-0.321854	9.26048	9.32633	1.04956	0.35217
828	p+	84	2212	800	-0.533722	-0.137636	30.2517	30.2712	0.93827	0.534356
829	pi-	84	-211	800	0.0790052	-0.000246101	1.18081	1.19165	0.13957	0.0795531
830	u	-71	2	166	-0.239596	-2.22254	0.152137	2.26476	0.33	2.25953
831	g	-71	21	160	-1.57319	1.35998	-16.6029	16.7326	0	2.07954
832	g	-71	21	170	0.990558	-1.27146	-15.9094	15.9908	0	1.61177
833	g	-71	21	162	-0.0239479	-0.876962	-3.38965	3.50134	0	0.877289
834	g	-71	21	163	-0.233533	0.382991	-0.50259	0.673659	0	0.448575
835	g	-71	21	171	0.718919	0.479329	1.55105	1.77549	0	0.864061
836	g	-71	21	161	-0.875359	0.153603	2.60117	2.7488	0	0.888734
837	dd_1	-71	1103	173	0.0649853	1.12336	52.823	52.8406	0.77133	1.12536
838	Sigma0	-83	3212	830	-0.192837	-1.22343	-0.199721	1.73097	1.19264	1.70889
839	Sigmabar0	-83	-3212	830	-0.350374	-0.563532	-1.10713	1.7574	1.19264	0.903469
840	p+	83	2212	830	-0.39215	-0.000899795	-3.06796	3.23211	0.93827	0.290835
841	omega	-83	223	830	-0.085918	0.283849	-3.78883	3.88213	0.792349	0.302944
842	pbar-	83	-2212	830	-0.166363	-0.0417684	-5.89992	5.97653	0.93827	0.200947
843	K+	83	321	830	-0.433555	-0.400961	-3.97856	4.05233	0.49368	0.594973
844	K*-	-83	-323	830	1.29184	-0.136943	-10.753	10.869	0.906515	1.30362
845	pi+	84	211	830	-0.79768	0.213321	-4.01666	4.10303	0.13957	0.826189
846	rho0	-84	113	830	0.483804	-0.247433	-1.23209	1.56207	0.79166	0.630356
847	pi-	84	-211	830	-0.677991	-0.653377	-0.721432	1.19437	0.13957	0.948076
848	pi0	-84	111	830	0.288922	-0.107925	-0.547185	0.64246	0.13498	0.315462
849	eta	-84	221	830	0.787232	0.566066	0.766376	1.3519	0.54785	1.06061
850	rho+	-84	213	830	-0.80558	-0.000832191	0.655402	1.25206	0.699395	0.971232
851	rho0	-84	113	830	-0.107571	0.110378	7.03362	7.07506	0.748951	0.154996
852	rho-	-84	-213	830	0.30556	0.529921	2.43881	2.61015	0.700651	0.635011
853	pi+	84	211	830	-0.0368547	0.221658	1.27407	1.30124	0.13957	0.226005
854	Delta-	-84	1114	830	0.136067	0.100067	25.9656	25.997	1.26601	0.169102
855	eta'	-84	331	830	-0.417715	0.480158	17.9014	17.9383	0.957446	0.637334
856	u	-71	2	379	0.845953	-0.175785	-2.79815	2.94705	0.33	0.869492
857	g	-71	21	403	-0.449704	-0.560225	-35.4017	35.409	0	0.718391
858	g	-71	21	493	1.13805	-2.21802	-6.04433	6.56149	0.551704	2.5018
859	g	-71	21	491	1.04713	-0.214416	-0.737208	1.30525	0.133203	1.07447
860	g	-71	21	385	0.969816	0.802731	-1.11014	1.67849	0	1.25894
861	g	-71	21	392	-0.5024	1.50536	-0.444606	1.64808	0	1.58698
862	g	-71	21	391	-0.700089	0.716391	0.481226	1.11127	0	1.00167
863	g	-71	21	377	-0.601857	1.88549	1.65045	2.57707	0	1.97922
864	g	-71	21	387	-0.895865	0.398278	2.43003	2.62036	0	0.980408
865	g	-71	21	492	-1.18003	-0.437264	1.42689	1.915	0.218102	1.26668
866	g	-71	21	400	0.675239	-1.25562	-0.342063	1.46613	0	1.42567
867	g	-71	21	378	0.750092	-1.46911	0.678449	1.78359	0	1.64952
868	g	-71	21	390	0.265584	0.277721	1.03183	1.10106	0	0.38427
869	g	-71	21	386	-0.467857	-0.183242	6.55814	6.57736	0	0.502461
870	ud_1	-71	2103	405	-0.0926931	-0.692668	42.5711	42.5839	0.77133	0.698958
871	Sigma+	83	3222	856	0.329399	-0.421601	-10.6109	10.6907	1.18937	0.538366
872	Sigmabar0	-83	-3212	856	0.0881067	-0.147845	-8.95678	9.03747	1.19264	0.173626
873	pi0	-83	111	856	0.112889	-0.458965	-2.10944	2.16595	0.13498	0.473565
874	pi-	83	-211	856	0.35564	0.323819	-3.45098	3.48713	0.13957	0.481363
875	K+	83	321	856	0.305697	-0.564586	-5.97294	6.0276	0.49368	0.644199
876	K-	83	-321	856	-0.0265375	-0.283677	-2.02989	2.1084	0.49368	0.293063
877	pi0	-83	111	856	-0.167053	-0.200786	-0.320652	0.435039	0.13498	0.274753
878	K*+	-83	323	856	0.713476	-0.143164	-5.0455	5.19328	0.991745	0.741341
879	K*bar0	-83	-313	856	0.0636559	-0.101898	-2.63046	2.7788	0.887666	0.12679
880	omega	-83	223	856	0.0287693	-0.60313	-1.35823	1.67897	0.780745	0.682043
881	rho-	-83	-213	856	0.445815	0.124322	-1.98152	2.18211	0.788023	0.496318
882	pi+	83	211	856	0.182746	-0.148068	-0.397244	0.482289	0.13957	0.245717
883	K*0	-83	313	856	0.525147	0.337408	-0.604791	1.22452	0.862587	0.87943
884	K-	83	-321	856	-0.584776	1.25527	0.489199	1.54942	0.49368	1.46094
885	rho+	-83	213	856	0.35275	0.238316	0.559662	0.990436	0.697505	0.599621
886	pi-	83	-211	856	-0.345885	0.422631	0.102169	0.572862	0.13957	0.563093
887	K+	83	321	856	-0.50826	1.13719	-0.582273	1.46092	0.49368	1.32346
888	K*-	-84	-323	856	-0.7259	-0.789831	1.00687	1.71864	0.888362	1.25313
889	rho0	-84	113	856	-0.110737	1.13835	0.45739	1.44941	0.763851	1.34578
890	omega	-84	223	856	0.0545826	-0.00811919	0.770478	1.10637	0.792066	0.0790378
891	p+	84	2212	856	0.0548363	-0.78741	1.45253	1.90085	0.93827	0.459597
892	nbar0	84	-2112	856	-0.385803	0.399214	1.44993	1.81474	0.93957	0.98489
893	eta	-84	221	856	-0.155575	-0.235758	0.713835	0.943125	0.54785	0.347013
894	pi-	84	-211	856	0.216109	-1.24253	0.482668	1.35758	0.13957	1.2679
895	pi+	84	211	856	0.0733253	0.00100176	-0.0322319	0.160923	0.13957	0.147321
896	pi-	84	-211	856	0.225126	0.0421194	2.2924	2.30803	0.13957	0.229452
897	pi+	84	211	856	-0.251241	-0.220092	2.07031	2.10172	0.13957	0.334748
898	omega	-84	223	856	-0.0147995	-0.582868	14.2528	14.2856	0.772584	0.58391
899	K0	-84	311	856	0.372489	0.330617	4.1927	4.2514	0.49761	0.501499
900	Sigma*+	-84	3224	856	-0.387563	-0.375626	14.3798	14.4585	1.40743	0.542298
901	pi-	84	-211	856	-0.0350542	-0.0546823	11.3611	11.3621	0.13957	0.0649584
902	n0	91	2112	501	0.159409	-0.014476	60.5443	60.5518	0.93957	0.1576
903	pi+	91	211	501	0.0513433	-0.12742	4.44611	4.45042	0.13957	0.137443
904	p+	91	2212	506	1.07453	0.904497	-17.1241	17.2072	0.93827	1.32993
905	pi0	-91	111	506	0.463845	0.751338	-9.79304	9.83369	0.13498	0.883067
906	p+	91	2212	512	0.196204	0.10381	-42.2311	42.2421	0.93827	0.217098
907	pi0	-91	111	512	0.141818	-0.0674252	-3.97071	3.97611	0.13498	0.157121
908	pi-	91	-211	516	-0.14028	-0.771234	0.824428	1.14614	0.13957	0.789765
909	pi0	-91	111	516	0.57305	-0.373408	0.152424	0.713634	0.13498	0.696547
910	p+	91	2212	518	-0.00566005	0.390156	-43.091	43.103	0.93827	0.381793
911	pi-	91	-211	518	-0.229454	-0.278875	-14.772	14.777	0.13957	0.361154
912	K_L0	91	130	520	0.161905	-0.353305	15.0781	15.0914	0.49761	0.388847
913	n0	91	2112	530	-0.0839544	-0.182005	32.8774	32.8915	0.93957	0.194789
914	pi0	-91	111	530	-0.129749	0.173123	7.90278	7.90689	0.13498	0.216379
915	p+	91	2212	535	0.469515	-0.18233	-54.4431	54.4536	0.93827	0.49507
916	pi0	-91	111	535	-0.197004	0.0138455	-8.70858	8.71187	0.13498	0.197514
917	K_S0	91	310	550	0.0859106	-0.169315	-1.22512	1.33588	0.49761	0.204587
918	Kbar0	-91	-311	557	-0.379034	0.22802	21.4611	21.4715	0.49761	0.442453
919	pi-	91	-211	557	-0.214789	-0.375239	8.12341	8.1361	0.13957	0.432427
920	p+	91	2212	561	0.389417	0.112383	8.1956	8.25908	0.93827	0.361605
921	pi+	91	211	561	0.216138	-0.00852556	0.717869	0.76263	0.13957	0.220022
922	K+	91	321	570	0.607716	-0.028969	-1.51943	1.70955	0.49368	0.63548
923	pi-	91	-211	570	-0.0572102	-0.0574931	-0.0463186	0.167939	0.13957	0.145834
924	Lambda0	91	3122	571	0.0566648	-0.814356	-8.39988	8.51287	1.11568	0.715511
925	pi0	-91	111	571	-0.122375	0.074186	-1.48874	1.50168	0.13498	0.143687
926	nbar0	91	-2112	577	0.260302	0.048313	-0.832158	1.28272	0.93957	0.673737
927	pi0	-91	111	577	0.289554	0.385217	-0.142752	0.520415	0.13498	0.498982
928	K_S0	91	310	582	0.750189	-0.812022	-0.660762	1.38072	0.49761	1.18516
929	pi+	91	211	589	0.110972	0.438935	-13.9339	13.9419	0.13957	0.452768
930	pi0	-91	111	589	-0.2733	-0.326151	-13.0746	13.0822	0.13498	0.425542
931	p+	91	2212	608	0.070517	-0.0555715	-6.05963	6.1325	0.93827	0.0769516
932	pi0	-91	111	608	0.245031	-0.0830184	-1.69201	1.71699	0.13498	0.259515
933	nbar0	91	-2112	610	0.080007	-0.299929	-0.734464	1.23231	0.93957	0.845517
934	pi-	91	-211	610	-0.286763	-0.0877874	-0.0613883	0.336434	0.13957	0.3296
935	pi+	91	211	616	-0.357128	0.24646	1.01401	1.11175	0.13957	0.437376
936	pi-	91	-211	616	0.394195	0.0387165	0.674735	0.794755	0.13957	0.402345
937	pi+	91	211	636	-0.0386298	0.0835478	-0.546917	0.5719	0.13957	0.0949161
938	pi0	-91	111	636	-0.0619281	-0.455998	-0.943728	1.05859	0.13498	0.463971
939	p+	91	2212	645	-0.0110254	-0.0890899	3.97545	4.08566	0.93827	0.071053
940	pi0	-91	111	645	0.324911	0.38011	1.38984	1.48321	0.13498	0.502134
941	pi+	91	211	652	0.345192	0.453961	-3.00923	3.06597	0.13957	0.570888
942	pi0	-91	111	652	-0.31537	0.14016	-1.06029	1.12318	0.13498	0.347633
943	pi+	91	211	654	0.0455952	-0.41874	0.27233	0.52064	0.13957	0.437218
944	pi-	91	-211	654	0.995949	0.0529213	0.513324	1.13035	0.13957	1.00504
945	K-	91	-321	656	0.222628	-0.412069	2.5243	2.61441	0.49368	0.476943
946	pi0	-91	111	656	0.0925394	-0.0181919	0.0284576	0.167104	0.13498	0.15998
947	n0	91	2112	657	0.678577	-0.159518	1.05191	1.57329	0.93957	0.35006
948	pi0	-91	111	657	0.0910924	0.112897	0.699453	0.726979	0.13498	0.147631
949	pi-	91	-211	672	-0.0169115	0.0549809	0.13103	0.199894	0.13957	0.0803525
950	pi0	-91	111	672	0.400705	-0.0647061	4.03181	4.05444	0.13498	0.406121
951	pi+	91	211	674	0.264528	0.209662	1.15014	1.20674	0.13957	0.339821
952	pi-	91	-211	674	-0.400667	-0.102582	0.769992	0.885113	0.13957	0.41883
953	pi+	91	211	677	-0.103296	0.287021	-0.0199411	0.336049	0.13957	0.335333
954	pi-	91	-211	677	0.339919	-0.224306	0.0342776	0.431872	0.13957	0.43035
955	K_S0	91	310	680	0.0574478	0.121454	0.790172	0.943419	0.49761	0.158143
956	p+	91	2212	682	-0.412452	-0.449253	18.9917	19.0246	0.93827	0.580501
957	pi-	91	-211	682	0.0778501	0.0991737	11.3625	11.364	0.13957	0.126089
958	K_L0	91	130	688	0.0473737	-0.857023	-15.4123	15.4442	0.49761	0.858778
959	K_L0	91	130	689	-0.316976	0.267685	-0.724902	0.972228	0.49761	0.482935
960	pi-	91	-211	690	-0.016908	-0.394031	-1.33593	1.3999	0.13957	0.396369
961	pi0	-91	111	690	0.0738837	0.0163853	0.0415639	0.160232	0.13498	0.140445
962	n0	91	2112	699	0.527481	0.0244285	-3.36065	3.52925	0.93957	0.401975
963	pi0	-91	111	699	-0.147419	0.0709772	-0.837103	0.863557	0.13498	0.165652
964	pi-	91	-211	705	-0.642997	0.183075	-1.1175	1.30967	0.13957	0.672381
965	pi0	-91	111	705	0.220538	-0.132018	-0.298947	0.416719	0.13498	0.27168
966	pi+	91	211	706	-0.466159	-0.113359	0.180685	0.531302	0.13957	0.497207
967	pi0	-91	111	706	-0.36006	0.181447	-0.36705	0.561704	0.13498	0.415366
968	pi+	91	211	707	-0.134165	0.148546	-0.173674	0.299514	0.13957	0.226229
969	pi-	91	-211	707	0.546454	0.123349	0.0789422	0.582699	0.13957	0.576998
970	p+	91	2212	710	-0.29612	-0.324206	7.12493	7.19985	0.93827	0.38515
971	pi+	91	211	710	0.227098	0.157072	2.38684	2.40681	0.13957	0.27659
972	pi-	91	-211	717	-0.196194	0.200434	5.40829	5.41735	0.13957	0.280568
973	pi0	-91	111	717	0.462153	-0.0864513	6.92865	6.94589	0.13498	0.470258
974	Lambda0	91	3122	719	-0.357515	0.372331	0.688323	1.40889	1.11568	0.175915
975	pi0	-91	111	719	-0.0250793	-0.0154339	0.408267	0.431009	0.13498	0.0310077
976	Sigmabar-	91	-3222	721	-0.673739	0.198925	0.592296	1.50297	1.18937	1.14905
977	pi+	91	211	721	-0.105687	0.165379	0.240198	0.34014	0.13957	0.215218
978	pi-	91	-211	723	-0.911111	0.407011	-0.646858	1.19737	0.13957	1.00474
979	pi0	-91	111	723	0.114384	-0.128152	-0.980908	1.00494	0.13498	0.173346
980	pbar-	91	-2212	736	-0.383032	0.386836	2.84982	3.04929	0.93827	0.748194
981	pi+	91	211	736	0.279586	-0.0307573	0.361046	0.478486	0.13957	0.294061
982	pi+	91	211	740	0.190044	0.194284	-0.166214	0.347807	0.13957	0.296716
983	pi0	-91	111	740	0.0113175	0.52988	-1.97891	2.0531	0.13498	0.53115
984	pbar-	91	-2212	743	-0.120671	-0.158484	-9.93949	9.98567	0.93827	0.21888
985	pi+	91	211	743	0.00855892	-0.0656081	-9.83556	9.83678	0.13957	0.0661707
986	pbar-	91	-2212	757	-0.762717	-0.144745	8.14433	8.23488	0.93827	0.870452
987	pi0	-91	111	757	-0.2148	0.199562	1.82432	1.85265	0.13498	0.293977
988	K+	91	321	761	-0.12455	0.583262	0.766244	1.08929	0.49368	0.669071
989	pi0	-91	111	761	0.0161519	0.0108996	-0.106399	0.172974	0.13498	0.0311596
990	K-	91	-321	763	0.604545	0.0944354	-1.10388	1.35523	0.49368	0.65702
991	pi+	91	211	763	-0.121116	0.017952	-0.0796852	0.202042	0.13957	0.169337
992	pi+	91	211	768	-0.307372	-0.383798	-4.50021	4.52915	0.13957	0.491944
993	pi-	91	-211	768	0.217901	0.683698	-3.734	3.80488	0.13957	0.718065
994	pi-	91	-211	781	0.0745338	0.0354462	0.176509	0.239681	0.13957	0.101522
995	pi0	-91	111	781	-0.578262	-0.744027	1.9793	2.19632	0.13498	0.944102
996	pi+	91	211	782	0.142561	-0.900557	2.83225	2.97866	0.13957	0.912774
997	pi0	-91	111	782	0.198095	0.0365758	0.393199	0.461957	0.13498	0.210635
998	pi+	91	211	784	-0.0146338	0.385424	0.365605	0.549466	0.13957	0.398781
999	pi-	91	-211	784	0.281609	-0.224292	2.61898	2.64729	0.13957	0.360516
1000	pi-	91	-211	785	0.117531	0.268778	0.628492	0.707486	0.13957	0.299233
1001	pi0	-91	111	785	-0.3312	-0.153791	1.83136	1.87228	0.13498	0.366117
1002	K_S0	91	310	787	-0.247932	-0.134736	-0.168881	0.596457	0.49761	0.511798
1003	pi-	91	-211	789	0.209881	0.28537	-6.38861	6.39995	0.13957	0.354325
1004	pi0	-91	111	789	0.3963	0.017567	-2.3739	2.4106	0.13498	0.397312
1005	pi+	91	211	792	-0.424511	-0.0756687	-1.32146	1.39702	0.13957	0.43337
1006	pi0	-91	111	792	0.638056	0.0625212	-3.19491	3.26139	0.13498	0.641661
1007	K_L0	91	130	793	-0.0846917	0.202893	-0.75835	0.9333	0.49761	0.259879
1008	Kbar0	-91	-311	794	0.136515	0.130485	-0.91631	1.05967	0.49761	0.213896
1009	pi-	91	-211	794	-0.0283253	-0.293927	-1.14066	1.1865	0.13957	0.297353
1010	pi+	91	211	814	-0.722307	-0.0531305	-4.63892	4.69719	0.13957	0.724578
1011	pi-	91	-211	814	0.0907513	-0.0848983	-0.487216	0.521827	0.13957	0.128971
1012	pi+	91	211	816	-0.180474	-0.114992	-0.366838	0.447039	0.13957	0.225255
1013	pi-	91	-211	816	0.206315	-0.267333	-3.7131	3.73103	0.13957	0.337924
1014	pi+	91	211	817	-0.367837	-0.263423	0.138911	0.493428	0.13957	0.471696
1015	pi-	91	-211	817	0.356408	0.0650324	-0.263347	0.469134	0.13957	0.379475
1016	pi-	91	-211	820	-0.213801	-0.20676	0.791394	0.856881	0.13957	0.301449
1017	pi0	-91	111	820	0.351762	0.160386	0.379107	0.558033	0.13498	0.398432
1018	pi+	91	211	827	-0.327905	0.0979577	5.41782	5.43042	0.13957	0.342337
1019	pi-	91	-211	827	0.465246	-0.419812	3.84266	3.89592	0.13957	0.627057
1020	Kbar0	-91	-311	844	1.14273	-0.233254	-7.35029	7.45886	0.49761	1.1689
1021	pi-	91	-211	844	0.149105	0.0963114	-3.40268	3.41016	0.13957	0.177654
1022	pi+	91	211	846	0.336916	-0.312959	-1.25883	1.34744	0.13957	0.46233
1023	pi-	91	-211	846	0.146888	0.0655259	0.0267455	0.214627	0.13957	0.21172
1024	pi+	91	211	850	-0.741859	0.220485	0.398664	0.881692	0.13957	0.783813
1025	pi0	-91	111	850	-0.0637212	-0.221317	0.256738	0.370372	0.13498	0.247317
1026	pi+	91	211	851	0.157333	-0.226346	2.47	2.48925	0.13957	0.276091
1027	pi-	91	-211	851	-0.264904	0.336724	4.56362	4.58582	0.13957	0.428634
1028	pi-	91	-211	852	0.150947	0.27649	0.332754	0.478995	0.13957	0.3293
1029	pi0	-91	111	852	0.154613	0.253431	2.10606	2.13116	0.13498	0.297469
1030	n0	91	2112	854	0.172428	-0.0112172	15.2765	15.3064	0.93957	0.162492
1031	pi-	91	-211	854	-0.0363606	0.111284	10.6891	10.6906	0.13957	0.117083
1032	K0	-91	311	878	0.437963	0.220962	-2.20911	2.31698	0.49761	0.502266
1033	pi+	91	211	878	0.275513	-0.364126	-2.83639	2.87629	0.13957	0.457151
1034	Kbar0	-91	-311	879	0.215802	0.15748	-1.58623	1.68378	0.49761	0.279644
1035	pi0	-91	111	879	-0.152146	-0.259379	-1.04423	1.09502	0.13498	0.30302
1036	pi-	91	-211	881	-0.0369198	-0.219447	-0.326737	0.419234	0.13957	0.235993
1037	pi0	-91	111	881	0.482734	0.343769	-1.65478	1.76288	0.13498	0.594374
1038	K+	91	321	883	0.205835	0.156947	-0.617498	0.83188	0.49368	0.321598
1039	pi-	91	-211	883	0.319311	0.180461	0.0127069	0.392641	0.13957	0.392406
1040	pi+	91	211	885	-0.0377027	-0.00409006	-0.0995481	0.175579	0.13957	0.0625064
1041	pi0	-91	111	885	0.390453	0.242406	0.659211	0.814857	0.13498	0.466019
1042	K-	91	-321	888	-0.48647	-0.86445	0.804896	1.36949	0.49368	1.06343
1043	pi0	-91	111	888	-0.239431	0.0746198	0.201973	0.349153	0.13498	0.271932
1044	pi+	91	211	889	-0.3671	0.321574	0.185384	0.540388	0.13957	0.505169
1045	pi-	91	-211	889	0.256363	0.816777	0.272006	0.909018	0.13957	0.866337
1046	K_L0	91	130	899	0.372489	0.330617	4.1927	4.2514	0.49761	0.501499
1047	Lambda0	91	3122	900	-0.460864	-0.170016	10.5873	10.6572	1.11568	0.442229
1048	pi+	91	211	900	0.0733003	-0.20561	3.79249	3.80133	0.13957	0.218433
1049	K_S0	91	310	918	-0.379034	0.22802	21.4611	21.4715	0.49761	0.442453
1050	K_S0	91	310	1008	0.136515	0.130485	-0.91631	1.05967	0.49761	0.213896
1051	K_S0	91	310	1020	1.14273	-0.233254	-7.35029	7.45886	0.49761	1.1689
1052	K_S0	91	310	1032	0.437963	0.220962	-2.20911	2.31698	0.49761	0.502266
1053	K_S0	91	310	1034	0.215802	0.15748	-1.58623	1.68378	0.49761	0.279644
1054	gamma	91	22	499	0.00830951	0.108241	0.181358	0.211367	0	0.10856
1055	gamma	91	22	499	-0.0488134	0.222693	0.891158	0.919858	0	0.22798
1056	gamma	91	22	519	-0.0305776	0.0551192	-1.52947	1.53077	0	0.0630327
1057	gamma	91	22	519	0.0285394	-0.0151134	-5.59299	5.59308	0	0.0322941
1058	gamma	91	22	524	0.0781188	0.120513	1.40247	1.4098	0	0.143618
1059	gamma	91	22	524	0.14104	0.038237	0.787058	0.800509	0	0.146131
1060	gamma	91	22	528	0.388576	-0.127497	1.1028	1.17619	0	0.408959
1061	gamma	91	22	528	0.0488268	-0.0789205	0.278407	0.293467	0	0.0928035
1062	pi+	91	211	529	-0.0673516	0.0154141	0.362016	0.394093	0.13957	0.0738814
1063	pi-	91	-211	529	-0.0213346	0.0666867	0.813417	0.828269	0.13957	0.0710321
1064	pi0	-91	111	529	-0.151628	-0.58232	1.66686	1.77728	0.13498	0.603481
1065	gamma	91	22	533	0.138209	0.00384596	10.4972	10.4981	0	0.138262
1066	gamma	91	22	533	0.236817	-0.125388	32.8039	32.805	0	0.267963
1067	gamma	91	22	539	-0.0770076	0.408125	-2.49713	2.53143	0	0.415327
1068	gamma	91	22	539	0.364676	0.182381	-4.30391	4.32319	0	0.40774
1069	pi0	-91	111	540	-0.540549	0.15309	-7.46202	7.48436	0.13498	0.561901
1070	pi0	-91	111	540	-0.255052	-0.0168508	-3.98442	3.99489	0.13498	0.255754
1071	pi0	-91	111	540	-0.272335	-0.0982063	-5.97382	5.98236	0.13498	0.289575
1072	pi+	91	211	547	0.0446051	-0.0354832	-0.0482598	0.158296	0.13957	0.120808
1073	pi-	91	-211	547	0.837488	-0.176292	0.487502	0.994788	0.13957	0.864391
1074	pi0	-91	111	547	0.331693	0.11849	0.111259	0.393266	0.13498	0.375002
1075	gamma	91	22	552	0.0237768	-0.0268191	-1.20127	1.20181	0	0.0358413
1076	gamma	91	22	552	0.598895	-0.0793923	-11.2632	11.2794	0	0.604134
1077	gamma	91	22	576	0.0197797	-0.089724	-0.00911988	0.0923298	0	0.0918783
1078	gamma	91	22	576	0.216702	-0.445529	-0.362417	0.613841	0	0.495435
1079	gamma	91	22	578	-0.0716185	-0.00373262	-0.0469985	0.0857438	0	0.0717157
1080	gamma	91	22	578	-0.195787	0.216908	-0.075764	0.301864	0	0.292201
1081	gamma	91	22	584	0.0518467	0.243465	0.211495	0.326639	0	0.248924
1082	gamma	91	22	584	-0.0308108	0.0198782	-0.0017123	0.0367067	0	0.0366668
1083	pi0	-91	111	591	-0.0408508	-0.0297682	-0.400669	0.425805	0.13498	0.053295
1084	pi0	-91	111	591	-0.00228828	-0.0499538	-0.529388	0.548609	0.13498	0.0515921
1085	pi0	-91	111	591	-0.26911	-0.0241103	-0.400079	0.501283	0.13498	0.28055
1086	gamma	91	22	594	-0.0454096	-0.119915	-0.7901	0.800438	0	0.128225
1087	gamma	91	22	594	-0.415708	-0.375483	-4.14618	4.18385	0	0.560179
1088	pi+	91	211	600	-0.486762	-0.168556	0.730295	0.904521	0.13957	0.521364
1089	pi-	91	-211	600	-0.337284	0.163419	0.895591	0.980831	0.13957	0.378642
1090	pi0	-91	111	600	-1.28051	0.101959	2.22245	2.57053	0.13498	1.28633
1091	gamma	91	22	602	0.00636795	-0.0194978	-0.0402301	0.0451573	0	0.0205113
1092	gamma	91	22	602	-0.0586877	-1.14357	-0.790384	1.39137	0	1.14508
1093	gamma	91	22	607	-0.104166	0.108933	-0.630479	0.648245	0	0.150722
1094	gamma	91	22	607	-0.237068	-0.575378	-4.86199	4.90166	0	0.622303
1095	gamma	91	22	615	0.015165	0.0421856	-0.00919519	0.0457619	0	0.0448286
1096	gamma	91	22	615	0.174149	0.0674675	0.205496	0.277684	0	0.186761
1097	gamma	91	22	617	0.034672	-0.060626	0.0632935	0.0942536	0	0.0698403
1098	gamma	91	22	617	-0.0524183	-0.0460439	-0.0397456	0.0802959	0	0.0697691
1099	pi0	-91	111	618	0.00765207	-0.216218	-0.0296727	0.256727	0.13498	0.254346
1100	gamma	91	22	618	-0.031245	0.625951	0.149877	0.644402	0	0.62673
1101	gamma	91	22	620	-0.202944	0.0642881	0.156394	0.264156	0	0.212883
1102	gamma	91	22	620	-0.00738843	0.0707291	0.0480834	0.085844	0	0.0711139
1103	pi0	-91	111	631	0.218403	-0.483297	2.25468	2.32014	0.13498	0.531255
1104	pi0	-91	111	631	0.112199	-0.196981	0.723638	0.770235	0.13498	0.230258
1105	pi0	-91	111	631	-0.0541293	-0.231974	0.892831	0.933868	0.13498	0.240733
1106	gamma	91	22	635	0.797943	0.415511	-1.39221	1.65759	0	0.899646
1107	gamma	91	22	635	0.192873	0.146319	-0.490492	0.546984	0	0.242094
1108	pi+	91	211	642	0.259375	-0.283868	-0.0544127	0.41267	0.13957	0.4086
1109	pi-	91	-211	642	0.0800546	-0.365117	-0.522135	0.657133	0.13957	0.382517
1110	pi0	-91	111	642	0.213812	0.0145081	-0.226152	0.339544	0.13498	0.233551
1111	gamma	91	22	643	-0.350819	-0.347814	-0.260995	0.558719	0	0.494013
1112	gamma	91	22	643	-0.147008	-0.083148	-0.170616	0.240072	0	0.168894
1113	gamma	91	22	646	-0.135009	-0.0697386	1.42297	1.43106	0	0.151957
1114	gamma	91	22	646	-0.198267	-0.192483	4.63924	4.64746	0	0.276332
1115	gamma	91	22	651	-0.392331	-0.371443	-1.28955	1.39816	0	0.540271
1116	gamma	91	22	651	-0.0602303	-0.140815	-0.469801	0.494135	0	0.153156
1117	gamma	91	22	658	-0.0379533	0.145843	0.826912	0.840532	0	0.150701
1118	gamma	91	22	658	-0.0108961	-0.294396	7.54127	7.54702	0	0.294598
1119	gamma	91	22	667	-0.0282016	-0.0919777	2.03933	2.04159	0	0.0962041
1120	gamma	91	22	667	-0.177713	-0.0610113	2.60207	2.60885	0	0.187895
1121	gamma	91	22	670	0.0620032	-0.261423	2.1407	2.15749	0	0.268675
1122	gamma	91	22	670	0.0723501	-0.159374	0.771354	0.790962	0	0.175028
1123	pi+	91	211	675	-0.090325	0.196061	0.170076	0.308227	0.13957	0.24211
1124	pi-	91	-211	675	-0.201259	0.0561699	0.091199	0.267315	0.13957	0.244996
1125	pi0	-91	111	675	-0.142518	-0.308354	0.346217	0.503467	0.13498	0.352605
1126	pi+	91	211	679	-0.096371	-0.092474	-0.0104816	0.193464	0.13957	0.192871
1127	pi-	91	-211	679	-0.109307	0.318418	0.244849	0.439055	0.13957	0.355076
1128	pi0	-91	111	679	0.116686	-0.00283504	-0.0878118	0.198882	0.13498	0.158928
1129	pi+	91	211	686	-0.146284	-0.135062	-13.4676	13.4697	0.13957	0.199111
1130	pi-	91	-211	686	-0.171741	0.182197	-3.59189	3.60331	0.13957	0.250569
1131	pi0	-91	111	686	-0.270058	0.0347389	-6.72357	6.73044	0.13498	0.272338
1132	gamma	91	22	687	0.0243322	0.0686436	-4.7794	4.77995	0	0.0728285
1133	gamma	91	22	687	-0.00710775	-0.0613701	-2.9592	2.95984	0	0.0617803
1134	gamma	91	22	692	0.375962	0.308518	-0.640219	0.803997	0	0.486344
1135	gamma	91	22	692	0.0475419	0.119234	-0.216827	0.251974	0	0.128363
1136	pi+	91	211	693	-0.0300387	0.107447	-0.0126349	0.179127	0.13957	0.17799
1137	pi-	91	-211	693	-0.714625	-0.426065	-0.17893	0.86239	0.13957	0.843113
1138	pi0	-91	111	693	-0.312132	-0.0994103	-0.148999	0.384355	0.13498	0.349864
1139	gamma	91	22	703	-0.115341	-0.107749	-0.345601	0.379939	0	0.15784
1140	gamma	91	22	703	-0.185044	-0.491484	-1.29862	1.40079	0	0.525165
1141	pi0	-91	111	704	-0.100951	0.33376	-3.19977	3.22154	0.13498	0.349
1142	gamma	91	22	704	-0.136923	-0.109164	-0.138347	0.223169	0	0.175113
1143	pi0	-91	111	709	-0.0716979	-0.264746	1.50969	1.54033	0.13498	0.275342
1144	pi0	-91	111	709	-0.176605	-0.0268949	0.822228	0.852168	0.13498	0.180925
1145	pi0	-91	111	709	-0.0912454	-0.00313876	1.08323	1.09542	0.13498	0.0920005
1146	pi+	91	211	711	0.00596744	0.00180969	1.31555	1.32295	0.13957	0.00627081
1147	pi-	91	-211	711	-0.160872	-0.00626136	1.99355	2.0049	0.13957	0.161386
1148	pi0	-91	111	711	-0.00388132	0.637262	8.83308	8.85707	0.13498	0.637348
1149	pi+	91	211	716	0.0282761	0.0167957	2.57616	2.58014	0.13957	0.0329364
1150	pi-	91	-211	716	-0.029033	0.12657	8.95889	8.96092	0.13957	0.129872
1151	pi0	-91	111	716	-0.47849	0.498632	11.8453	11.8662	0.13498	0.691121
1152	pi+	91	211	725	0.117375	0.00131877	-0.140488	0.230207	0.13957	0.147605
1153	pi-	91	-211	725	-0.0814349	-0.08343	-0.175787	0.252929	0.13957	0.139796
1154	pi0	-91	111	725	-0.370468	-0.0182098	-1.22323	1.28533	0.13498	0.372977
1155	gamma	91	22	731	0.338101	-0.295655	0.260454	0.519193	0	0.449138
1156	gamma	91	22	731	0.154621	-0.281028	0.158498	0.357779	0	0.320756
1157	pi+	91	211	732	-0.401408	-0.228406	1.15169	1.24866	0.13957	0.464754
1158	pi-	91	-211	732	-0.462398	-0.170789	0.417276	0.660742	0.13957	0.50431
1159	pi0	-91	111	732	0.0211484	-0.113126	0.249936	0.306484	0.13498	0.128187
1160	gamma	91	22	739	-0.0539275	-0.0374007	-0.0763081	0.100647	0	0.0656277
1161	gamma	91	22	739	0.0601083	-0.0391985	0.00144696	0.0717748	0	0.0717602
1162	pi0	-91	111	756	-0.551378	0.55815	7.18697	7.23093	0.13498	0.784706
1163	gamma	91	22	756	0.172271	-0.0570783	0.903187	0.921239	0	0.18148
1164	pi+	91	211	759	0.247127	-0.0114414	0.949479	0.991056	0.13957	0.249882
1165	pi-	91	-211	759	0.0305685	-0.394226	1.76625	1.81534	0.13957	0.396583
1166	pi0	-91	111	759	0.316665	-0.645492	2.67179	2.77013	0.13498	0.719839
1167	gamma	91	22	760	0.399227	0.759595	1.10798	1.40142	0	0.858118
1168	gamma	91	22	760	-0.0511016	-0.0267627	0.350063	0.354784	0	0.0576855
1169	K_L0	91	130	762	-0.0171424	0.293087	-0.144255	0.595499	0.49761	0.534466
1170	K_S0	91	310	762	0.0715063	0.347576	-0.397211	0.728913	0.49761	0.485622
1171	gamma	91	22	764	-0.184477	0.27414	-2.30525	2.32881	0	0.330431
1172	gamma	91	22	764	0.0801527	-0.193229	-0.784701	0.812107	0	0.209193
1173	gamma	91	22	765	-0.141409	0.167279	-2.01642	2.02829	0	0.219041
1174	gamma	91	22	765	-0.0348751	0.011986	-1.26053	1.26107	0	0.0368773
1175	pi+	91	211	767	-0.165941	0.153498	-1.10974	1.1411	0.13957	0.227759
1176	pi-	91	-211	767	-0.0793346	-0.0182116	-1.25374	1.26411	0.13957	0.0818988
1177	eta	-91	221	767	-0.0197009	0.187091	-2.0501	2.13036	0.54785	0.194673
1178	pi+	91	211	783	-0.175165	0.0242148	2.40801	2.41852	0.13957	0.177126
1179	pi-	91	-211	783	-0.240069	0.0495248	1.3665	1.39531	0.13957	0.24636
1180	pi0	-91	111	783	0.00200887	-0.0371125	0.848973	0.860439	0.13498	0.0376327
1181	pi0	-91	111	788	0.335923	0.199567	-0.0699273	0.419262	0.13498	0.412705
1182	gamma	91	22	788	0.27192	0.910578	0.780552	1.22978	0	0.950312
1183	pi+	91	211	797	0.256193	-0.070631	-4.2813	4.29181	0.13957	0.265891
1184	pi-	91	-211	797	0.125402	-0.179753	-1.41493	1.43859	0.13957	0.220211
1185	pi0	-91	111	797	0.217467	-0.139377	-0.796353	0.848007	0.13498	0.261634
1186	pi+	91	211	798	-0.282913	0.0317664	-4.63202	4.64286	0.13957	0.284819
1187	pi-	91	-211	798	-0.118463	-0.0423063	-1.40675	1.41924	0.13957	0.126403
1188	pi0	-91	111	798	0.199965	0.0525203	-4.78704	4.7934	0.13498	0.206829
1189	gamma	91	22	810	0.0720665	-0.0939189	-0.147236	0.188925	0	0.118382
1190	gamma	91	22	810	0.361161	-0.118171	-0.341779	0.511092	0	0.380002
1191	gamma	91	22	811	-0.135312	0.180364	-0.177179	0.286763	0	0.225478
1192	gamma	91	22	811	-0.155058	0.401	-0.543287	0.692823	0	0.429935
1193	gamma	91	22	812	0.0273686	0.0121715	-0.967209	0.967673	0	0.029953
1194	gamma	91	22	812	0.510869	0.280733	-7.06449	7.0885	0	0.582922
1195	pi+	91	211	815	-0.00416726	0.105463	-0.650655	0.673774	0.13957	0.107885
1196	pi-	91	-211	815	0.440292	-0.194227	-1.92608	1.99018	0.13957	0.482416
1197	pi0	-91	111	815	0.434136	0.147817	-1.32577	1.40933	0.13498	0.460729
1198	pi+	91	211	818	0.0569478	0.277612	0.281386	0.423048	0.13957	0.300201
1199	pi-	91	-211	818	0.170142	0.0100537	0.0330498	0.222759	0.13957	0.218685
1200	pi0	-91	111	818	-0.161382	0.203597	-0.0961103	0.308144	0.13498	0.289002
1201	gamma	91	22	819	-0.250661	-0.210681	0.650493	0.728257	0	0.32744
1202	gamma	91	22	819	-0.149564	-0.15322	0.233045	0.316473	0	0.214116
1203	gamma	91	22	823	-0.19004	0.272329	2.59101	2.61221	0	0.332082
1204	gamma	91	22	823	-0.0642936	-0.107745	0.133107	0.182921	0	0.12547
1205	gamma	91	22	824	0.121565	0.195748	0.872006	0.901937	0	0.230424
1206	gamma	91	22	824	0.0838342	-0.183233	4.00336	4.00842	0	0.201501
1207	gamma	91	22	826	0.0889365	-0.225843	2.21632	2.22957	0	0.242723
1208	gamma	91	22	826	-0.463563	-0.0316882	3.33687	3.36907	0	0.464645
1209	Lambda0	91	3122	838	-0.22553	-1.20941	-0.239067	1.67792	1.11568	0.551921
1210	gamma	91	22	838	0.0326926	-0.0140198	0.0393458	0.0530419	0	0.0355719
1211	Lambdabar0	91	-3122	839	-0.347627	-0.57762	-1.13346	1.72742	1.11568	1.45337
1212	gamma	91	22	839	-0.00274756	0.0140883	0.0263282	0.0299868	0	0.0143537
1213	pi+	91	211	841	-0.0901644	0.205458	-2.19721	2.21304	0.13957	0.224819
1214	pi-	91	-211	841	-0.0547863	0.139281	-0.274627	0.342492	0.13957	0.163895
1215	pi0	-91	111	841	0.0590328	-0.0608899	-1.31699	1.3266	0.13498	0.0852507
1216	gamma	91	22	848	-0.00886094	-0.0107857	-0.0719117	0.0732539	0	0.0139587
1217	gamma	91	22	848	0.297783	-0.0971393	-0.475273	0.569206	0	0.313226
1218	pi0	-91	111	849	0.585264	0.436852	0.533771	0.914606	0.13498	0.73841
1219	pi0	-91	111	849	0.0808181	0.0532379	0.0630791	0.177664	0.13498	0.148839
1220	pi0	-91	111	849	0.12115	0.0759761	0.169527	0.259632	0.13498	0.167405
1221	pi0	-91	111	855	0.0284054	0.117794	5.27081	5.27393	0.13498	0.12121
1222	pi0	-91	111	855	-0.21756	0.0995853	3.63937	3.64973	0.13498	0.239433
1223	eta	-91	221	855	-0.22856	0.262779	8.99119	9.0146	0.54785	0.348916
1224	Lambdabar0	91	-3122	872	0.146441	-0.171056	-8.62844	8.70318	1.11568	0.256157
1225	gamma	91	22	872	-0.0583339	0.0232109	-0.328346	0.334294	0	0.0627821
1226	gamma	91	22	873	-0.0243621	-0.141322	-0.71307	0.727347	0	0.143406
1227	gamma	91	22	873	0.137251	-0.317643	-1.39637	1.4386	0	0.346027
1228	gamma	91	22	877	-0.099825	-0.0993107	-0.267331	0.302148	0	0.140811
1229	gamma	91	22	877	-0.0672281	-0.101476	-0.053321	0.132891	0	0.121725
1230	pi+	91	211	880	-0.0494656	-0.242351	-0.63267	0.693493	0.13957	0.252515
1231	pi-	91	-211	880	0.172784	-0.0446086	-0.0664149	0.236082	0.13957	0.221255
1232	pi0	-91	111	880	-0.0945486	-0.31617	-0.659149	0.7494	0.13498	0.335491
1233	pi+	91	211	890	0.0965778	-0.0759722	0.0118206	0.186329	0.13957	0.185473
1234	pi-	91	-211	890	-0.0965827	-0.147028	0.187036	0.292246	0.13957	0.200222
1235	pi0	-91	111	890	0.0545875	0.214881	0.571621	0.627793	0.13498	0.227015
1236	gamma	91	22	893	-0.0211518	-0.283265	0.0823557	0.295752	0	0.284054
1237	gamma	91	22	893	-0.134423	0.0475074	0.631479	0.647373	0	0.142571
1238	pi0	-91	111	898	0.244931	-0.503374	5.8118	5.84026	0.13498	0.55995
1239	gamma	91	22	898	-0.259731	-0.0794945	8.44102	8.44538	0	0.271623
1240	gamma	91	22	905	0.133338	0.137758	-2.55182	2.55901	0	0.19172
1241	gamma	91	22	905	0.330507	0.613579	-7.24122	7.27468	0	0.696932
1242	gamma	91	22	907	0.00672052	0.0332005	-0.403073	0.404493	0	0.0338739
1243	gamma	91	22	907	0.135098	-0.100626	-3.56764	3.57161	0	0.168455
1244	gamma	91	22	909	0.121561	-0.149872	0.0530094	0.200122	0	0.192973
1245	gamma	91	22	909	0.45149	-0.223535	0.0994141	0.513512	0	0.503797
1246	gamma	91	22	914	-0.0139869	0.0329973	3.71242	3.71259	0	0.0358393
1247	gamma	91	22	914	-0.115762	0.140125	4.19036	4.1943	0	0.181758
1248	gamma	91	22	916	-0.118515	0.0655615	-6.29176	6.29322	0	0.135441
1249	gamma	91	22	916	-0.0784886	-0.0517161	-2.41682	2.41865	0	0.0939948
1250	gamma	91	22	925	-0.125851	0.059593	-0.751717	0.764505	0	0.139248
1251	gamma	91	22	925	0.00347632	0.0145931	-0.73702	0.737173	0	0.0150014
1252	gamma	91	22	927	0.0855275	0.153046	0.0100825	0.175612	0	0.175323
1253	gamma	91	22	927	0.204026	0.232171	-0.152835	0.344802	0	0.30908
1254	gamma	91	22	930	-0.149093	-0.0776538	-5.23334	5.23604	0	0.168103
1255	gamma	91	22	930	-0.124207	-0.248497	-7.84127	7.84619	0	0.27781
1256	gamma	91	22	932	0.0555469	-0.0479994	-0.85217	0.855327	0	0.0734125
1257	gamma	91	22	932	0.189484	-0.0350189	-0.839837	0.861659	0	0.192693
1258	gamma	91	22	938	0.0267079	-0.19139	-0.298389	0.355499	0	0.193245
1259	gamma	91	22	938	-0.088636	-0.264608	-0.645339	0.70309	0	0.279058
1260	gamma	91	22	940	0.191688	0.236712	1.02352	1.06788	0	0.304593
1261	gamma	91	22	940	0.133223	0.143398	0.366317	0.41533	0	0.195733
1262	gamma	91	22	942	-0.31536	0.132197	-0.901202	0.963895	0	0.341947
1263	gamma	91	22	942	-1.03945e-05	0.00796241	-0.159089	0.159289	0	0.00796242
1264	gamma	91	22	946	0.00665947	-0.0405089	0.0602002	0.0728655	0	0.0410526
1265	gamma	91	22	946	0.0858799	0.022317	-0.0317426	0.094239	0	0.0887322
1266	gamma	91	22	948	0.0186747	0.106266	0.553435	0.563854	0	0.107894
1267	gamma	91	22	948	0.0724177	0.00663132	0.146018	0.163124	0	0.0727207
1268	gamma	91	22	950	0.337802	-0.0601287	2.78866	2.80969	0	0.343112
1269	gamma	91	22	950	0.0629036	-0.0045774	1.24315	1.24475	0	0.0630699
1270	gamma	91	22	961	0.00296314	-0.0295257	-0.0352301	0.046062	0	0.029674
1271	gamma	91	22	961	0.0709206	0.0459111	0.0767941	0.11417	0	0.084484
1272	gamma	91	22	963	-0.101851	0.092077	-0.386474	0.410139	0	0.137302
1273	gamma	91	22	963	-0.0455674	-0.0210998	-0.450628	0.453418	0	0.0502154
1274	gamma	91	22	965	0.0119323	-0.00101998	-0.0982661	0.0989932	0	0.0119758
1275	gamma	91	22	965	0.208606	-0.130998	-0.200681	0.317726	0	0.246327
1276	gamma	91	22	967	-0.280105	0.121661	-0.342537	0.458903	0	0.305385
1277	gamma	91	22	967	-0.0799551	0.0597861	-0.0245127	0.102801	0	0.0998359
1278	gamma	91	22	973	0.13133	-0.0125495	1.20111	1.20833	0	0.131929
1279	gamma	91	22	973	0.330823	-0.0739018	5.72754	5.73756	0	0.338976
1280	gamma	91	22	975	0.00177778	-0.0693301	0.142174	0.158188	0	0.0693529
1281	gamma	91	22	975	-0.0268571	0.0538961	0.266093	0.272822	0	0.0602171
1282	gamma	91	22	979	-0.0224093	0.00598052	-0.177363	0.178873	0	0.0231936
1283	gamma	91	22	979	0.136793	-0.134133	-0.803545	0.826068	0	0.191583
1284	gamma	91	22	983	0.015624	0.325579	-1.44763	1.48387	0	0.325954
1285	gamma	91	22	983	-0.00430648	0.204301	-0.531285	0.569229	0	0.204347
1286	gamma	91	22	987	0.0130135	0.046172	0.250933	0.255477	0	0.0479708
1287	gamma	91	22	987	-0.227813	0.15339	1.57338	1.59717	0	0.27464
1288	gamma	91	22	989	-0.00896635	0.0700358	-0.0427803	0.0825564	0	0.0706074
1289	gamma	91	22	989	0.0251183	-0.0591362	-0.0636188	0.0904178	0	0.0642496
1290	gamma	91	22	995	-0.222313	-0.20113	0.547047	0.623809	0	0.299794
1291	gamma	91	22	995	-0.355949	-0.542897	1.43226	1.57251	0	0.649181
1292	gamma	91	22	997	0.167623	0.0116067	0.387229	0.422112	0	0.168024
1293	gamma	91	22	997	0.0304721	0.0249691	0.00596995	0.0398453	0	0.0393955
1294	gamma	91	22	1001	-0.278213	-0.0832458	1.56429	1.59102	0	0.2904
1295	gamma	91	22	1001	-0.0529877	-0.0705447	0.267071	0.281267	0	0.0882284
1296	gamma	91	22	1004	0.027441	0.0216557	-0.469588	0.470887	0	0.0349568
1297	gamma	91	22	1004	0.368859	-0.00408869	-1.90431	1.93971	0	0.368882
1298	gamma	91	22	1006	0.616746	0.0735437	-2.91389	2.97935	0	0.621115
1299	gamma	91	22	1006	0.0213096	-0.0110225	-0.281019	0.282041	0	0.0239915
1300	gamma	91	22	1017	0.0680647	0.0444835	0.0159711	0.0828653	0	0.0813116
1301	gamma	91	22	1017	0.283697	0.115902	0.363136	0.475168	0	0.306459
1302	gamma	91	22	1025	-0.0579478	-0.0568038	0.0227383	0.0842713	0	0.0811457
1303	gamma	91	22	1025	-0.00577338	-0.164513	0.234	0.286101	0	0.164615
1304	gamma	91	22	1029	-0.00818014	-0.0118417	0.0719236	0.0733495	0	0.0143923
1305	gamma	91	22	1029	0.162793	0.265273	2.03414	2.05781	0	0.311242
1306	gamma	91	22	1035	-0.163239	-0.183622	-0.882779	0.916331	0	0.245691
1307	gamma	91	22	1035	0.0110933	-0.0757568	-0.161454	0.178689	0	0.0765647
1308	gamma	91	22	1037	0.397348	0.28878	-1.49425	1.57292	0	0.491202
1309	gamma	91	22	1037	0.0853861	0.054989	-0.160531	0.18996	0	0.101561
1310	gamma	91	22	1041	0.258468	0.105603	0.469806	0.546512	0	0.279209
1311	gamma	91	22	1041	0.131985	0.136803	0.189405	0.268345	0	0.190092
1312	gamma	91	22	1043	-0.00504794	0.0121539	-0.0175949	0.0219722	0	0.0131605
1313	gamma	91	22	1043	-0.234383	0.0624659	0.219568	0.327181	0	0.242564
1314	gamma	91	22	1064	-0.0262612	-0.258367	0.561979	0.619083	0	0.259698
1315	gamma	91	22	1064	-0.125367	-0.323954	1.10488	1.15819	0	0.347366
1316	gamma	91	22	1069	-0.214476	0.0566819	-2.13465	2.14615	0	0.22184
1317	gamma	91	22	1069	-0.326073	0.0964082	-5.32737	5.33821	0	0.340026
1318	gamma	91	22	1070	0.00486584	-0.0087567	-0.0248751	0.0268165	0	0.0100178
1319	gamma	91	22	1070	-0.259918	-0.00809415	-3.95955	3.96808	0	0.260044
1320	gamma	91	22	1071	0.0133152	0.00312011	-0.466038	0.466239	0	0.0136759
1321	gamma	91	22	1071	-0.28565	-0.101326	-5.50779	5.51612	0	0.303089
1322	gamma	91	22	1074	0.045006	0.0254727	-0.0306659	0.0601232	0	0.0517146
1323	gamma	91	22	1074	0.286687	0.0930174	0.141924	0.333143	0	0.3014
1324	gamma	91	22	1083	-0.0872755	0.00283979	-0.235899	0.251542	0	0.0873217
1325	gamma	91	22	1083	0.0464247	-0.0326079	-0.164769	0.174263	0	0.0567321
1326	gamma	91	22	1084	-0.0281701	-0.0808345	-0.211331	0.22801	0	0.0856024
1327	gamma	91	22	1084	0.0258818	0.0308807	-0.318057	0.320599	0	0.0402925
1328	gamma	91	22	1085	-0.261068	-0.00309724	-0.295528	0.394338	0	0.261086
1329	gamma	91	22	1085	-0.0080427	-0.021013	-0.104551	0.106944	0	0.0224996
1330	gamma	91	22	1090	-0.172651	-0.00307363	0.220471	0.280044	0	0.172678
1331	gamma	91	22	1090	-1.10786	0.105033	2.00198	2.29048	0	1.11282
1332	gamma	91	22	1099	-0.0063142	-0.0498784	-0.0688632	0.0852635	0	0.0502765
1333	gamma	91	22	1099	0.0139663	-0.166339	0.0391905	0.171464	0	0.166925
1334	gamma	91	22	1103	0.0437551	-0.125363	0.351553	0.375792	0	0.13278
1335	gamma	91	22	1103	0.174648	-0.357934	1.90312	1.94435	0	0.39827
1336	gamma	91	22	1104	0.101981	-0.214811	0.697911	0.737308	0	0.237789
1337	gamma	91	22	1104	0.0102178	0.0178292	0.0257269	0.0329266	0	0.0205495
1338	gamma	91	22	1105	0.0442712	-0.0531014	0.20205	0.213551	0	0.0691354
1339	gamma	91	22	1105	-0.0984005	-0.178872	0.690781	0.720317	0	0.204152
1340	gamma	91	22	1110	0.130525	-0.0215599	-0.050079	0.141455	0	0.132294
1341	gamma	91	22	1110	0.0832864	0.0360679	-0.176073	0.198089	0	0.0907608
1342	gamma	91	22	1125	-0.0532083	-0.238411	0.282095	0.373161	0	0.244277
1343	gamma	91	22	1125	-0.08931	-0.0699422	0.0641215	0.130306	0	0.113438
1344	gamma	91	22	1128	-0.0223126	0.0279142	-0.0127197	0.0379321	0	0.0357359
1345	gamma	91	22	1128	0.138999	-0.0307492	-0.0750921	0.16095	0	0.142359
1346	gamma	91	22	1131	-0.129672	-0.0467503	-2.56974	2.57343	0	0.137842
1347	gamma	91	22	1131	-0.140386	0.0814892	-4.15383	4.157	0	0.162323
1348	gamma	91	22	1138	0.00160093	-0.0261978	0.00588088	0.0268975	0	0.0262467
1349	gamma	91	22	1138	-0.313733	-0.0732125	-0.15488	0.357458	0	0.322162
1350	gamma	91	22	1141	-0.0513571	0.221435	-2.5617	2.57176	0	0.227313
1351	gamma	91	22	1141	-0.0495938	0.112325	-0.638068	0.649775	0	0.122786
1352	gamma	91	22	1143	-0.0297333	-0.0527295	0.125148	0.13902	0	0.0605348
1353	gamma	91	22	1143	-0.0419646	-0.212017	1.38455	1.40131	0	0.21613
1354	gamma	91	22	1144	0.0086747	0.0214838	0.194698	0.196072	0	0.023169
1355	gamma	91	22	1144	-0.18528	-0.0483787	0.627529	0.656096	0	0.191492
1356	gamma	91	22	1145	-0.0957116	0.0356828	0.4713	0.482242	0	0.102147
1357	gamma	91	22	1145	0.00446618	-0.0388215	0.611934	0.61318	0	0.0390776
1358	gamma	91	22	1148	0.0197436	0.00928296	0.407938	0.408521	0	0.0218171
1359	gamma	91	22	1148	-0.0236249	0.627979	8.42514	8.44855	0	0.628423
1360	gamma	91	22	1151	-0.0970436	0.0966181	1.56337	1.56935	0	0.13694
1361	gamma	91	22	1151	-0.381447	0.402014	10.2819	10.2968	0	0.554181
1362	gamma	91	22	1154	-0.0253531	-0.0415779	-0.161153	0.168351	0	0.0486981
1363	gamma	91	22	1154	-0.345115	0.0233681	-1.06207	1.11698	0	0.345905
1364	gamma	91	22	1159	0.0578018	-0.00280868	0.0569621	0.0812012	0	0.05787
1365	gamma	91	22	1159	-0.0366534	-0.110317	0.192973	0.225282	0	0.116247
1366	gamma	91	22	1162	-0.0165723	-0.00637224	0.212265	0.213007	0	0.0177551
1367	gamma	91	22	1162	-0.534805	0.564523	6.9747	7.01792	0	0.777626
1368	gamma	91	22	1166	0.304093	-0.498124	2.14174	2.21983	0	0.583609
1369	gamma	91	22	1166	0.0125721	-0.147369	0.530051	0.5503	0	0.147904
1370	gamma	91	22	1177	0.0964229	0.246282	-1.94507	1.96297	0	0.264485
1371	gamma	91	22	1177	-0.116124	-0.0591905	-0.105025	0.167387	0	0.130339
1372	gamma	91	22	1180	0.0300933	-0.0457712	0.132669	0.143533	0	0.0547778
1373	gamma	91	22	1180	-0.0280844	0.00865878	0.716304	0.716907	0	0.0293889
1374	gamma	91	22	1181	0.130118	0.0210123	-0.0645073	0.146743	0	0.131804
1375	gamma	91	22	1181	0.205805	0.178555	-0.00541999	0.27252	0	0.272466
1376	gamma	91	22	1185	0.22385	-0.144084	-0.663447	0.714865	0	0.266213
1377	gamma	91	22	1185	-0.00638301	0.00470748	-0.132906	0.133142	0	0.00793116
1378	gamma	91	22	1188	-0.013942	-0.0149649	-0.256373	0.257187	0	0.0204531
1379	gamma	91	22	1188	0.213907	0.0674853	-4.53066	4.53621	0	0.2243
1380	gamma	91	22	1197	0.150375	0.113122	-0.617757	0.64578	0	0.188173
1381	gamma	91	22	1197	0.283761	0.0346953	-0.708009	0.763545	0	0.285874
1382	gamma	91	22	1200	-0.135371	0.220962	-0.0974231	0.276841	0	0.259133
1383	gamma	91	22	1200	-0.0260111	-0.0173656	0.00131278	0.0313028	0	0.0312753
1384	gamma	91	22	1215	0.0125801	0.0282132	-0.0835738	0.0891	0	0.0308908
1385	gamma	91	22	1215	0.0464527	-0.0891031	-1.23342	1.2375	0	0.100485
1386	gamma	91	22	1218	0.389118	0.303617	0.280639	0.567763	0	0.493555
1387	gamma	91	22	1218	0.196145	0.133235	0.253131	0.346843	0	0.237117
1388	gamma	91	22	1219	0.0539189	-0.0411817	0.0282344	0.0734871	0	0.0678467
1389	gamma	91	22	1219	0.0268992	0.0944195	0.0348447	0.104177	0	0.0981764
1390	gamma	91	22	1220	0.0292753	0.0906251	0.0481955	0.106737	0	0.0952363
1391	gamma	91	22	1220	0.0918749	-0.014649	0.121331	0.152895	0	0.0930354
1392	gamma	91	22	1221	0.0599764	0.119337	3.08276	3.08565	0	0.133561
1393	gamma	91	22	1221	-0.0315709	-0.0015434	2.18805	2.18828	0	0.0316086
1394	gamma	91	22	1222	-0.0381794	0.0666261	1.71845	1.72017	0	0.07679
1395	gamma	91	22	1222	-0.179381	0.0329592	1.92092	1.92956	0	0.182384
1396	gamma	91	22	1223	-0.238966	0.119555	8.46344	8.46766	0	0.267204
1397	gamma	91	22	1223	0.0104058	0.143225	0.527751	0.546939	0	0.143602
1398	gamma	91	22	1232	-0.0136038	-0.250511	-0.49521	0.555134	0	0.25088
1399	gamma	91	22	1232	-0.0809448	-0.065659	-0.163939	0.194266	0	0.104226
1400	gamma	91	22	1235	-0.0120202	0.169119	0.457912	0.488291	0	0.169545
1401	gamma	91	22	1235	0.0666077	0.0457622	0.11371	0.139502	0	0.0808132
1402	gamma	91	22	1238	0.0684866	-0.10276	0.812688	0.822017	0	0.123491
1403	gamma	91	22	1238	0.176445	-0.400613	4.99911	5.01824	0	0.437748
